tree
version=v4
num_class=1
num_tree_per_iteration=1
label_index=0
max_feature_idx=119
objective=regression_l1
feature_names=load_total_mw load_north_mw load_central_mw load_south_mw hydro_inflow_m3s hydro_total_discharge_m3s hydro_plant_discharge_m3s hydro_spill_discharge_m3s hydro_water_level_m disp_total_installed_mw disp_total_midday_mw disp_total_evening_mw disp_hydro_installed_mw disp_hydro_midday_mw disp_hydro_evening_mw disp_solar_installed_mw disp_solar_midday_mw disp_solar_evening_mw disp_wind_installed_mw disp_wind_midday_mw disp_wind_evening_mw temperature_hanoi humidity_hanoi cloud_cover_hanoi wind_speed_hanoi shortwave_radiation_hanoi direct_radiation_hanoi diffuse_radiation_hanoi temperature_danang humidity_danang cloud_cover_danang wind_speed_danang shortwave_radiation_danang direct_radiation_danang diffuse_radiation_danang temperature_hcmc humidity_hcmc cloud_cover_hcmc wind_speed_hcmc shortwave_radiation_hcmc direct_radiation_hcmc diffuse_radiation_hcmc coal_proxy_price brent_price gas_proxy_price usd_vnd dxy_index is_weekend is_workday is_holiday is_tet is_pre_holiday is_post_holiday season sin_hour cos_hour sin_dow cos_dow sin_month cos_month smp_lag_48 load_lag_48 smp_lag_49 load_lag_49 smp_lag_50 load_lag_50 smp_lag_96 load_lag_96 smp_lag_336 load_lag_336 smp_recent_1 smp_recent_2 smp_recent_3 smp_recent_4 smp_recent_5 smp_recent_6 smp_recent_7 smp_recent_8 smp_recent_9 smp_recent_10 smp_recent_11 smp_recent_12 smp_recent_13 smp_recent_14 smp_recent_15 smp_recent_16 smp_north_lag_48 smp_south_lag_48 smp_north_lag_336 smp_south_lag_336 smp_rolling_mean_24h smp_rolling_std_24h load_rolling_mean_24h load_rolling_std_24h smp_rolling_mean_72h smp_rolling_std_72h load_rolling_mean_72h load_rolling_std_72h price_spread_ns_lag48 load_ramp_lag48 smp_yesterday_mean smp_yesterday_max smp_yesterday_min smp_yesterday_zero_ratio hydro_discharge_rolling_24h solar_gen_proxy wind_gen_proxy residual_load_proxy thermal_margin_proxy hydro_depletion_index margin_temp_interaction is_spike is_zero spike_prob_24h spike_prob_72h zero_prob_24h zero_prob_72h target_cycle_id target_sin_hour target_cos_hour
feature_infos=[16738.400390625:43669.69921875] [8141:23529.6328125] [1030.199951171875:4920.13916015625] [6568.2998046875:17620.46875] [-24696.7890625:52718.3203125] [261.23001098632812:27182.76953125] [243.57000732421875:14362.75] [11.359999656677246:15398] [386.1925048828125:23252.1328125] none [14491.400390625:47673.8984375] [19152.80078125:47033.3984375] none [-3952.300048828125:18862.5] [6035.7001953125:23435.19921875] none [0:8134.5] [0:344.29998779296875] none [0:4273.2001953125] [0:4263.39990234375] [7.5:32.299999237060547] [31:99] [0:100] [0.55000001192092896:30.25] [3.5:282] [0:208.5] [3.5:150.5] [17.399999618530273:33.25] [52:99.5] [0:100] [0.80000001192092896:50] [7:306.5] [0:234] [7:146] [20.600000381469727:31.299999237060547] [56:98] [0:100] [0.5:24] [16:265] [0:198] [16:133.5] [63.700000762939453:438.35000610351562] [55.409999847412109:127.98000335693359] [1.5750000476837158:9.6800003051757812] [22394.345703125:26405] [89.639999389648438:114.11000061035156] [0:1] [0:1] [0:1] [0:1] [0:1] [0:1] [1:4] none none [-0.97492790222167969:0.97492790222167969] [-0.90096884965896606:1] [-1:1] [-1:1] [0:1778.5999755859375] [16738.400390625:43669.69921875] [0:1778.5999755859375] [16515.5:40602.1015625] [0:1778.5999755859375] [15251.900390625:39424.30078125] [0:1778.5999755859375] [16738.400390625:43669.69921875] [0:1778.5999755859375] [16738.400390625:43669.69921875] [0:1778.5999755859375] [0:1778.5999755859375] [0:1778.5999755859375] [0:1778.5999755859375] [0:1778.5999755859375] [0:1778.5999755859375] [0:1778.5999755859375] [0:1778.5999755859375] [0:1778.5999755859375] [0:1778.5999755859375] [0:1778.5999755859375] [0:1778.5999755859375] [0:1778.5999755859375] [0:1778.5999755859375] [0:1778.5999755859375] [0:1778.5999755859375] [0:1778.5999755859375] [0:1778.5999755859375] [0:1778.5999755859375] [0:1778.5999755859375] [0:1778.5999755859375] [0:869.78656005859375] [15840.40234375:48300.34765625] [1494.0634765625:7412.34765625] [0.069944441318511963:1778.5999755859375] [0:822.6846923828125] [15990.384765625:45267.23046875] [2009.5728759765625:7328.51953125] [-1602.300048828125:1778.5999755859375] [-2000.699951171875:5250.2998046875] [0:1778.5999755859375] [0:1778.5999755859375] [0:1778.5999755859375] [0:1] [919.5220947265625:41870.73828125] [112.02359771728516:1855.390869140625] [124.17299652099609:5960.30419921875] [13767.265625:40395.9765625] [13155.8212890625:39784.53515625] [386.1925048828125:23252.1328125] [371342.90625:1122197.625] [0:1] [0:1] [0:1] [0:1] [0:1] [0:1] [0:47] [-1:1] [-1:1]
tree_sizes=21712

Tree=0
num_leaves=255
num_cat=0
split_feature=85 5 73 70 59 86 40 5 19 21 42 73 98 61 42 21 41 19 70 66 101 33 42 14 19 26 82 3 21 97 45 102 42 67 3 90 97 78 78 65 74 21 1 21 85 117 43 101 27 27 85 19 95 65 66 97 41 42 98 67 21 58 95 45 91 14 42 37 117 61 42 2 45 97 45 26 7 110 19 98 40 47 85 107 78 21 24 7 14 23 41 59 97 73 73 26 45 45 64 37 110 3 43 65 5 67 19 45 2 5 14 2 43 1 5 93 78 19 93 1 7 40 14 41 93 66 40 90 117 21 51 95 1 95 98 45 65 5 23 3 1 64 79 97 2 5 82 26 5 5 41 65 19 65 66 1 1 117 1 95 73 40 97 42 33 41 82 7 41 2 19 95 3 67 3 117 42 59 110 102 117 33 98 95 2 21 33 117 66 117 27 43 117 66 7 93 21 3 61 2 42 117 7 14 42 61 41 61 33 21 37 5 117 1 41 5 27 82 1 5 117 3 14 41 41 102 19 24 5 110 19 101 26 5 19 2 117 41 91 95 24 3 98 5 93 26 7 117 40 3 117 93 59 117
split_gain=1447.69 506.978 313.489 280.518 263.451 288.688 250.721 253.287 187.307 181.407 179.137 145.024 168.598 141.133 133.81 130.533 176.197 126.216 249.685 133.285 132.705 122.427 167.881 149.917 112.664 111.129 109.472 107.673 104.131 101.113 99.0945 95.687 95.0217 92.9299 95.9183 92.4185 90.9523 90.2087 90.1498 87.5331 115.78 87.1463 82.9965 88.1673 82.1829 79.2426 77.3412 77.2844 77.1482 77.0263 77.0141 75.5982 73.6755 74.6305 71.9334 68.5964 68.4545 68.4163 68.0749 82.0517 88.3582 66.9203 66.4261 75.6495 65.8971 100.592 67.5311 64.6978 64.1764 72.7067 64.0583 63.6525 63.1252 62.8737 60.8802 60.1919 60.0414 59.5796 59.1715 58.3907 59.602 57.2673 71.3105 56.0995 56.2923 58.4637 58.4254 54.8614 101.719 53.5263 53.3504 53.0385 52.7973 52.7913 52.7042 52.5117 50.4018 49.786 49.0211 47.9754 47.0889 55.3161 47.0982 50.7739 46.9512 46.3931 50.4856 46.0377 44.9059 44.8284 44.3978 44.374 43.0225 42.6248 42.5953 42.5399 42.3928 42.2847 41.5367 41.3544 45.0458 51.8505 43.03 42.5671 41.1146 41.0384 41.0373 39.889 52.456 39.4825 39.3809 36.9541 36.7505 36.5877 35.1275 34.8311 39.632 34.701 34.5383 39.408 42.5177 40.1174 34.3693 42.2192 33.6572 33.405 33.2253 33.2152 33.2095 33.1081 33.0395 32.5316 31.7681 31.6136 33.4758 31.2922 31.1251 34.6867 31.0083 30.892 30.693 30.6398 30.3542 29.8295 29.7565 29.6161 32.1935 34.0916 37.3578 29.3645 29.2856 28.9629 28.4473 28.2659 28.2443 26.2358 26.798 25.8901 31.5198 25.8901 29.9056 25.1774 25.0709 24.9212 24.617 24.2112 23.7945 27.5542 31.186 23.6914 23.542 31.8642 23.4553 23.0819 23.0344 22.9717 22.9701 22.8599 22.7206 22.3503 22.151 22.0441 22.0372 21.9544 21.6145 21.5482 24.8971 21.4916 27.117 23.0634 21.4894 21.4558 21.4 21.3304 20.9909 20.9355 20.93 20.5824 23.2111 20.5678 25.4479 20.4884 20.3258 27.9116 20.3012 30.3693 20.222 28.3038 20.1897 20.0333 19.9674 19.9296 19.7181 19.6795 19.2979 19.1721 19.1155 19.1091 18.9058 21.0628 23.6935 18.7804 21.1237 18.697 21.1039 18.6653 18.5344 22.0691 18.5137 20.2745 18.49 18.2772 18.0658 17.7666
threshold=1268.1550292968752 2959.4250488281255 940.12197875976574 1125.394470214844 0.25000000000000011 0.83199998736381542 156.25000000000003 10406.915039062502 662.35000610351574 9.8750000000000018 105.29999923706056 1625.2104492187502 0.0094999996945261973 35139.199218750007 67.02500152587892 27.175000190734867 80.250000000000014 1870.2500000000002 899.00000000000011 1.0019999742507937 1598.6500244140627 36.750000000000007 247.25000000000003 13243.100097656252 1477.6999511718752 9.7500000000000018 1535.5999755859377 10077.399902343752 28.47500038146973 3077.6630859375005 23045.500000000004 707.29699707031261 191.12500000000003 33156.750000000007 11190.550292968752 1490.5772094726565 3651.055053710938 1500.028991699219 1503.2500000000002 24281.100585937504 1133.4849853515627 25.925000190734867 15660.850097656252 28.72500038146973 1310.4000244140627 14.500000000000002 64.86999893188478 1503.2500000000002 80.250000000000014 106.75000000000001 1148.549987792969 416.85000610351568 550.63937377929699 32129.849609375004 1602.2500000000002 4728.6823730468759 59.250000000000007 350.25000000000006 -9.2935004234313947 30854.500000000004 13.97499990463257 1.0000000180025095e-35 480.67027282714849 23872.500000000004 574.37658691406261 15367.950195312502 112.10000228881837 70.750000000000014 8.5000000000000018 25479.450195312504 106.95000076293947 3614.005981445313 24678.000000000004 3825.341918945313 24747.500000000004 138.75000000000003 17.605000495910648 788754.53125000012 518.10000610351574 -11.322500228881834 15.250000000000002 1.0000000180025095e-35 1016.9620056152345 26863.593750000004 984.88449096679699 27.22500038146973 6.7249999046325692 1196.945007324219 16765.400390625004 99.750000000000014 116.75000000000001 0.25000000000000011 4413.2573242187509 1027.841003417969 1.125999987125397 1.0000000180025095e-35 22961.000000000004 25372.000000000004 1511.1929931640627 96.250000000000014 697416.00000000012 16282.684570312502 74.200000762939467 25949.300781250004 10082.680175781252 27751.900390625004 942.89999389648449 23157.500000000004 2130.5500488281255 7290.2700195312509 16765.400390625004 3715.363891601563 64.86999893188478 13988.850097656252 3096.6450195312505 4340.6381835937509 810.57650756835949 312.00000000000006 4455.4384765625009 20236.649414062504 1007.5549926757814 85.750000000000014 21958.849609375004 91.750000000000014 4009.087280273438 344.35000610351568 126.75000000000001 979.56182861328136 13.500000000000002 21.72500038146973 1.0000000180025095e-35 619.75692749023449 16856.491210937504 393.60646057128912 -0.020499999634921547 22642.500000000004 25198.199218750004 5113.5200195312509 44.000000000000007 15027.599609375002 14611.200195312502 0.75000000000000011 1061.9019775390627 4541.5263671875009 2537.400024414063 8306.1401367187518 0.75000000000000011 107.25000000000001 5400.7551269531259 4364.4602050781259 111.25000000000001 35041.201171875007 2088.1999511718755 34702.599609375007 1059.7214965820315 20055.083007812504 13395.949707031252 12.500000000000002 15492.450195312502 530.90155029296886 1115.1289672851565 107.75000000000001 4083.3159179687505 326.67500305175787 180.25000000000003 66.750000000000014 1130.9334716796877 17.585000038146976 67.750000000000014 3015.400024414063 1697.799987792969 452.97550964355474 12098.773437500002 35926.699218750007 15379.770507812502 19.500000000000004 67.02500152587892 -0.25000000000000006 697416.00000000012 1045.7014770507815 13.500000000000002 216.25000000000003 1216.9000244140627 393.60646057128912 2893.5500488281255 24.82499980926514 59.250000000000007 14.500000000000002 913.85000610351574 37.500000000000007 15.250000000000002 77.20999908447267 22.500000000000004 1098.5529785156252 1165.684997558594 4258.8828125000009 11.174999713897707 10628.200195312502 34542.000000000007 2679.6499023437505 98.599998474121108 16.500000000000004 20.505000114440922 17071.299804687504 228.57499694824222 32014.849609375004 61.750000000000007 36691.599609375007 193.25000000000003 15.775000095367433 99.250000000000014 4127.4350585937509 7.5000000000000009 12515.000000000002 66.250000000000014 2883.6250000000005 72.250000000000014 676.35000610351574 18529.789062500004 4464.9699707031259 31.500000000000004 14984.950195312502 22798.799804687504 103.75000000000001 84.750000000000014 1642.3590087890627 717.50000000000011 10.47499990463257 3891.805053710938 705466.81250000012 972.70001220703136 1501.4000244140627 66.750000000000014 7867.8198242187509 109.90000152587892 2640.1999511718755 33.500000000000007 97.250000000000014 606.47817993164074 180.25637817382815 11.22499990463257 14106.642089843752 -0.19549999386072156 1485.2600097656252 4697.5407714843759 181.75000000000003 287.02500915527349 29.500000000000004 100.75000000000001 15089.250000000002 12.500000000000002 2973.250610351563 0.93301269412040722 12.500000000000002
decision_type=2 2 2 2 2 2 2 2 2 2 2 2 2 2 2 2 2 2 2 2 2 2 2 2 2 2 2 2 2 2 2 2 2 2 2 2 2 2 2 2 2 2 2 2 2 2 2 2 2 2 2 2 2 2 2 2 2 2 2 2 2 2 2 2 2 2 2 2 2 2 2 2 2 2 2 2 2 2 2 2 2 2 2 2 2 2 2 2 2 2 2 2 2 2 2 2 2 2 2 2 2 2 2 2 2 2 2 2 2 2 2 2 2 2 2 2 2 2 2 2 2 2 2 2 2 2 2 2 2 2 2 2 2 2 2 2 2 2 2 2 2 2 2 2 2 2 2 2 2 2 2 2 2 2 2 2 2 2 2 2 2 2 2 2 2 2 2 2 2 2 2 2 2 2 2 2 2 2 2 2 2 2 2 2 2 2 2 2 2 2 2 2 2 2 2 2 2 2 2 2 2 2 2 2 2 2 2 2 2 2 2 2 2 2 2 2 2 2 2 2 2 2 2 2 2 2 2 2 2 2 2 2 2 2 2 2 2 2 2 2 2 2 2 2 2 2 2 2 2 2 2 2 2 2
left_child=2 13 6 11 5 112 7 10 15 -6 100 12 33 30 -11 16 45 18 19 42 52 22 24 26 173 35 -23 29 39 234 73 50 44 34 158 58 186 -18 90 76 79 56 43 115 -25 165 -8 -38 -45 78 70 -44 53 105 -39 81 170 96 59 60 213 219 114 125 65 126 -66 199 97 -70 172 134 221 -2 75 238 -7 117 -35 -41 -81 109 -83 -36 86 107 -85 88 131 -17 181 129 135 -40 174 211 -34 98 190 -31 102 -102 103 -1 133 -20 -107 -86 -46 248 142 152 -4 -80 -48 138 195 -9 124 120 162 123 217 210 -112 -64 -49 128 146 -15 -56 -22 212 -72 -30 -47 -137 -54 -12 140 141 156 -71 -144 -105 161 -114 -51 -100 -43 202 201 230 154 -58 216 -140 233 -3 -62 232 182 -119 177 -115 -5 -167 -168 -169 -98 -42 203 -19 179 226 241 -177 -138 185 180 -10 -14 194 -142 -148 -179 -29 -188 189 251 191 -60 -101 -127 -68 198 -75 -50 -65 -26 -130 -110 -74 -97 -173 250 -207 208 209 -178 -122 -69 -33 -16 -116 -76 -125 218 -123 220 -28 -53 223 -218 -203 -226 236 -228 -90 -88 -79 -135 -111 -158 -21 -84 -67 -162 239 -32 -241 -82 -243 -233 -245 -164 247 -246 -27 -250 -63 -189 -120 -104
right_child=1 3 4 8 9 28 46 77 21 14 17 -13 38 91 25 89 37 31 20 27 87 23 -24 32 67 55 61 36 71 99 74 132 57 49 83 -37 47 54 93 40 41 149 51 48 108 92 62 64 197 147 -52 72 137 -55 130 -57 153 -59 68 -61 159 205 63 116 66 94 145 95 69 110 104 -73 150 196 215 -77 -78 111 113 80 175 82 235 84 85 -87 229 -89 228 -91 -92 -93 -94 -95 -96 171 169 -99 148 192 101 -103 253 144 -106 106 -108 -109 151 160 118 -113 127 164 214 -117 -118 119 252 -121 121 122 -124 155 -126 193 -128 -129 200 -131 -132 -133 -134 231 -136 136 163 -139 139 -141 183 -143 143 -145 -146 -147 184 -149 -150 -151 -152 -153 -154 -155 -156 -157 157 -159 -160 -161 237 -163 245 -165 -166 166 167 168 -170 -171 -172 204 -174 -175 -176 176 207 178 -180 -181 -182 -183 -184 -185 -186 -187 187 188 -190 -191 -192 -193 -194 -195 -196 -197 -198 -199 -200 -201 -202 224 -204 -205 -206 206 -208 -209 -210 -211 -212 -213 -214 -215 -216 -217 222 -219 -220 -221 -222 -223 -224 -225 225 -227 227 -229 -230 -231 -232 243 -234 -235 -236 -237 -238 -239 -240 240 -242 242 -244 244 246 -247 -248 -249 249 -251 -252 -253 -254 -255
leaf_value=-1.71573122497648e-05 0.0010774966329336166 0 -0.0028541240096092223 0.0011204428225755692 -0.0023195864260196685 -0.0002842328138649464 -0.0018685257434844971 -0.00088489912450313575 0.0017187606543302536 0.00097111627459526065 0 -0.0019184562563896179 0.00089253321290016173 -0.0006879411265254021 0.00052624762058258053 0.0022412073612213135 -4.1033949237316847e-05 0.0012127266824245454 0 0.00097095161676406859 -0.0016105613857507707 -0.0027274274826049804 -4.511173930950463e-05 -0.031080379486083984 0 0.00071860101073980328 0.00070876568555831908 -0.029296803474426269 0 -0.0025660486519336703 0 -0.0034657359123229981 0 -0.00081455163657665256 -0.00085128530859947206 0.00080981545150279996 -0.0025886002182960509 0.00067438870668411254 0.0028490188717842104 -0.0019397591054439545 1.3271923526190222e-05 0.00099878519773483271 0.03217647075653076 0.0031517747044563296 -0.016714652776718141 -0.00087145410478115079 0 -0.0014616508036851884 -0.00073497816920280461 0.0034657359123229981 0.001412375047802925 0 0 -0.00078222826123237616 0 0.001923889070749283 0 0.0007984234392642975 0.00046431060880422595 0.001876806914806366 0 0.00046672686934471133 -0.0034657359123229981 0.00042020134627819062 0.0025851085782051088 -0.00062339581549167636 -0.0034657359123229981 0.00076705545186996462 -0.001635153889656067 -0.00036648042500019072 0 -0.0013730584830045701 0 -0.00164141945540905 0 0 0.0017412368953227998 0.032242562770843509 -0.0034657359123229981 0.0017625258117914199 -0.0011157177388668061 -0.00067220486700534819 0 -0.00014717465732246637 -0.00037382744252681735 -0.00094269625842571261 0 -0.0018185876309871674 0.0029703004658222197 0.00016956103965640068 -0.00080051109194755553 0.0013600166887044907 0.0010210593044757844 -0.00025832308456301688 0.0010331986844539644 0 0 -0.001965319663286209 8.1142671406269072e-05 -0.0002889855019748211 -0.0019355043023824693 0.0005828977376222611 0.00043337550014257433 -6.5010336693376307e-05 0 0.0019531035423278808 0 0 0.0015283747017383576 -0.00019850684329867364 0 -0.032114204168319706 0 0 0 0 0.0020697487890720366 -0.00033039432018995286 0.00041235856711864473 -0.00069374032318592072 -0.029124834537506104 0 0.00060233335942029955 1.0012680431827903e-05 -0.00036611679941415785 0.00034975029528141023 0 -0.00075592562556266781 0.0028558778762817383 0 -0.0012578056380152703 0 0.0021227850764989854 0 0.00050764724612236019 0.00079792998731136326 0 0.0019178645312786103 -0.0007881158217787743 0 0 -0.0012082970142364502 0.00086483843624591834 -0.00036014404147863391 -0.0012570348381996156 -0.0034657359123229981 -0.0031938901543617248 0 -0.0019223779439926148 0 0.0034657359123229981 2.5071816053241492e-05 0 0 -0.00086555749177932742 -0.029359800815582277 0 0.001607746183872223 0.029749565124511719 0.00093972042202949523 0.00049905516207218172 0 0 0.00067617379128932949 0.0034657359123229981 -0.00030514542013406756 0 -7.5090362224727874e-05 0.00056621752679347998 0.00083762407302856445 0 0 0 0.0030383941531181334 0.0018837691843509674 0.00061145581305027013 0 6.2375249399337917e-07 0 0 7.1778561687096956e-06 0.0021276982128620148 0 -0.0034657359123229981 0.0044122505187988281 0.0013083485513925553 -0.029239017963409424 -0.00056526485830545427 -0.0020456729829311372 -0.0014344151318073273 0.0016886028647422791 -0.020375566482543947 0.00052162308245897295 0 0 0 0 0.00045482076704502107 0 -0.00030108654871582988 0 0.0008693058043718338 0 0.00052162308245897295 0 -0.0009933630377054214 0 0 0 -0.00067565612494945525 0 3.3200653269886971e-05 0 -0.0012829913198947906 0.0012130074948072435 -0.00024395082145929338 0 0 0 0.0013962569832801819 -0.00053638037294149402 -0.034868017435073853 0 0 0 0.002792743444442749 0 0.00028969179838895799 0 0.00049972740933299062 1.770454051438719e-05 0 0 -0.029624109268188478 0.027281500101089477 0.00094374261796474461 9.4230361282825472e-05 0 0 -0.00097785048186779019 -4.6916068531572821e-05 3.7278169766068456e-05 -0.00075805470347404483 -0.0024157346785068511 -0.00055167037993669515 -0.031083049774169924 -0.0019564030319452288 0.0002739247679710388 0 0.0021935252845287322 0 0.00018853326328098776 0 0
leaf_weight=188 197 232 42 601 163 79 81 294 256 351 143 153 697 152 39 928 426 35 154 112 254 151 596 36 124 630 71 331 497 196 361 21 182 150 314 263 545 309 76 613 282 119 119 113 36 47 239 318 112 343 80 37 79 201 735 307 180 295 31 154 298 83 237 228 75 143 439 79 181 688 150 78 526 38 304 457 115 75 73 30 272 294 116 344 343 349 269 221 40 110 71 76 474 226 177 409 807 39 57 69 1208 45 117 108 79 307 269 312 660 151 221 42 93 788 76 223 158 475 217 267 111 667 333 231 247 151 80 115 56 818 72 202 68 71 311 401 529 403 188 182 117 643 123 97 768 685 33 80 56 108 116 195 79 146 535 77 23 171 77 226 311 225 585 190 157 50 108 34 655 193 117 468 345 82 39 20 45 1252 109 190 629 180 157 500 433 136 227 127 209 93 239 45 79 159 194 235 222 39 505 475 1283 978 498 114 155 120 691 146 88 595 340 229 97 197 577 37 480 467 343 185 37 116 108 719 172 49 263 195 688 130 458 74 112 40 104 172 55 150 375 789 269 45 347 1398 75 36 176 43 296 87 230 72 154 296
leaf_count=188 197 232 42 601 163 79 81 294 256 351 143 153 697 152 39 928 426 35 154 112 254 151 596 36 124 630 71 331 497 196 361 21 182 150 314 263 545 309 76 613 282 119 119 113 36 47 239 318 112 343 80 37 79 201 735 307 180 295 31 154 298 83 237 228 75 143 439 79 181 688 150 78 526 38 304 457 115 75 73 30 272 294 116 344 343 349 269 221 40 110 71 76 474 226 177 409 807 39 57 69 1208 45 117 108 79 307 269 312 660 151 221 42 93 788 76 223 158 475 217 267 111 667 333 231 247 151 80 115 56 818 72 202 68 71 311 401 529 403 188 182 117 643 123 97 768 685 33 80 56 108 116 195 79 146 535 77 23 171 77 226 311 225 585 190 157 50 108 34 655 193 117 468 345 82 39 20 45 1252 109 190 629 180 157 500 433 136 227 127 209 93 239 45 79 159 194 235 222 39 505 475 1283 978 498 114 155 120 691 146 88 595 340 229 97 197 577 37 480 467 343 185 37 116 108 719 172 49 263 195 688 130 458 74 112 40 104 172 55 150 375 789 269 45 347 1398 75 36 176 43 296 87 230 72 154 296
internal_value=-5.34853e-05 0.00087376 -0.000650806 0.00118078 -3.28777e-05 -0.000724755 -0.000969933 -0.00113382 0.00150994 0.000670441 -0.00144317 0.000190157 0.000331031 -0.000738706 0.000800122 0.00211275 0.00183502 -0.00122397 -0.00100268 -0.00140483 0.000298084 0.00102874 0.000348135 0.00152968 0.000800623 0.000630042 0.000239158 -0.00192839 -0.00139996 0.000142857 -0.00128239 -0.00219764 0.00209131 -0.000174198 -0.000801688 5.5991e-05 -0.00217789 0.000372892 0.001932 -0.00175296 -0.00192516 -0.000847344 -0.000706605 -0.00125501 0.00276811 0.00232665 0.000489418 -0.00179805 0.00147727 0.000760528 -0.00245249 0.00026204 0.00138004 0.000558539 0.00112007 0.00141089 -0.00136111 0.00111713 -0.000170746 0.000990153 0.000315789 0.00067043 0.000641326 5.37956e-05 -0.00148768 -0.00061811 -0.00210986 9.74184e-05 -0.000613779 -0.0010166 -0.00261038 0.000146727 -8.89404e-05 0.000864333 -0.00166088 -0.00195913 0.00152062 -0.000265072 9.84589e-05 -0.00265334 -0.00214736 0.00111686 -0.00024055 -0.00119117 -0.000841442 -0.00161355 0.000201884 -0.000790036 -0.000363176 0.00375241 0.00268987 0.00084608 0.00188018 -0.00044702 0.000332569 0.000667125 0.000579526 0.00104925 0.00154206 -0.0015407 -0.00261905 -0.003332 -0.00201422 -0.00257049 -0.00295741 0.00130137 0.00195312 -0.000732824 0.00289713 0.00157168 -0.000704064 0.00116208 0.000841849 0.000530452 0.00174327 -0.00157848 0.000794849 -0.000433761 0.000125149 -0.000330216 -0.000227273 2.57998e-05 0.000643646 -0.000515489 -0.000865385 -0.00147166 -0.00270101 0.000946349 0.0011196 0.000530928 0.000334572 -0.00221491 0.00126344 -0.0031077 0.000563119 0.00160661 0.00168323 0.0029668 -0.00180867 -0.00199034 -0.00222949 -0.00162441 -0.00147026 0.00025 -0.00307648 -0.00231471 0.00240608 0.00258865 -0.00128319 0.00200441 0.000315789 0.00299416 0.00150327 -0.00215447 -0.00258741 -0.000136223 -0.00042654 0.000790598 0.00179612 0.00145992 0.000621547 -0.00173892 -0.00112226 0.00142148 0.000814815 0.0032942 0.00269185 0.00293601 0.00334543 0.00102 0.000350877 0.00017452 -0.000723684 0.0020484 -0.00028777 -0.00228177 -0.0017226 0.00124383 0.00157983 0.00183256 0.00219209 0.00302737 -0.00220253 -0.00327391 0.00295064 0.00178314 -0.00346553 -0.00296016 -0.00230539 -0.00125 0.00255556 0.000131579 0.000608108 -0.000274194 -0.00264613 0.000402893 -0.00075 -0.000860927 0.000839018 -0.00128548 0.000582524 0.00319796 2.92969e-05 0.00104207 -0.000553772 0.000115658 -0.000314427 -0.00185355 -0.00220467 -0.0025625 -0.00187361 0.0025 -0.000423729 -0.00222458 0.00240429 0.000307918 1.95059e-05 0.00027759 -0.000123762 0.00279863 0.00106481 -0.00310458 -0.000225708 -0.000412844 0.00279399 0.00142534 -0.000533537 4.36681e-05 0.000796703 0.00150376 0.00194184 -0.00330158 -0.000741445 -0.00238095 0.00282407 0.00152778 -0.00186869 0.00139913 -0.00237179 -0.00263566 -0.00299149 -0.00303464 -0.00233418 -0.003406 -0.00351359 -0.000394525 -0.00229592 -0.000762712 0.00225074 0.00138381 0.00123003 -0.000276382 0.00137466 -0.000581114
internal_weight=65345 25602 39743 21507 13535 6823 26208 23562 16143 6712 17375 5364 5211 4095 6549 7166 6128 14645 11933 9115 2818 8977 3806 5171 3210 6198 1568 5209 4768 560 3049 2712 3603 3961 2370 3572 4649 1542 1250 3882 3688 1487 3906 2494 2126 4586 2646 3590 264 1591 2526 1412 1413 931 1116 2626 1260 1477 3309 914 760 1417 2565 1673 3045 1270 1775 2053 2395 1928 2446 886 1293 457 2592 2251 194 6187 1168 2201 1588 2319 582 2061 1747 1004 743 1405 1184 1038 948 1046 3138 302 872 1454 1182 467 428 344 2730 1253 1477 1064 2066 730 576 655 2090 1737 1747 654 2055 1018 892 2230 1126 5533 839 5239 4972 3876 1810 2066 468 547 398 2013 1898 970 807 456 186 1987 808 2664 2617 482 2007 1864 1682 1065 908 220 876 1700 559 423 113 227 1140 2054 612 861 715 1615 422 234 309 524 724 1015 1096 2216 945 1448 847 797 689 1000 399 1146 380 1157 695 1558 894 2026 1497 1075 885 877 790 617 466 1388 1059 728 501 292 315 76 148 310 633 968 260 151 733 599 1339 1859 1024 523 623 1124 811 874 728 640 451 308 118 236 653 341 1538 1477 1010 293 108 153 1307 1199 1199 221 656 458 728 399 533 1837 263 63 216 288 198 461 1794 1419 1058 664 392 1766 1692 621 294 118 1013 383 313 199 371 413
internal_count=65345 25602 39743 21507 13535 6823 26208 23562 16143 6712 17375 5364 5211 4095 6549 7166 6128 14645 11933 9115 2818 8977 3806 5171 3210 6198 1568 5209 4768 560 3049 2712 3603 3961 2370 3572 4649 1542 1250 3882 3688 1487 3906 2494 2126 4586 2646 3590 264 1591 2526 1412 1413 931 1116 2626 1260 1477 3309 914 760 1417 2565 1673 3045 1270 1775 2053 2395 1928 2446 886 1293 457 2592 2251 194 6187 1168 2201 1588 2319 582 2061 1747 1004 743 1405 1184 1038 948 1046 3138 302 872 1454 1182 467 428 344 2730 1253 1477 1064 2066 730 576 655 2090 1737 1747 654 2055 1018 892 2230 1126 5533 839 5239 4972 3876 1810 2066 468 547 398 2013 1898 970 807 456 186 1987 808 2664 2617 482 2007 1864 1682 1065 908 220 876 1700 559 423 113 227 1140 2054 612 861 715 1615 422 234 309 524 724 1015 1096 2216 945 1448 847 797 689 1000 399 1146 380 1157 695 1558 894 2026 1497 1075 885 877 790 617 466 1388 1059 728 501 292 315 76 148 310 633 968 260 151 733 599 1339 1859 1024 523 623 1124 811 874 728 640 451 308 118 236 653 341 1538 1477 1010 293 108 153 1307 1199 1199 221 656 458 728 399 533 1837 263 63 216 288 198 461 1794 1419 1058 664 392 1766 1692 621 294 118 1013 383 313 199 371 413
is_linear=0
shrinkage=0.005


end of trees

feature_importances:
target_cycle_id=16
hydro_total_discharge_m3s=15
disp_wind_midday_mw=12
diffuse_radiation_hcmc=12
temperature_hanoi=11
coal_proxy_price=11
load_north_mw=10
load_south_mw=10
load_central_mw=8
usd_vnd=8
smp_rolling_std_72h=8
hydro_spill_discharge_m3s=7
disp_hydro_evening_mw=7
load_rolling_std_72h=7
direct_radiation_hanoi=6
direct_radiation_hcmc=6
load_lag_50=6
smp_lag_96=6
load_rolling_std_24h=6
price_spread_ns_lag48=6
direct_radiation_danang=5
load_lag_48=5
smp_recent_4=5
diffuse_radiation_hanoi=4
brent_price=4
cos_month=4
load_lag_96=4
smp_recent_9=4
smp_recent_13=4
smp_recent_16=4
margin_temp_interaction=4
wind_speed_hanoi=3
cloud_cover_hcmc=3
smp_yesterday_max=3
smp_yesterday_min=3
cloud_cover_hanoi=2
smp_lag_50=2
smp_recent_1=2
smp_rolling_mean_24h=2
smp_rolling_std_24h=2
is_weekend=1
is_pre_holiday=1
sin_month=1
smp_recent_5=1
smp_recent_10=1
smp_north_lag_48=1
residual_load_proxy=1

parameters:
[boosting: gbdt]
[objective: regression_l1]
[metric: l1]
[tree_learner: serial]
[device_type: cpu]
[data_sample_strategy: bagging]
[data: ]
[valid: ]
[num_iterations: 3000]
[learning_rate: 0.005]
[num_leaves: 255]
[num_threads: -1]
[seed: 42]
[deterministic: 0]
[force_col_wise: 0]
[force_row_wise: 0]
[histogram_pool_size: -1]
[max_depth: -1]
[min_data_in_leaf: 20]
[min_sum_hessian_in_leaf: 0.001]
[bagging_fraction: 0.8]
[pos_bagging_fraction: 1]
[neg_bagging_fraction: 1]
[bagging_freq: 5]
[bagging_seed: 400]
[bagging_by_query: 0]
[feature_fraction: 0.5]
[feature_fraction_bynode: 1]
[feature_fraction_seed: 30056]
[extra_trees: 0]
[extra_seed: 12879]
[early_stopping_round: 0]
[early_stopping_min_delta: 0]
[first_metric_only: 0]
[max_delta_step: 0]
[lambda_l1: 0]
[lambda_l2: 0]
[linear_lambda: 0]
[min_gain_to_split: 0]
[drop_rate: 0.1]
[max_drop: 50]
[skip_drop: 0.5]
[xgboost_dart_mode: 0]
[uniform_drop: 0]
[drop_seed: 17869]
[top_rate: 0.2]
[other_rate: 0.1]
[min_data_per_group: 100]
[max_cat_threshold: 32]
[cat_l2: 10]
[cat_smooth: 10]
[max_cat_to_onehot: 4]
[top_k: 20]
[monotone_constraints: ]
[monotone_constraints_method: basic]
[monotone_penalty: 0]
[feature_contri: ]
[forcedsplits_filename: ]
[refit_decay_rate: 0.9]
[cegb_tradeoff: 1]
[cegb_penalty_split: 0]
[cegb_penalty_feature_lazy: ]
[cegb_penalty_feature_coupled: ]
[path_smooth: 0]
[interaction_constraints: ]
[verbosity: -1]
[saved_feature_importance_type: 0]
[use_quantized_grad: 0]
[num_grad_quant_bins: 4]
[quant_train_renew_leaf: 0]
[stochastic_rounding: 1]
[linear_tree: 0]
[max_bin: 255]
[max_bin_by_feature: ]
[min_data_in_bin: 3]
[bin_construct_sample_cnt: 200000]
[data_random_seed: 175]
[is_enable_sparse: 1]
[enable_bundle: 1]
[use_missing: 1]
[zero_as_missing: 0]
[feature_pre_filter: 1]
[pre_partition: 0]
[two_round: 0]
[header: 0]
[label_column: ]
[weight_column: ]
[group_column: ]
[ignore_column: ]
[categorical_feature: ]
[forcedbins_filename: ]
[precise_float_parser: 0]
[parser_config_file: ]
[objective_seed: 16083]
[num_class: 1]
[is_unbalance: 0]
[scale_pos_weight: 1]
[sigmoid: 1]
[boost_from_average: 1]
[reg_sqrt: 0]
[alpha: 0.9]
[fair_c: 1]
[poisson_max_delta_step: 0.7]
[tweedie_variance_power: 1.5]
[lambdarank_truncation_level: 30]
[lambdarank_norm: 1]
[label_gain: ]
[lambdarank_position_bias_regularization: 0]
[eval_at: ]
[multi_error_top_k: 1]
[auc_mu_weights: ]
[num_machines: 1]
[local_listen_port: 12400]
[time_out: 120]
[machine_list_filename: ]
[machines: ]
[gpu_platform_id: -1]
[gpu_device_id: -1]
[gpu_use_dp: 0]
[num_gpu: 1]

end of parameters

pandas_categorical:null
