tree
version=v4
num_class=1
num_tree_per_iteration=1
label_index=0
max_feature_idx=100
objective=regression_l1
feature_names=load_total_mw load_north_mw load_central_mw load_south_mw hydro_inflow_m3s hydro_total_discharge_m3s hydro_plant_discharge_m3s hydro_spill_discharge_m3s hydro_water_level_m disp_total_installed_mw disp_total_midday_mw disp_total_evening_mw disp_hydro_installed_mw disp_hydro_midday_mw disp_hydro_evening_mw disp_solar_installed_mw disp_solar_midday_mw disp_solar_evening_mw disp_wind_installed_mw disp_wind_midday_mw disp_wind_evening_mw temperature_hanoi humidity_hanoi cloud_cover_hanoi wind_speed_hanoi shortwave_radiation_hanoi direct_radiation_hanoi diffuse_radiation_hanoi temperature_danang humidity_danang cloud_cover_danang wind_speed_danang shortwave_radiation_danang direct_radiation_danang diffuse_radiation_danang temperature_hcmc humidity_hcmc cloud_cover_hcmc wind_speed_hcmc shortwave_radiation_hcmc direct_radiation_hcmc diffuse_radiation_hcmc coal_proxy_price brent_price gas_proxy_price usd_vnd dxy_index is_weekend is_workday is_holiday is_tet is_pre_holiday is_post_holiday season sin_hour cos_hour sin_dow cos_dow sin_month cos_month smp_lag_48 load_lag_48 smp_lag_49 load_lag_49 smp_lag_50 load_lag_50 smp_lag_96 load_lag_96 smp_lag_336 load_lag_336 smp_north_lag_48 smp_south_lag_48 smp_north_lag_336 smp_south_lag_336 smp_rolling_mean_24h smp_rolling_std_24h load_rolling_mean_24h load_rolling_std_24h smp_rolling_mean_72h smp_rolling_std_72h load_rolling_mean_72h load_rolling_std_72h price_spread_ns_lag48 load_ramp_lag48 smp_yesterday_mean smp_yesterday_max smp_yesterday_min smp_yesterday_zero_ratio hydro_discharge_rolling_24h solar_gen_proxy wind_gen_proxy residual_load_proxy thermal_margin_proxy hydro_depletion_index margin_temp_interaction is_spike is_zero spike_prob_24h spike_prob_72h zero_prob_24h zero_prob_72h
feature_infos=[16738.400000000001:43669.699999999997] [8141:23529.633000000002] [1030.2:4920.1390000000001] [6568.3000000000002:17620.469000000001] [-24696.790000000001:52718.32] [261.23000000000002:27182.77] [243.56999999999999:14362.75] [11.359999999999999:15398] [386.1925:23252.132105263157] none [14491.4:47673.900000000001] [19152.799999999999:47033.400000000001] none [-3952.3000000000002:18862.5] [6035.6999999999998:23435.200000000001] none [0:8134.5] [0:344.30000000000001] none [0:4273.1999999999998] [0:4263.3999999999996] [7.5:32.299999999999997] [31:99] [0:100] [0.55000000000000004:30.25] [3.5:282] [0:208.5] [3.5:150.5] [16.050000000000001:33.25] [52:99.5] [0:100] [0.80000000000000004:50] [7:306.5] [0:234] [7:146] [20.600000000000001:31.300000000000001] [56:98] [0:100] [0.5:24] [16:265] [0:198] [16:133.5] [63.700000762939453:438.35000610351562] [55.099998474121087:127.98000335693359] [1.5750000476837158:9.6800003051757795] [22394.345703125:26405] [89.639999389648438:114.11000061035156] [0:1] [0:1] [0:1] [0:1] [0:1] [0:1] [1:4] none none [-0.97492791218182362:0.97492791218182362] [-0.90096886790241903:1] [-1:1] [-1:1] [0:1778.5999999999999] [16738.400000000001:43669.699999999997] [0:1778.5999999999999] [16515.5:40602.099999999999] [0:1778.5999999999999] [15251.9:39424.300000000003] [0:1778.5999999999999] [16738.400000000001:43669.699999999997] [0:1778.5999999999999] [16738.400000000001:43669.699999999997] [0:1778.5999999999999] [0:1778.5999999999999] [0:1778.5999999999999] [0:1778.5999999999999] [0:1778.5999999999999] [0:869.78656539635756] [15840.402083333332:48300.345833333326] [1494.0634266859377:7412.3475695858406] [0.069944444444444434:1778.5999999999999] [0:822.68470809772941] [15990.384722222221:45267.230555555558] [2009.5728777065494:7328.5193476692311] [-1602.3:1778.5999999999999] [-2000.7000000000007:5250.3000000000029] [0:1778.5999999999999] [0:1778.5999999999999] [0:1778.5999999999999] [0:1] [919.52208333333328:41870.738333333335] [112.0236:1855.3908750000001] [124.17300000000002:5960.3040000000001] [13767.265887500002:40395.97834999999] [13155.821650000013:39784.534112499998] [386.1925:23252.132105263157] [371342.92174875003:1122197.6812312501] [0:1] [0:1] [0:1] [0:1] [0:1] [0:1]
tree_sizes=4037 4161 4475 4638 4526 4516 4523 4575 4569 4355 4385 4726 4645 4470 4346 4673 4587 4565 4336

Tree=0
num_leaves=52
num_cat=0
split_feature=72 64 95 70 26 46 46 35 45 77 11 26 93 93 43 95 45 42 25 71 68 70 77 69 38 98 30 16 80 40 83 25 70 26 75 26 38 62 16 75 78 69 24 4 26 7 7 63 30 11 19
split_gain=33.9723 26.6988 24.0212 9.29693 8.82442 10.5906 8.27365 7.92162 7.32784 7.11471 7.86186 5.77243 5.47808 8.1485 6.40279 5.31258 4.87713 4.97555 4.8198 4.74158 4.74113 4.55444 6.14164 4.54096 5.39438 4.00238 3.93195 3.9095 3.81894 3.67905 4.17412 3.53303 5.93075 4.82288 3.77808 3.35741 3.3476 4.46984 7.17455 4.40238 4.55087 3.8006 3.29167 3.24765 3.22626 3.11499 2.37393 2.06832 1.87941 1.22501 0.640244
threshold=1281.3185000000001 1096.3905000000002 1.0000000180025095e-35 1510.7800000000002 135.75000000000003 92.81000137329103 90.939998626708999 25.475000000000005 23014.500000000004 4400.9874293709299 33238.450000000004 1.0000000180025095e-35 393.23111111111115 399.09708333333339 66.614997863769545 1.0000000180025095e-35 22813.500000000004 112.70000076293947 27.000000000000004 1236.5435000000002 1682.5500000000002 1365.6245000000001 3929.2913865803307 33200.05000000001 6.0750000000000011 0.46875000000000006 75.750000000000014 5737.8000000000011 34631.208680555566 160.25000000000003 2937.099999999999 60.750000000000007 1459.9455000000003 3.2500000000000004 475.23071588944146 63.250000000000007 3.0750000000000006 899.85000000000014 5725.5000000000009 495.30271142974146 552.26638194444456 30243.450000000004 6.9250000000000016 4303.9650000000011 74.250000000000014 1858.9600000000003 1173.8500000000001 31887.950000000004 69.750000000000014 41783.950000000004 474.55000000000007
decision_type=2 2 2 2 2 2 2 2 2 2 2 2 2 2 2 2 2 2 2 2 2 2 2 2 2 2 2 2 2 2 2 2 2 2 2 2 2 2 2 2 2 2 2 2 2 2 2 2 2 2 2
left_child=2 8 3 4 6 -6 -1 16 50 10 26 20 -9 -14 -15 28 -8 -18 -13 29 -12 22 -4 24 -10 -17 -3 -23 -11 30 36 33 -33 -20 35 48 -16 38 39 -38 -41 -40 -7 -25 -29 46 47 -43 -34 -49 -2
right_child=1 9 21 -5 5 42 7 12 23 15 11 18 13 14 19 25 17 -19 31 -21 -22 27 -24 43 -26 -27 -28 44 -30 -31 -32 32 34 -35 -36 -37 37 -39 41 40 -42 45 -44 -45 -46 -47 -48 49 -50 -51 -52
leaf_value=-1.4869550323486329 -3.7135000610351563 -4.9053700256347659 2.9889999389648438 1.0075000000000001 5.6145001220703126 0 -0.5 -1.880904998779297 0 -2.6074999999999999 1.8380000305175781 -0.34700000762939454 2.3660000610351561 -0.83998001098632813 -0.0050000000000000001 0.24574000358581544 0.0053700000047683721 2.875 0 -0.008999999761581421 0 4.1553698730468751 0 0 -2.7860000610351565 0 0 0.44478000640869142 0 0 0.0053999999910593031 0 0 0.94566001892089846 0 0 -0.75650001525878907 1.6809999847412109 2.6000000000000001 0 -0.01 0 0 -4.3740000915527348 10.157040100097657 0 0 0 0 0 -6.2626599121093749
leaf_weight=30 20 22 38 28 20 31 26 22 24 24 22 24 21 35 24 20 32 26 28 31 20 27 30 25 39 28 28 29 20 37 24 36 23 25 39 20 28 34 29 20 22 28 23 24 22 20 21 25 31 21 21
leaf_count=30 20 22 38 28 20 31 26 22 24 24 22 24 21 35 24 20 32 26 28 31 20 27 30 25 39 28 28 29 20 37 24 36 23 25 39 20 28 34 29 20 22 28 23 24 22 20 21 25 31 21 21
internal_value=0.000285296 -0.00159858 0.00160448 0.000790274 0.000539683 0.00378378 0.000107914 0.00039924 -0.0051634 -0.000268293 0.000440252 0.0011194 -0.000135747 0.000119048 -0.000200501 -0.00271739 0.00321429 0.00482759 0.000486726 0.000192308 0.00452381 0.00527397 0.00338235 -0.00383929 -0.00206349 -0.000416667 -0.0032 0.00692308 -0.00522727 0.000540541 0.000168919 0.000990099 0.000201342 0.00320755 0.00132743 0 -0.000183824 0.00016129 -0.000373832 -0.003 -0.000952381 0.000902778 0.00148148 -0.00612245 0.00529412 8.69565e-05 0.000842105 0 -0.0012963 0.00130435 -0.00878049
internal_weight=1367 563 804 658 630 74 556 526 153 410 318 268 442 420 399 92 84 58 226 364 42 146 68 112 63 48 50 78 44 333 296 202 149 53 113 74 272 248 214 70 42 144 54 49 51 115 95 74 54 46 41
internal_count=1367 563 804 658 630 74 556 526 153 410 318 268 442 420 399 92 84 58 226 364 42 146 68 112 63 48 50 78 44 333 296 202 149 53 113 74 272 248 214 70 42 144 54 49 51 115 95 74 54 46 41
is_linear=0
shrinkage=0.01


Tree=1
num_leaves=52
num_cat=0
split_feature=72 98 95 60 5 1 1 78 60 83 32 72 41 64 19 16 20 19 10 29 23 96 4 14 77 91 14 24 14 29 30 30 5 98 82 14 98 1 32 72 91 32 90 13 24 10 41 64 22 33 8
split_gain=24.4763 18.3599 11.5102 10.523 7.99907 7.79669 8.76525 7.73174 9.16982 7.30403 6.79037 6.37595 6.05476 5.6869 8.8279 11.2143 5.42542 6.58648 6.19025 7.99047 7.20206 5.85036 8.73766 5.84215 5.23884 5.20027 4.71922 4.66014 5.625 4.60882 5.59609 5.43442 4.95403 6.56234 4.77736 4.47109 4.32 4.30126 4.21809 6.48083 4.1267 4.28513 4.40833 4.10589 4.09312 4.05993 3.87604 3.7145 3.16543 2.5 1.61333
threshold=1297.9565000000002 0.21180555555555561 1.0000000180025095e-35 888.66700000000003 4074.7500000000005 13828.450000000003 14281.300000000001 1480.4941805555557 1541.7500000000002 306.50000000000006 293.25000000000006 925.40000000000009 79.250000000000014 1402.2900000000002 578.20000000000016 5566.7500000000009 162.00000000000003 255.85000000000002 33480.850000000013 86.750000000000014 97.250000000000014 1.0000000180025095e-35 12054.740000000002 21958.100000000002 3936.3282659778702 23869.644349999999 20067.250000000004 6.8750000000000009 16268.6 93.750000000000014 49.750000000000007 32.250000000000007 4833.6550000000016 0.41319444444444448 11.705500000000031 13347.1 0.73263888888888895 14438.400000000001 154.75000000000003 735.00000000000011 29986.404187500004 251.75000000000003 1508.7019500000004 3245.2000000000003 8.3750000000000018 31632.150000000005 73.750000000000014 1410.5250000000003 87.750000000000014 37.750000000000007 418.7917034139403
decision_type=2 2 2 2 2 2 2 2 2 2 2 2 2 2 2 2 2 2 2 2 2 2 2 2 2 2 2 2 2 2 2 2 2 2 2 2 2 2 2 2 2 2 2 2 2 2 2 2 2 2 2
left_child=2 27 7 -4 -5 12 46 8 9 -1 11 16 25 14 35 -16 -11 -18 21 23 -21 24 -23 26 -19 -3 37 28 -2 30 31 -8 33 -32 -35 -13 -27 -20 50 -40 -39 -42 -43 -29 47 -46 49 -34 -28 -7 -6
right_child=1 5 3 4 38 6 29 -9 -10 10 -12 13 -14 -15 15 -17 17 18 19 20 -22 22 -24 -25 -26 36 48 43 -30 -31 32 -33 44 34 -36 -37 -38 40 39 -41 41 42 -44 -45 45 -47 -48 -49 -50 -51 -52
leaf_value=0.18085490646362307 -2.7325024993896485 0 -0.0002850000001490116 0 4.1249463928222658 0.015665000343322754 0 -0.010075000000000001 3.3579250305175781 0.60285501403808595 0.24286954269409181 -2.2271301979064941 -4.0598651214599606 2.1126699691772464 1.9662500000000001 -1.5469250305175783 -2.6350306644439696 3.441595000076294 -0.018572500610351563 0 -2.3691199981689453 -2.0000001788139344e-05 0.0001 0.0083998001098632823 0.0001 -1.5921131650924685 0 -1.2669999694824219 0.0018132990837097162 0.030809199905395507 -2.3277274999618531 1.4232716541290285 -0.70612999191284176 0 0 -3.0201304496765138 0 0.0001 8.9584463012695306 0.2000860960006714 0 0.00014499999657273293 0 -4.4948651214599611 0 0.028860000625252728 0 0 0 2.2555399955749511 2.3253311002731323
leaf_weight=22 20 32 20 31 30 20 33 21 22 31 25 20 23 20 22 21 24 22 24 35 34 35 20 29 25 30 26 35 20 26 24 20 20 33 37 31 20 33 31 22 35 30 24 39 20 27 24 22 37 20 20
leaf_count=22 20 32 20 31 30 20 33 21 22 31 25 20 23 20 22 21 24 22 24 35 34 35 20 29 25 30 26 35 20 26 24 20 20 33 37 31 20 33 31 22 35 30 24 39 20 27 24 22 37 20 20
internal_value=0.000212143 -0.00143119 0.0013017 0.00376623 0.00477612 -0.000487239 0.000276074 0.000733533 0.000927357 0.000704 0.000497512 0.000276817 -0.00285714 -0.00184211 -0.00287234 0.000465116 0.000797414 0.000508083 0.000806846 9.77199e-05 -0.00289855 0.00294118 0.000727273 0.000966387 0.00553191 -0.00158537 0.000382775 -0.005 -0.00225 -0.000534351 -0.000974576 0.00188679 -0.00180328 -0.00340426 -0.00185714 -0.00568627 -0.0036 0.00136986 0.0061165 0.00415094 0.00213115 0.00101124 0.00277778 -0.00648649 -0.00011236 0.00191489 0.00359375 -0.00238095 -0.00190476 0.0055 0.0082
internal_weight=1367 545 822 154 134 431 326 668 647 625 603 578 105 114 94 43 464 433 409 307 69 102 55 238 47 82 209 114 40 262 236 53 183 94 70 51 50 146 103 53 122 89 54 74 89 47 64 42 63 40 50
internal_count=1367 545 822 154 134 431 326 668 647 625 603 578 105 114 94 43 464 433 409 307 69 102 55 238 47 82 209 114 40 262 236 53 183 94 70 51 50 146 103 53 122 89 54 74 89 47 64 42 63 40 50
is_linear=0
shrinkage=0.01


Tree=2
num_leaves=53
num_cat=0
split_feature=72 95 27 98 64 46 40 84 64 26 19 63 72 27 73 13 93 13 4 30 65 0 1 94 98 77 77 0 27 91 91 35 20 8 26 91 47 77 40 98 76 40 19 77 27 27 5 19 30 0 3 20
split_gain=21.3123 19.6833 13.822 11.3716 10.7513 6.53394 6.48 6.3135 8.59436 7.78963 9.3762 8.46232 8.0811 12.0946 7.77786 7.63973 6.96365 9.26664 13.8235 5.93691 5.46624 5.3901 7.22368 6.81849 5.69018 6.75116 14.1765 7.09435 5.91219 5.37417 8.91125 5.22844 4.49287 4.60909 4.42369 4.11248 6.81274 7.19577 4.32628 4 3.84 3.50303 3.40076 3.1746 3.12963 2.88786 2.73525 2.5 2.24359 2.10438 0.857143 0.519298
threshold=1461.4575000000002 1.0000000180025095e-35 88.750000000000014 0.46180555555555564 1096.3905000000002 101.87500000000001 87.750000000000014 1508.1703645833338 1402.2900000000002 55.250000000000007 205.50000000000003 33425.750000000007 1234.5500000000002 38.250000000000007 0.15000000000000005 3130.5000000000005 397.66652777777784 10517.85 9575.8050000000021 45.750000000000007 27011.500000000004 34485.80000000001 16792.596000000001 524885.80778750021 0.83680555555555569 3813.8160972606615 4074.6508206377553 31577.650000000005 27.750000000000004 26546.632556250006 29319.842868750002 26.725000000000005 2115.9500000000003 412.8120512820513 130.75000000000003 26431.179231250004 1.0000000180025095e-35 4320.4594539783393 129.25000000000003 0.58680555555555569 30767.461458333335 107.75000000000001 1094.3500000000001 4089.600766845419 96.750000000000014 43.750000000000007 4074.7500000000005 852.70000000000016 98.750000000000014 31836.550000000003 14816.800000000001 2135.4000000000001
decision_type=2 2 2 2 2 2 2 2 2 2 2 2 2 2 2 2 2 2 2 2 2 2 2 2 2 2 2 2 2 2 2 2 2 2 2 2 2 2 2 2 2 2 2 2 2 2 2 2 2 2 2 2
left_child=1 7 3 20 5 40 39 8 9 10 -1 14 13 29 48 -10 34 18 -18 -15 -3 23 -23 49 25 27 -27 28 -25 -12 -31 -13 33 -7 -16 -21 37 38 -37 -5 -2 -19 -38 50 -33 -28 -22 -17 -11 -6 -26 -48
right_child=4 2 -4 6 21 32 -8 -9 15 11 12 31 -14 19 16 47 17 41 -20 35 46 22 -24 24 43 26 45 -29 -30 30 -32 44 -34 -35 -36 36 42 -39 -40 -41 -42 -43 -44 -45 -46 -47 51 -49 -50 -51 -52 -53
leaf_value=-2.302233695350647 -5.7268833765211102 1.0988605366821289 -0.029887149389646948 -0.028794130228232594 -0.0094566001892089843 -1.3501267314338685 3.4143835806941985 -0.0099742500000000005 0 0.0099992750000171358 2.0499402926261423 -5.3700000047683724e-05 -3.5540965943298342 0.0075650001525878908 0.01278049984741211 5.5480138058547972 9.019999614357947e-05 3.2241927770538332 -0.0010285501403808595 -0.027808549064636229 0.34520729491043095 0.023277274999618531 0 -0.72949331531524664 -0.022555399955749511 1.1799099731445313 -0.019085399879455567 -0.00028860000625252727 0.065000000000000002 -1.0180010305175782 0.39042814801633358 0 -2.7760963928651812 0.019997512344360355 5.552926547492981 0.0081914509353637685 9.4499998807907114e-05 -1.1813430066070558 -4.2499000549316419e-05 0.32371141525253655 -4.4441139700927739 0 -5.0000000000000008e-07 0 0.0075640001525878907 0.00042167500573396684 3.778845135986328 2.1370232754859924 4.4599998816847811e-05 -0.018380000305175781 0 2.4787459395999911
leaf_weight=29 25 25 29 20 23 20 30 25 33 28 23 37 28 25 21 20 38 20 31 39 20 21 29 24 21 31 21 33 29 23 28 27 24 24 20 31 24 22 38 25 24 24 20 21 27 20 37 20 24 25 21 20
leaf_count=29 25 25 29 20 23 20 30 25 33 28 23 37 28 25 21 20 38 20 31 39 20 21 29 24 21 31 21 33 29 23 28 27 24 24 20 31 24 22 38 25 24 24 20 21 27 20 37 20 24 25 21 20
internal_value=5.85223e-05 0.000912997 0.00364078 0.00468927 -0.00176606 -0.00435897 0.00173333 0.000137931 0.000314286 -6.37959e-05 -0.00112121 0.00111111 -0.000598007 -7.32601e-05 0.00223301 0.00356164 0.0011039 -0.000176991 -0.00246377 -0.00135678 0.00686275 -0.000815047 0.0022 -0.00137546 -0.000633484 0.000379747 0.00263889 -0.00151163 0.000754717 0.00337838 0.00156863 -0.00142857 -0.00235294 -0.000454545 0.00463415 -0.00201149 -0.00118519 -0.00274725 -0.00115942 -0.000666667 -0.00714286 0.00340909 0.00204545 -0.0031746 0.000555556 -0.00121951 0.00818182 0.0065 0.00557692 -0.00479167 -0.0047619 0.00929825
internal_weight=1367 931 206 177 436 117 75 725 700 627 330 297 301 273 206 73 154 113 69 199 102 319 50 269 221 158 72 86 53 74 51 91 68 44 41 174 135 91 69 45 49 44 44 63 54 41 77 40 52 48 42 57
internal_count=1367 931 206 177 436 117 75 725 700 627 330 297 301 273 206 73 154 113 69 199 102 319 50 269 221 158 72 86 53 74 51 91 68 44 41 174 135 91 69 45 49 44 44 63 54 41 77 40 52 48 42 57
is_linear=0
shrinkage=0.01


Tree=3
num_leaves=54
num_cat=0
split_feature=68 70 77 62 13 6 86 42 66 2 37 62 13 13 37 70 14 41 42 75 89 79 21 13 79 70 91 68 75 23 61 62 17 6 69 24 93 77 42 31 34 85 77 20 2 46 37 34 30 16 23 46 2
split_gain=17.3474 13.3327 13.0744 11.853 12.9812 9.77571 9.75616 8.56076 8.62322 8.13291 9.49672 8.05843 9.10585 7.90911 7.71375 8.14029 7.53594 9.62488 10.4435 7.20785 11.2943 6.95458 6.91671 6.88913 6.47828 6.45792 9.71378 6.41981 6.55941 6.4 6.35062 6.3 5.80996 5.68952 5.50476 5.07 4.55432 9.13514 9.66433 8.98917 7.78553 7.70717 5.23318 5.30415 4.65129 4.32884 4.29304 3.92727 3.81111 2.67442 2.5 2.30471 0.436364
threshold=1494.7 718.46600000000012 2805.9409798508409 1047.2740000000001 2898.9500000000003 3911.4100000000003 0.78700000000000003 345.25000000000006 994.50000000000011 2552.5500000000006 63.250000000000007 1231.0935000000002 2933.2500000000005 6053.3000000000011 18.250000000000004 1427.5000000000002 12353.050000000001 80.250000000000014 138.57499694824222 262.82651530002653 1202.5033312500002 647.29829710149465 28.075000000000006 2186.6500000000001 542.75627527704341 1099.1000000000001 29986.404187500004 965.30000000000007 310.65955101867661 87.250000000000014 30361.100000000002 928.79700000000014 179.60000000000005 6974.5600000000004 29915.500000000004 9.1250000000000018 417.77092105263165 4179.7592331626529 103.52500152587892 8.8250000000000028 108.25000000000001 1475.8000000000002 3626.2104548434572 1388.7500000000002 3085.0000000000005 103.60499954223634 98.250000000000014 74.750000000000014 98.250000000000014 6267.6000000000013 99.250000000000014 106.81000137329103 3020.1500000000005
decision_type=2 2 2 2 2 2 2 2 2 2 2 2 2 2 2 2 2 2 2 2 2 2 2 2 2 2 2 2 2 2 2 2 2 2 2 2 2 2 2 2 2 2 2 2 2 2 2 2 2 2 2 2 2
left_child=1 6 47 4 -2 9 7 8 36 -4 -11 -5 19 52 -7 25 -14 18 24 20 32 -15 46 49 -18 27 29 28 -16 -27 -17 -29 -13 -10 -20 -12 37 39 -39 40 41 44 -43 -44 -1 -32 -8 -3 -40 -21 -36 -47 -6
right_child=3 2 5 11 13 14 22 -9 33 10 35 12 16 21 15 30 17 -19 34 23 -22 -23 -24 -25 -26 26 -28 31 -30 -31 45 -33 -34 -35 50 -37 -38 38 48 -41 -42 42 43 -45 -46 51 -48 -49 -50 -51 -52 -53 -54
leaf_value=3.6917507211864009e-06 0.013501267314338686 7.2642152898314452 -0.362591651129818 0.027503375483474733 -5.9286173310889287 3.1424734777913885 -2.1035770280402755 0.023555285472425219 0.00014351965116044508 -0.20415985876180456 1.0792313102891684 0 9.456600189208984e-05 -3.0101264430875396 2.6288577684627223 -0.015503817539519318 0 -0.35349879365285392 1.3567425825910566 -2.3080689249210358 -0.011799099731445313 0.01675160863842726 8.8974987655580061e-05 -0.0046328730952072145 -0.10533618360658079 -0.84383177909633544 -2.8102259821860121 0.030125664495239259 0.15608809707373858 1.8990786636426793 1.7493355562406929 -1.4737952071939009 0.00013918300247192384 -0.0038557314801290631 -0.00032545099998071788 -0.0012148202134644986 -7.2349995687603947e-07 -5.1577875023689124e-05 0.00023190774837493898 0.0035767206713259222 -0.00059208857471466068 -9.9992750000171357e-05 4.249900054931642e-07 -8.2956255226135267e-05 0.0098985572500341016 2.7323031189104281 -1.3860466665254976 3.1964327487727147 0.010004881001434327 -0.018528023091011047 0.00022555399955749512 3.0527924217548854 -3.0887160387890384
leaf_weight=26 27 24 33 29 24 22 34 25 20 29 30 23 25 25 20 20 21 34 30 23 29 22 21 26 20 20 22 21 37 20 38 24 20 27 20 20 36 26 24 31 34 21 37 20 27 32 25 20 21 20 20 22 20
leaf_count=26 27 24 33 29 24 22 34 25 20 29 30 23 25 25 20 20 21 34 30 23 29 22 21 26 20 20 22 21 37 20 38 24 20 27 20 20 36 26 24 31 34 21 37 20 27 32 25 20 21 20 20 22 20
internal_value=8.04682e-05 0.000880088 0.00209251 -0.00150655 -0.00423729 0.00153659 -0.00032967 0.000346667 -5.71429e-05 -0.000982143 0.000759494 -0.000558824 -0.00102894 -0.00604396 0.00248322 0.00202899 0.000529412 -0.000344828 0.00108108 -0.0029078 -0.000694444 -0.00319149 -0.0035 -0.00521739 -0.00292683 0.000609756 -0.00193548 0.00215686 0.00438596 0.001 0.00410714 -0.000666667 0.00255814 -0.00404255 0.00342857 0.0034 0.000561056 0.00101124 0.00408451 -0.000102041 -0.0010303 7.63359e-05 -0.00192308 -0.000350877 0.00301887 0.00521739 -0.00525424 0.00727273 0.00688889 -0.00767442 0.001 0.00703704 -0.00909091
internal_weight=1367 909 454 458 118 410 455 375 350 112 79 340 311 91 298 276 170 145 111 141 72 47 80 69 41 164 62 102 57 40 112 45 43 47 70 50 303 267 71 196 165 131 78 57 53 92 59 44 45 43 40 54 44
internal_count=1367 909 454 458 118 410 455 375 350 112 79 340 311 91 298 276 170 145 111 141 72 47 80 69 41 164 62 102 57 40 112 45 43 47 70 50 303 267 71 196 165 131 78 57 53 92 59 44 45 43 40 54 44
is_linear=0
shrinkage=0.01


Tree=4
num_leaves=52
num_cat=0
split_feature=96 68 64 24 24 64 38 60 36 36 81 35 8 33 4 38 3 64 6 81 22 3 7 36 6 83 66 17 42 56 35 7 78 45 24 60 80 83 76 26 80 42 26 7 68 36 73 24 7 66 6
split_gain=12.7086 15.4327 11.9146 11.8785 13.0814 12.324 11.4668 10.0709 9.05948 10.0604 10.7733 11.7878 10.3012 15.3107 12.4251 9.01007 8.67459 7.57606 7.26747 7.1627 7.14131 6.93351 6.76862 14.9804 8.72761 7.33804 6.58017 6.45333 6.2918 5.73058 5.32396 6.35861 5.3218 6.29468 5.48577 5.30713 5.13581 4.98909 4.62779 4.37576 4.15915 3.99392 3.92727 3.6 3.29383 4.57143 11.56 3.21111 3.01902 2.91023 1.17993
threshold=1.0000000180025095e-35 1346.5740000000003 1161.3815000000002 3.6750000000000003 5.9750000000000005 1450.7640000000004 2.6750000000000007 1.0660000000000003 90.750000000000014 84.250000000000014 3923.4536218609023 26.175000000000004 418.56958748221911 54.250000000000007 3868.2550000000006 5.7250000000000005 13223.100000000002 899.1255000000001 3844.0450000000005 4413.493523319813 87.750000000000014 15360.800000000001 17.685000000000006 85.750000000000014 7178.5250000000005 2088.9000000000001 1524.6500000000003 127.25000000000001 115.87500000000001 0.6078576107927941 27.425000000000004 1595.1100000000004 461.4358645833334 22997.500000000004 12.725000000000001 1.0410000000000001 33857.697569444455 1789.250000000002 32511.221875000007 90.250000000000014 30063.291319444445 108.12500000000001 59.250000000000007 20.785000000000004 1044.8275000000001 89.250000000000014 776.18350000000009 7.3250000000000011 43.250000000000007 1602.2500000000002 5465.1900000000014
decision_type=2 2 2 2 2 2 2 2 2 2 2 2 2 2 2 2 2 2 2 2 2 2 2 2 2 2 2 2 2 2 2 2 2 2 2 2 2 2 2 2 2 2 2 2 2 2 2 2 2 2 2
left_child=1 3 7 -1 36 16 -2 -3 9 12 11 -11 13 38 37 30 20 22 -7 21 -6 -15 27 -24 -25 -26 41 -17 -27 48 31 35 42 -34 44 39 40 -14 -4 -8 -5 -9 -18 -19 45 46 -35 -43 -12 50 -20
right_child=6 2 8 4 5 18 15 26 -10 10 29 -13 14 19 -16 17 32 43 49 -21 -22 -23 23 24 25 28 -28 -29 -30 -31 -32 -33 33 34 -36 -37 -38 -39 -40 -41 -42 47 -44 -45 -46 -47 -48 -49 -50 -51 -52
leaf_value=-0.24302833168927085 -1.2454678913050281 0.048796734209054567 -0.024871140460692977 2.0303174613789663 3.7411391521209789 0.15315919778745732 -0.00028080619219899178 -1.9724943384804237 0.0057637026263269433 -0.014976787632500169 -1.0456429399616227 0.0020070178800759087 0.98981063792427537 0.00076764782987580576 -0.0039014356983911708 1.3284041376590729e-06 -0.00096984868247165291 -0.0038330415992975059 3.879405404382092 0.023277274999618531 0.00077985303209116236 -0.00017060900893807414 0.011811110988586809 -1.1431507356499921 0.0039250296510769406 -0.00010004381001434327 -0.0023998164572979173 -7.6809576517752743e-05 5.3275010042190557e-07 -4.7283000946044919e-07 0.00018341092861976627 -0.0019405468230581507 0.88395434410448304 -0.0062134046798831971 0.027558552115335536 0.0085480476273217341 0.0098086999281960033 0.00052888590790812519 -0.48691548628512388 0.0097235108785062602 5.713769667968684 -1.3771549011805342 1.6392811745279614 -0.43362851730585306 -0.084897591047971593 -0.017965867576255547 0.93531807152611568 -5.0814807111127971 -0.12780127224705631 2.5649530073515336 5.2354030725210272
leaf_weight=28 30 23 34 26 35 32 24 26 26 25 24 20 28 37 22 20 20 20 26 21 37 23 38 20 30 35 28 30 23 26 23 24 21 25 24 30 36 22 24 20 32 24 24 20 25 25 20 36 34 21 20
leaf_count=28 30 23 34 26 35 32 24 26 26 25 24 20 28 37 22 20 20 20 26 21 37 23 38 20 30 35 28 30 23 26 23 24 21 25 24 30 36 22 24 20 32 24 24 20 25 25 20 36 34 21 20
internal_value=0.00013899 0.000744898 -0.000477137 0.00203354 0.00242762 0.0015493 -0.00139535 -0.0029927 0.000464481 2.94118e-05 -0.00217054 0.00177778 0.00137441 -0.000215827 0.00444444 -0.000896359 0.000390625 -0.0020339 0.00454545 0.00259259 0.00333333 0.000833333 -0.00122449 -0.000136986 -0.00203704 -0.000681818 -0.00421053 -0.0044 -0.00275862 -0.00428571 0.00132231 0.000306122 -0.00076087 -0.00171429 -0.00260504 0.00175676 0.00574468 0.0072 -0.00413793 -0.000454545 0.00758621 -0.0055814 0.00227273 -0.006 -0.00368421 -0.00257143 -0.000666667 -0.007 -0.00603448 0.00641791 0.00782609
internal_weight=1367 980 503 477 449 355 387 137 366 340 129 45 211 139 72 357 256 236 99 81 72 60 196 146 108 88 114 50 58 84 121 98 184 140 119 74 94 50 58 44 58 86 44 40 95 70 45 60 58 67 46
internal_count=1367 980 503 477 449 355 387 137 366 340 129 45 211 139 72 357 256 236 99 81 72 60 196 146 108 88 114 50 58 84 121 98 184 140 119 74 94 50 58 44 58 86 44 40 95 70 45 60 58 67 46
is_linear=0
shrinkage=0.01


Tree=5
num_leaves=52
num_cat=0
split_feature=62 81 72 13 46 81 61 37 72 69 1 4 14 14 37 46 21 56 88 39 1 41 1 1 69 77 85 31 74 25 27 14 94 3 97 94 25 16 1 36 72 5 37 86 41 46 72 17 83 64 1
split_gain=14.4784 15.3282 12.9295 13.1757 11.3204 11.0247 13.6739 10.9302 10.8069 10.9412 8.97191 9.47543 9.03163 7.97922 7.50723 7.88604 12.2212 7.48052 7.38706 6.85286 7.69901 10.9421 6.83591 6.78169 8.10021 8.62186 8.04605 6.64024 6.26615 6.02428 5.94937 5.84948 7.00848 6.47589 5.84366 5.82063 5.62964 5.39229 5.34697 6.59216 8.00952 5.31626 5.07798 4.56802 4.30976 3.28205 3.00696 3.0026 2.57103 1.08 0.951452
threshold=1007.3000000000001 3623.1316547471383 1101.3500000000001 3078.8500000000004 102.03499984741212 4232.5690205923138 36178.200000000004 96.750000000000014 915.5055000000001 33016.750000000007 13797.950000000003 4208.5550000000012 17540.650000000005 12826.750000000002 21.250000000000004 104.45499801635744 17.725000000000005 0.6078576107927941 8112.9414583333346 134.25000000000003 19256.494000000002 90.750000000000014 17278.473500000004 13197.85 30695.900000000005 4089.600766845419 1291.7200000000003 9.2250000000000014 1345.3095520833335 36.750000000000007 76.250000000000014 19536.100000000002 597292.14625062526 15256.812000000002 0.19791666666666671 682875.53486000025 98.250000000000014 5825.9000000000005 15294.550000000001 85.750000000000014 0.94950000000000012 4273.3050000000012 81.250000000000014 595.00000000000011 101.25000000000001 103.22500228881837 0.96250000000000002 19.450000000000006 1870.8999999999962 791.94950000000006 14183.450000000003
decision_type=2 2 2 2 2 2 2 2 2 2 2 2 2 2 2 2 2 2 2 2 2 2 2 2 2 2 2 2 2 2 2 2 2 2 2 2 2 2 2 2 2 2 2 2 2 2 2 2 2 2 2
left_child=2 30 5 -4 49 6 23 -6 9 46 13 14 18 -10 -12 16 45 -14 43 -7 21 31 -8 36 38 26 -26 34 -17 48 47 32 -21 -33 35 -28 -1 41 39 -25 -41 -15 -31 -13 -23 -16 -3 -2 -18 -5 -48
right_child=1 8 3 4 7 19 22 -9 10 -11 11 12 17 37 15 28 29 -19 -20 20 -22 44 -24 24 25 -27 27 -29 -30 42 -32 33 -34 -35 -36 -37 -38 -39 -40 40 -42 -43 -44 -45 -46 -47 50 -49 -50 -51 -52
leaf_value=-0.0075318056901440078 1.3666323762217816 0.91257618052989431 0.017585112514824561 -6.3706208460648943 0.041595942342455235 0.01240319924557717 -0.00017362513592607647 -2.8800615832240739 -2.4354541063768198 -0.014639657504413803 1.8250461512610197 -0.034209437504830159 -0.003076736767525554 0.014761272431183683 -0.86491499270349603 1.2200293451516415 1.2814273328969825 0.004984664254236249 0.022504745353319075 -3.4574120942588536e-05 0.011695708841717854 -0.014378349967966662 -3.8132274535638126e-05 2.7316163812832381 0.00027704324563814625 0.0070692241351216134 4.5117664664421087e-06 0.0027700543923554035 0.00017473169472828051 -5.9028856287988674e-05 0.0035178037577903057 -0.00032363280936101513 0.026016616680968944 0.003422842354726795 -0.03111886994612505 -0.0099347754107517918 -1.2987691682521167 -0.028155248858906558 7.3667484887188994 3.2352488260530992 -1.1002652062213329 -0.63702103889669548 0.0063239006721483807 -0.02238422847245548 -0.00018018033113298168 -0.014759519765534291 3.8678715780984811 2.0026352208736653 0.0048677630328265199 -2.8272737324041111 4.6707492883342008
leaf_weight=28 20 23 36 30 23 33 23 34 28 21 36 34 28 20 26 20 22 22 20 21 22 27 34 20 23 22 25 21 29 35 31 22 37 23 23 27 23 26 24 20 28 31 36 33 33 24 21 35 21 20 20
leaf_count=28 20 23 36 30 23 33 23 34 28 21 36 34 28 20 26 20 22 22 20 21 22 27 34 20 23 22 25 21 29 35 31 22 37 23 23 27 23 26 24 20 28 31 36 33 33 24 21 35 21 20 20
internal_value=0.000117302 0.00117825 -0.000883191 -0.00356643 -0.0053271 -0.00019678 -0.00131965 -0.0022807 0.000590278 0.00388235 2.03666e-05 0.000725389 -0.00138686 -0.00257143 0.00188755 0.00117371 0.000121951 0.002 -0.00333333 0.00155963 0.000810811 6.13497e-05 -0.00578947 -0.000422535 0.000300429 -0.00120567 -0.00226891 -0.00354167 0.00469388 0.00192982 0.00511628 0.00203883 0.00413793 -0.000666667 -0.00493333 -0.00307692 -0.00372549 -0.000909091 0.0026087 0.00117647 -0.000833333 0.000980392 0.000140845 -0.00492537 -0.00333333 -0.004 0.0059375 0.00709091 0.00488372 -0.0088 0.00756098
internal_weight=1364 662 702 143 107 559 341 57 576 85 491 386 137 105 249 213 164 50 87 218 185 163 57 284 233 141 119 96 49 114 86 103 58 45 75 52 51 77 92 68 48 51 71 67 60 50 64 55 43 50 41
internal_count=1364 662 702 143 107 559 341 57 576 85 491 386 137 105 249 213 164 50 87 218 185 163 57 284 233 141 119 96 49 114 86 103 58 45 75 52 51 77 92 68 48 51 71 67 60 50 64 55 43 50 41
is_linear=0
shrinkage=0.01


Tree=6
num_leaves=52
num_cat=0
split_feature=8 70 68 68 74 13 30 74 73 78 67 69 30 77 70 77 4 75 21 33 7 73 36 78 100 20 23 43 65 16 65 26 90 77 97 20 77 77 24 39 30 34 21 10 16 30 33 4 97 30 4
split_gain=10.7172 8.76692 16.7002 9.53135 9.14187 13.0749 10.0356 8.68062 9.73545 8.94383 8.1012 8.01793 7.97362 6.9531 11.7895 11.7291 10.114 10.0518 7.63366 6.96174 6.63578 8.35797 6.48567 6.48013 5.96514 5.22011 5.07512 8.27599 6.58172 8.09936 11.5238 10.6909 7.0028 6.75002 8.16671 7.03275 4.71229 4.68951 6.17265 4.46001 4.40682 4.04339 4.00041 6.22588 7.4213 3.6336 4.23253 3.06303 3 2.4381 2.07261
threshold=392.9500000000001 1458.8945000000001 1024.6000000000001 1602.2500000000002 1474.7934791666669 1428.3000000000002 20.250000000000004 1019.5421458333335 0.99950000000000017 1173.7365416666669 32945.000000000007 31618.450000000001 85.750000000000014 3524.4801730504018 552.08900000000017 3781.2239262907901 2788.4550000000004 196.98709712867858 27.725000000000005 88.250000000000014 195.40000000000003 1297.5000000000002 86.750000000000014 438.2365069444445 0.017361111111111115 760.80000000000007 33.750000000000007 77.045001983642592 29599.500000000004 6891.0500000000011 33751.30000000001 115.25000000000001 987.17535000000032 3929.2913865803307 0.11458333333333336 1237.8500000000001 4251.2291002674292 3766.3513455451694 8.2250000000000014 157.75000000000003 56.750000000000007 83.250000000000014 26.275000000000002 37999.30000000001 5545.1500000000005 55.250000000000007 31.250000000000004 15751.510000000002 0.28125000000000006 72.250000000000014 13292.010000000002
decision_type=2 2 2 2 2 2 2 2 2 2 2 2 2 2 2 2 2 2 2 2 2 2 2 2 2 2 2 2 2 2 2 2 2 2 2 2 2 2 2 2 2 2 2 2 2 2 2 2 2 2 2
left_child=12 3 37 13 5 -4 -6 -7 -9 -10 20 -5 -1 14 18 16 -15 -17 23 -18 21 -8 49 -2 -23 -21 27 -19 32 31 -31 42 -28 -34 35 -35 -12 -3 -39 -13 -24 -41 43 44 -30 -11 -47 50 -36 -16 -44
right_child=1 2 4 11 6 7 10 8 9 45 36 39 -14 15 22 17 19 26 -20 25 -22 24 40 -25 -26 -27 28 -29 29 30 -32 -33 33 34 48 -37 -38 38 -40 41 -42 -43 47 -45 -46 46 -48 -49 -50 -51 -52
leaf_value=-0.022491735556941984 -0.027172646311279178 5.5851493491312798 -0.022351941766101013 0.0014106489595608629 -0.00069153861354448237 -0.006969516352142895 -0.023353340985694936 1.3319946453871641 -0.011494615880124761 6.7218726572894236e-05 0.010392244732875824 -4.1777595185111993 -5.394448701910818 0.044466123687287536 2.3737755578686688 -0.017759950029777049 -2.668411059278037 -0.43070749531877967 0.0099577322515902664 -1.3233926828459313 0.015959922555020042 -0.019554742044198874 4.9159416337992399 0.00010883337430462551 0.00017298437778099772 -1.4570364408962134e-06 0.79551150843880702 6.4728239392110499e-06 0.0062948466337204934 0.010116310650304145 -9.5079506727599418e-05 -6.0633943236970843e-05 2.0032198315418346 -1.4101577821150255 -4.3804235186138385 1.2772102063800188 -4.4485190933844173e-05 4.5625358483719429 0.39689693263535442 -0.012566953754387615 -0.0018848356474561634 -2.4400834579133432 0.01136185209272802 -0.00692568511784287 0.026696074962275378 0.022402203517621535 1.80545418560156 0.011694236945000309 -0.0062151380871178358 3.1669660982008767 2.7603900111757702e-05
leaf_weight=21 39 25 24 30 23 39 20 23 33 20 33 24 22 20 20 33 26 29 37 28 20 24 21 34 27 39 24 21 26 21 21 35 23 20 24 21 20 24 25 27 34 32 31 24 25 35 24 21 24 28 20
leaf_count=21 39 25 24 30 23 39 20 23 33 20 33 24 22 20 20 33 26 29 37 28 20 24 21 34 27 39 24 21 26 21 21 35 23 20 24 21 20 24 25 27 34 32 31 24 25 35 24 21 24 28 20
internal_value=2.93255e-05 0.000189251 0.00134396 -0.000385488 0.000465753 0.00191919 -0.00125749 0.00287356 0.00407407 0.00285714 -0.000277778 -0.00309735 -0.00488372 1.30039e-05 0.0015493 -0.00057554 -0.00345133 0.000158014 -0.000727273 -0.00483871 -0.00208791 -0.00352113 0.00398058 -0.00260274 -0.00137255 -0.00313433 0.000585366 -0.0024 0.001 0.00205357 -0.00190476 0.00296703 -0.000735294 -0.00178571 -0.00303371 0.000243902 0.00283019 0.00567568 0.00387755 -0.0046988 0.00163636 -0.00322034 0.00414966 0.00253333 0.0045098 0.00468354 0.0059322 0.00583333 -0.00583333 0.00666667 0.0045098
internal_weight=1364 1321 439 882 365 198 167 174 135 112 144 113 43 769 213 556 113 443 110 93 91 71 103 73 51 67 410 50 360 224 42 182 136 112 89 41 53 74 49 83 55 59 147 75 51 79 59 72 48 48 51
internal_count=1364 1321 439 882 365 198 167 174 135 112 144 113 43 769 213 556 113 443 110 93 91 71 103 73 51 67 410 50 360 224 42 182 136 112 89 41 53 74 49 83 55 59 147 75 51 79 59 72 48 48 51
is_linear=0
shrinkage=0.01


Tree=7
num_leaves=53
num_cat=0
split_feature=72 70 27 25 41 69 16 5 98 25 61 43 43 16 65 89 83 89 69 67 65 65 25 13 13 25 36 43 68 41 43 46 36 38 38 19 3 36 22 19 19 16 83 5 38 41 43 25 5 11 19 41
split_gain=13.8342 12.0442 11.2774 14.3964 15.3244 9.95701 9.54508 10.0396 9.49572 8.20222 14 7.88518 10.4852 7.22952 6.26756 8.88304 8.43896 8.24706 5.64701 6.46202 10.0278 7.3517 6.58449 5.56194 6.90023 7.11011 5.36176 7.15237 5.2964 5.29357 6.48932 8.09633 10.7831 9.29567 7.10811 6.97582 6.45985 5.70758 5.66108 4.71967 5.54113 4.38522 5.18907 4.2595 3.8912 3.81111 3.6 3.16052 2.96609 2.61467 2.49161 1.95751
threshold=1297.9565000000002 718.46600000000012 105.25000000000001 173.25000000000003 82.750000000000014 33727.55000000001 4976.9000000000005 14693.775000000001 0.23958333333333334 58.250000000000007 29554.150000000005 86.24499893188478 82.395000457763686 5755.2000000000016 28683.750000000004 838.42663125000001 2045.4000000000017 999.46055624999997 26056.050000000007 34769.200000000004 33223.150000000009 30122.500000000004 72.250000000000014 2376.5000000000005 15579.85 223.25000000000003 86.750000000000014 76.514999389648452 895.92400000000009 44.250000000000007 77.045001983642592 106.189998626709 83.250000000000014 5.8750000000000009 4.325000000000002 1720.1500000000003 14325.950000000003 86.250000000000014 91.250000000000014 1036.1500000000003 361.50000000000006 5763.2000000000016 1795.4499999999973 3619.1200000000003 7.625 95.250000000000014 82.395000457763686 181.25000000000003 7298.4950000000008 37092.600000000006 1208.6500000000003 83.750000000000014
decision_type=2 2 2 2 2 2 2 2 2 2 2 2 2 2 2 2 2 2 2 2 2 2 2 2 2 2 2 2 2 2 2 2 2 2 2 2 2 2 2 2 2 2 2 2 2 2 2 2 2 2 2 2
left_child=1 5 3 4 11 18 -7 23 9 10 -2 12 14 48 15 -3 -17 -16 -1 21 -21 22 -20 -8 25 26 -25 -28 -4 -10 34 32 35 49 37 38 -33 -31 50 40 -11 42 -24 -36 -45 -5 -37 -43 -6 -34 -32 -35
right_child=8 2 28 45 13 6 7 -9 29 39 -12 -13 -14 -15 17 16 -18 -19 19 20 -22 -23 41 24 -26 -27 27 -29 -30 30 31 36 33 51 43 46 -38 -39 -40 -41 -42 47 -44 44 -46 -47 -48 -49 -50 -51 -52 -53
leaf_value=0.030932479885010748 -2.8966888787266876 -0.028356803380154422 0.017194330086676812 7.3056872451754202 -0.013877963494854817 0.0075409350784705368 -3.3277584665886655e-05 -0.00013184740096819819 0.72052545893186082 -2.6351266052417124 0.075329552375565434 2.7168814089196087 -0.12211866638925858 -0.60208348455967997 3.9926308529049961 2.8632034009921035 -0.023781267397117053 0.57451678974484544 -5.0911409557753577 0.0038993131332194894 -0.0001897165149301154 -0.025578081929393998 -1.8543972853214479 0.0097171308195955885 -0.00057174985921943559 -5.9936831455810503e-05 0.011165453645226631 7.4252065300412319e-07 -1.8381558570124292 -1.2034224315421729 -0.00023648361010828863 0.0091334529890511971 -0.045716227892235922 -0.45747764252789175 6.5647429794984164e-06 -0.0018492894269085648 -0.0083411212159027713 0.00048908338208777534 0.0026559799758021922 -4.1815060274962654 0.016334268493296614 0.01317245610274048 -1.9719790534369132e-05 0.65515090744920645 0.011923135483308216 0.4595808842996098 0.011610604981013312 -0.0069003080252308816 0.16246411182921761 0.0027572324177208558 -0.015161405653228969 -4.669546737696467
leaf_weight=27 28 38 20 36 21 23 35 35 24 22 28 38 21 24 31 35 20 30 26 23 27 20 21 30 20 22 33 38 21 20 23 31 23 31 35 20 27 23 22 26 20 22 25 21 26 20 20 28 20 22 20 22
leaf_count=27 28 38 20 36 21 23 35 35 24 22 28 38 21 24 31 35 20 30 26 23 27 20 21 30 20 22 33 38 21 20 23 31 23 31 35 20 27 23 22 26 20 22 25 21 26 20 20 28 20 22 20 22
internal_value=0.000131965 0.000939759 0.00226667 0.00287425 0.00194245 -0.000153846 0.00127119 0.000610329 -0.0011236 -0.00354839 -0.000714286 0.00323944 0.00234286 -0.00230769 0.00324675 0.0016129 0.00418182 0.0057377 -0.0016895 -0.00229167 0.0008 -0.00338028 -0.00245902 0.00157303 0.00244755 0.00333333 0.00445545 0.00295775 -0.00268293 -0.000390244 -0.000673575 -0.00157088 -0.00251232 -0.00489796 0.0012 -0.000285714 0.00172414 -0.00209302 -0.00230769 -0.00588235 -0.00380952 -0.00125 -0.00347826 0.00292683 0.00489362 0.0075 0.003 0.0008 0.000243902 -0.00155556 -0.0044186 -0.00773585
internal_weight=1364 830 375 334 278 455 236 213 534 124 56 213 175 65 154 93 55 61 219 192 50 142 122 178 143 123 101 71 41 410 386 261 203 98 125 105 58 43 65 68 42 96 46 82 47 56 40 50 41 45 43 53
internal_count=1364 830 375 334 278 455 236 213 534 124 56 213 175 65 154 93 55 61 219 192 50 142 122 178 143 123 101 71 41 410 386 261 203 98 125 105 58 43 65 68 42 96 46 82 47 56 40 50 41 45 43 53
is_linear=0
shrinkage=0.01


Tree=8
num_leaves=53
num_cat=0
split_feature=8 24 24 25 46 11 79 30 44 35 0 62 68 35 30 11 72 65 44 24 88 41 27 46 64 62 73 97 30 17 35 89 65 1 64 31 0 34 97 17 19 1 2 8 41 29 33 11 69 0 5 0
split_gain=11.1045 9.54408 10.3982 9.53618 8.69558 7.9865 9.68274 7.97362 7.93469 7.40265 11.9137 9.10016 10.7443 8.71312 8.56506 7.81419 7.38028 14.4718 10.5875 10.1335 9.73188 7.64721 7.00171 6.92713 6.25027 6.1244 7.139 14.8754 7.03232 6.08444 5.95238 5.42769 6.81863 12.1309 9.70445 5.33333 5.2964 5.18205 4.84848 4.66673 4.93248 6.48148 4.34051 4.30504 4.29419 4.27484 4.25141 3.86249 3.42389 4.53704 2.58799 1.6
threshold=392.9500000000001 3.8750000000000004 5.4750000000000005 254.75000000000003 108.689998626709 34623.400000000009 452.25793916514567 85.750000000000014 2.8815000057220463 24.425000000000004 30563.050000000007 1326.6000000000001 1386.2 23.825000000000006 12.750000000000002 38251.950000000004 0.9195000000000001 32591.600000000002 2.5210000276565556 12.125000000000002 3153.9631249999993 80.250000000000014 95.250000000000014 103.84499740600587 1.0155000000000001 1651.5535000000002 1469.5330000000001 0.53125000000000011 73.750000000000014 153.55000000000004 26.175000000000004 1587.5844562500001 30182.600000000002 15655.600000000002 1295.8500000000001 6.4750000000000005 28030.750000000004 75.250000000000014 0.072916666666666671 68.100000000000009 158.20000000000002 13619.250000000002 2758.3000000000006 414.09197368421059 86.250000000000014 82.750000000000014 132.25000000000003 37669.750000000007 33063.450000000004 30826.550000000003 3943.6950000000002 31854.100000000002
decision_type=2 2 2 2 2 2 2 2 2 2 2 2 2 2 2 2 2 2 2 2 2 2 2 2 2 2 2 2 2 2 2 2 2 2 2 2 2 2 2 2 2 2 2 2 2 2 2 2 2 2 2 2
left_child=7 5 8 4 9 -2 -7 -1 23 10 13 14 15 36 -11 45 17 19 46 21 -18 -16 29 37 -10 26 27 -14 -27 -8 -17 32 33 34 39 -23 -4 -3 -20 40 -22 -42 -41 -34 -6 -13 -19 -28 49 -26 -47 -12
right_child=1 2 3 -5 44 6 22 -9 24 11 51 12 25 -15 16 30 20 18 38 -21 31 35 -24 -25 48 28 47 -29 -30 -31 -32 -33 43 -35 -36 -37 -38 -39 -40 42 41 -43 -44 -45 -46 50 -48 -49 -50 -51 -52 -53
leaf_value=-0.022011037382078626 -3.2526837415560914 -0.004389450420226244 -0.19386101586282831 2.2188121209891909 1.1798456207324926 0.025675818688896974 -0.00013597548638613963 -5.3058577308277712 0.0019970227207431073 0.021122225804376678 -0.015880135538367611 3.3044800805049066 0.014002089380853257 -0.83678636234979142 -8.2099245426411427e-05 2.5415291894975947 0.050514759678823351 -0.00010144631803322011 -2.3447808215749498e-05 0.020808991574785041 -2.3925427309266913 1.5249508465284749 0.0075002103176789701 0.01028825663811727 0.94747010855175262 -6.7995433216537312e-05 -0.015999828941888165 -0.025854988388021083 0.006267088782870218 -0.013339839873965873 -0.020758968993745752 0.01040946866517429 -0.055042270120339576 0.059660071009338442 0.60159718116937699 0.0023493129926338667 0.83822072990118646 0.00022757145464138992 0.010293561129101738 -5.626123992534513 -1.4603693554125032 0.042002470415557623 -0.5371041273117525 -2.4087439339732288 0.0062842347620167141 1.942804216410845 -0.002518327055551287 0.00068400468254267743 0.0078121009705955516 3.3372961354013513 3.5594755179476354 -1.658321207652889
leaf_weight=21 31 22 20 26 29 25 20 22 22 32 20 21 22 21 39 20 24 23 33 22 23 24 20 23 24 36 37 27 30 25 28 38 32 23 21 24 21 25 22 26 36 27 24 34 24 21 29 28 22 30 25 20
leaf_count=21 31 22 20 26 29 25 20 22 22 32 20 21 22 21 39 20 24 23 33 22 23 24 20 23 24 36 37 27 30 25 28 38 32 23 21 24 21 25 22 26 36 27 24 34 24 21 29 28 22 30 25 20
internal_value=0.000117302 0.000280091 0.00055 0.000174419 1.98807e-05 -0.00239669 -0.000888889 -0.00488372 0.00285714 -0.00019937 -0.0027451 0.000105758 0.00152542 0 -0.000647482 0.00391304 -0.000954198 0.000462963 -0.00214953 0.00302752 -0.00194805 0.00149425 -0.00292308 0.000285714 0.00469388 0 -0.00140351 -0.00428571 0.00242424 -0.00511111 0.000833333 -0.00246479 -0.00300813 -0.002 -0.00299363 0.00416667 0.00268293 -0.00191489 0.000909091 -0.00397059 -0.00255814 -0.00111111 -0.0064 -0.00575758 0.00396226 0.0061194 -0.00538462 0.000769231 0.00605263 0.00740741 0.00782609 -0.007
internal_weight=1364 1321 1200 1032 1006 121 90 43 168 953 102 851 295 62 556 115 524 216 107 109 308 87 65 70 98 180 114 49 66 45 48 284 246 180 157 48 41 47 55 136 86 63 50 66 53 67 52 65 76 54 46 40
internal_count=1364 1321 1200 1032 1006 121 90 43 168 953 102 851 295 62 556 115 524 216 107 109 308 87 65 70 98 180 114 49 66 45 48 284 246 180 157 48 41 47 55 136 86 63 50 66 53 67 52 65 76 54 46 40
is_linear=0
shrinkage=0.01


Tree=9
num_leaves=50
num_cat=0
split_feature=68 70 64 34 23 43 13 14 89 24 75 69 1 45 73 38 97 14 75 4 88 92 30 73 14 34 16 81 35 32 98 5 32 89 14 83 24 88 67 23 83 75 75 78 71 43 32 81 25
split_gain=10.3584 13.1599 12.756 11.7959 10.7431 10.6972 10.542 11.6829 11.3308 10.3509 11.4699 10.4492 9.11985 8.27604 11.6442 8.03516 8.1111 8.00474 7.55851 7.11652 8.88465 9.11227 7.31429 7.27576 7.05333 6.95215 6.43684 6.4035 6.33023 8.0498 6.24285 6.22171 10.3425 6.13608 6.10462 5.71429 5.56133 5.4831 5.0578 4.87879 4.66598 4.55652 5.00472 5.87174 4.46305 3.85284 3.21429 2.94397 2.56098
threshold=1398.6000000000001 718.46600000000012 1146.8500000000001 79.750000000000014 99.750000000000014 92.250000000000014 2163.2500000000005 16168.750000000002 1209.50480625 6.0750000000000011 392.90254017205922 27169.050000000007 16081.750000000002 23244.500000000004 949.15000000000009 8.2250000000000014 0.84375000000000011 15061.000000000002 638.4004935525146 3997.4950000000003 3840.8722916666661 23668.442787500007 99.750000000000014 1486.5455000000002 18669.650000000005 84.250000000000014 4236.6500000000005 3647.5514466036025 26.975000000000005 229.25000000000003 0.46180555555555564 6987.4650000000011 96.750000000000014 1384.5416812500002 17589.300000000003 1863.7500000000002 5.8250000000000011 6120.4277083333336 34086.200000000004 81.750000000000014 1740.8499999999988 628.30576415976907 561.91335254608578 393.52606250000002 1288.8500000000001 83.170001983642592 253.75000000000003 3846.6914684539424 137.75000000000003
decision_type=2 2 2 2 2 2 2 2 2 2 2 2 2 2 2 2 2 2 2 2 2 2 2 2 2 2 2 2 2 2 2 2 2 2 2 2 2 2 2 2 2 2 2 2 2 2 2 2 2
left_child=1 9 6 5 30 12 -2 47 -9 41 17 -12 27 -13 18 19 44 48 28 20 35 23 -23 -22 -19 -18 -21 37 46 -30 -5 32 36 -6 39 -4 -29 -3 -14 -28 -38 42 43 -1 -17 -20 -15 -8 -11
right_child=2 3 15 4 33 -7 7 8 -10 10 11 13 38 14 -16 16 25 24 45 26 21 22 -24 -25 -26 -27 34 31 29 -31 -32 -33 -34 -35 -36 -37 40 -39 -40 -41 -42 -43 -44 -45 -46 -47 -48 -49 -50
leaf_value=0.010388409501911307 0.023003016271767516 1.4162754329702187 0.00040764642159984098 3.5493773857392128 -0.8072495062248578 2.6931538172722878 -2.2936961930226714 -4.1482862867429864 0.030564701719544129 -3.1593597381619198 1.846307034627348 -0.6494150593364022 4.996887812098052 -8.5317459527305513e-06 0.0328404246875309 0.0084132904991101303 -0.010365874560331317 0.010865692007208706 -0.00044019267587761175 0.0020937073130412333 0.0014172962611078517 0.016638360560721946 -0.013538999081747929 0.035446856015883987 -0.012410250133988207 0.00012389379740770646 -0.0080778973395456057 2.2757975190974391 0.014047450175210108 -4.8066388112377521e-06 -0.01670757496372902 1.485616349481468 -0.82841849872629358 -0.0024931437849957743 -0.0028527841403868694 -0.23881893794108336 -0.052547748485524542 1.7182382828593052 1.0340717661102279 -0.67193035948116764 0.93326314583519621 -9.613648571386777e-05 0.010027427141452043 -2.4434324258481594e-05 0.36332293171487495 -5.0549368904848015e-05 -0.0018796969499877609 -4.9534554890790936 -0.072510180214206535
leaf_weight=29 26 26 21 39 30 36 24 27 32 21 25 37 26 36 29 31 21 20 26 20 20 35 28 24 30 20 21 20 20 27 20 29 39 31 34 24 20 22 33 23 33 26 26 39 37 23 20 38 20
leaf_count=29 26 26 21 39 30 36 24 27 32 21 25 37 26 36 29 31 21 20 26 20 20 35 28 24 30 20 21 20 20 27 20 29 39 31 34 24 20 22 33 23 33 26 26 39 37 23 20 38 20
internal_value=0.000146628 0.000815851 -0.000988142 0.00212871 -0.0005 0.00323944 -0.00346939 -0.00471074 -0.00152542 -0.000352423 -0.00125749 -0.000123457 0.0025 -0.000825688 5.52486e-05 2.78552e-05 0.00229358 -0.00428571 -0.00105263 -0.00096 0.000394737 0.00196262 -0.00047619 0.00545455 -0.0016 -0.00121951 -0.00306122 0.00142857 0.000485437 0.00319149 0.00254237 0.00035461 -0.000714286 -0.00344262 -0.00435897 -0.00333333 0.00150685 0.00458333 0.0059322 -0.00681818 -0.000188679 0.00216667 0.00319149 0.00176471 0.00441176 -0.00428571 -0.00178571 -0.00774194 -0.00756098
internal_weight=1364 858 506 404 120 284 147 121 59 454 334 243 248 218 181 359 109 91 152 250 152 107 63 44 50 41 98 189 103 47 59 141 112 61 78 45 73 48 59 44 53 120 94 68 68 49 56 62 41
internal_count=1364 858 506 404 120 284 147 121 59 454 334 243 248 218 181 359 109 91 152 250 152 107 63 44 50 41 98 189 103 47 59 141 112 61 78 45 73 48 59 44 53 120 94 68 68 49 56 62 41
is_linear=0
shrinkage=0.01


Tree=10
num_leaves=50
num_cat=0
split_feature=74 42 68 98 73 31 73 91 46 65 97 30 71 88 71 42 66 90 71 66 26 31 56 66 98 93 87 31 71 24 70 7 0 66 76 22 90 97 76 97 94 74 67 90 43 60 88 20 31
split_gain=11.7283 13.4548 12.098 11.4282 15.5607 10.1536 10.112 8.56031 8.55273 8.45256 9.44428 8.31427 8.1991 8.01656 7.28575 7.15365 6.69329 6.6422 10.9208 7.64195 8.80476 7.62068 10.9488 7.23661 6.47755 11.1792 9.00779 7.39369 6.32811 10.6106 9.49451 5.96569 5.90567 5.66115 10.2682 7.64204 5.96829 6.45333 5.94103 6.96885 6.464 5.08908 4.85328 4.11752 4.57875 3.92567 3.80562 2.87234 2.17391
threshold=1270.1450208333338 368.00000000000006 1412.9215000000002 0.51041666666666674 996.75000000000011 4.1750000000000016 1469.5330000000001 20390.959956250001 101.87500000000001 23789.350000000002 0.34375000000000006 57.250000000000007 846.00400000000013 4593.9262499999995 1077.9230000000002 123.62500000000001 1602.2500000000002 2290.9918500000008 0.15000000000000005 1.0895000000000004 140.75000000000003 4.9750000000000005 -0.60785761079279388 1301.1500000000003 0.12152777777777779 415.43671052631584 0.59375000000000011 5.2250000000000005 793.2700000000001 10.225000000000001 0.99700000000000011 1119.1600000000001 34090.000000000007 1682.5500000000002 31183.166666666668 86.750000000000014 2042.6458500000001 0.86458333333333337 35939.445833333346 0.71875000000000011 616244.25311531266 924.17595833333337 33084.350000000006 1769.4652500000004 79.055000305175795 1.0000000180025095e-35 5363.2877083333342 327.50000000000006 7.1750000000000016
decision_type=2 2 2 2 2 2 2 2 2 2 2 2 2 2 2 2 2 2 2 2 2 2 2 2 2 2 2 2 2 2 2 2 2 2 2 2 2 2 2 2 2 2 2 2 2 2 2 2 2
left_child=1 2 7 4 46 15 13 -1 14 -9 17 -10 -12 -6 47 -5 32 19 31 20 24 22 -21 28 25 27 -26 45 30 -30 -23 -19 43 34 35 -7 37 -36 39 -35 -41 -24 48 44 -13 -11 -2 -4 -20
right_child=3 -3 8 5 6 33 -8 9 11 10 12 16 -14 -15 -16 -17 -18 18 42 21 -22 23 41 -25 26 -27 -28 -29 29 -31 -32 -33 -34 38 36 -37 -38 -39 -40 40 -42 -43 -44 -45 -46 -47 -48 -49 -50
leaf_value=0.81205181260491066 1.184739649922689 0.045042103261741538 -2.3491873587358976 -0.0040053900176292212 0.66457266199365717 -0.0030362372485859233 0.02561868176176095 -1.4435490832162312 0.029454458662031984 -1.0260063946738782e-05 -0.015952726463415765 -2.4011741314634789 0.010553817787904931 -1.4841303109445847 -1.1919296319674439 -0.039547388464124637 0.0034922172796708569 -4.7585724231253745e-06 -4.5691500703896457 -0.00015244912121948923 -0.00072734180337719837 1.2541584712470169e-05 0.60900302132869666 -1.0430663409895899 7.2102003757687394e-05 0.031471690724297612 -0.015150336994047194 0.013169525546085747 0.71945753815920765 -1.509706116098966 4.1394491609533564 0.0096344847718637869 0.00085236810175065374 0.60463080152483506 -0.70120566748569158 0.87514283681480809 0.0053991552227036187 0.00097962449187657063 1.0047274677892739 0.008479937054387543 -0.00071764979585391814 1.6455878146607585 -6.9203368796358559e-05 -3.5432572414607773 -0.0044708921123997819 -0.11101182128044541 4.5801563087428372 -4.656451303300571 -1.2343171025990096
leaf_weight=32 30 33 20 38 21 25 24 25 28 20 37 24 29 25 28 24 33 39 23 23 28 24 39 35 20 34 22 23 30 29 28 23 27 20 30 24 24 20 20 24 35 23 31 25 28 21 37 27 23
leaf_count=32 30 33 20 38 21 25 24 25 28 20 37 24 29 25 28 24 33 39 23 23 28 24 39 35 20 34 22 23 30 29 28 23 27 20 30 24 24 20 20 24 35 23 31 25 28 21 37 27 23
internal_value=0.000110701 -0.000513919 -0.000743618 0.00149644 0.00386861 0.000352113 0.000571429 -4.53858e-05 -0.00266667 -0.000302067 -6.62252e-05 -0.00139394 -0.00363636 -0.00217391 -0.00546667 -0.00322581 -0.00240876 0.000371747 -0.00151079 0.00102757 -0.000595238 0.00220779 0.00458824 0.000821918 0.000428571 0.00183673 -0.00285714 -0.000625 0.00207207 -0.000169492 0.00461538 0.0016129 -0.00365385 0.00135135 -8.13008e-05 0.00346939 -0.00243243 -0.0044 0.00313131 0.00189873 0.000169492 0.00677419 -0.00402597 -0.00506494 -0.00346154 -0.00317073 0.00731343 -0.00787234 -0.00608696
internal_weight=1355 934 901 421 137 284 70 661 240 629 604 165 66 46 75 62 137 538 139 399 168 231 85 146 140 98 42 64 111 59 52 62 104 222 123 49 74 50 99 79 59 62 77 77 52 41 67 47 46
internal_count=1355 934 901 421 137 284 70 661 240 629 604 165 66 46 75 62 137 538 139 399 168 231 85 146 140 98 42 64 111 59 52 62 104 222 123 49 74 50 99 79 59 62 77 77 52 41 67 47 46
is_linear=0
shrinkage=0.01


Tree=11
num_leaves=54
num_cat=0
split_feature=8 21 84 72 64 43 98 67 21 21 17 57 34 82 82 24 100 83 58 67 10 5 86 88 69 21 77 67 82 21 88 83 69 83 84 91 77 28 58 66 64 58 25 69 26 79 77 91 39 10 69 43 100
split_gain=12.8054 11.0443 10.2134 7.04721 13.3483 10.0153 9.678 9.1126 9.47094 11.0535 8.85576 8.35088 7.78696 9.05797 7.62812 7.48364 7.01931 6.66794 8.1033 6.16975 7.35797 9.71543 7.73099 8.48906 6.58686 7.84947 6.50546 5.98724 6.59823 5.18907 5.14616 5.10006 7.49423 5.89532 8.51738 5.50954 5.58072 5.25742 4.94081 4.90667 4.19255 4.18841 4.0744 9.82841 8.96037 3.9058 3.49588 7.26807 4.9 3.48444 3.32938 2.71515 2.5
threshold=392.9500000000001 29.675000000000001 861.3407395833334 1297.9565000000002 1450.7640000000004 91.715000152587891 0.17013888888888892 31298.500000000004 28.725000000000005 28.225000000000005 146.65000000000001 1.0000000180025095e-35 75.750000000000014 -37.585000000000029 -41.870499999999986 7.4250000000000016 0.53125000000000011 499.9500000000026 -0.93301270189221919 32767.450000000001 30607.500000000004 5414.2600000000011 752.13550000000009 4400.4758333333339 32292.400000000005 22.975000000000005 4001.6695332754302 31867.900000000005 1408.1400000000001 24.825000000000006 4200.4593750000013 2259.1000000000008 29233.700000000001 1715.4000000000035 564.27323958333341 31421.726212500009 4199.0132389378259 27.225000000000005 1.0000000180025095e-35 944.05600000000015 845.24850000000004 -0.6830127018922193 30.250000000000004 29744.250000000004 1.0000000180025095e-35 489.85996340845492 2973.2506659446835 26479.353462500007 150.25000000000003 33099.950000000004 31534.700000000001 75.174999237060561 0.5590277777777779
decision_type=2 2 2 2 2 2 2 2 2 2 2 2 2 2 2 2 2 2 2 2 2 2 2 2 2 2 2 2 2 2 2 2 2 2 2 2 2 2 2 2 2 2 2 2 2 2 2 2 2 2 2 2 2
left_child=-1 3 -3 4 7 10 15 12 9 17 11 51 14 -14 -2 -5 -10 -9 52 24 -21 22 -22 -24 25 27 30 28 42 -27 -26 32 -20 34 -34 -35 -37 -33 -39 -17 41 -15 44 -44 -8 -40 -16 48 -48 -32 -45 -6 -19
right_child=1 2 -4 6 5 -7 19 8 16 -11 -12 -13 13 40 46 39 -18 18 31 20 21 -23 23 -25 26 29 -28 -29 -30 -31 49 37 33 35 -36 36 -38 38 45 -41 -42 -43 43 50 -46 -47 47 -49 -50 -51 -52 -53 -54
leaf_value=-3.7745329568700794 -0.83548885126030403 0.0075888429867217782 5.1263645946252288 -0.6282248817460071 2.8202617810331798 3.7902720873593423 0.1576373269702652 0.016783256108089461 -0.017960777548400041 0.0076586995843108121 -0.056589858255580716 -0.010696274556257115 0.8727739644660284 0.038984138840624037 3.5062855078539212 -2.6313683672808215 -0.00013985789746891137 -0.021539619264902981 -0.18920712977954054 -0.068778894984132755 0.057595178448383688 -0.006009063427639235 -0.0044214196637276425 0.0045075977548062456 -0.0044285424638400668 0.39939447814104428 0.0030764271699152304 -0.58644773676236039 -0.022282731763437466 0.0033399642427794363 -0.41562448059319318 -0.21591227140948119 0.021491895809988538 0.010470376427348051 -0.034789682176538217 -0.00018601231409834951 0.011962034043193664 0.001915096102737124 0.00019123028903330158 -3.162811159573073 -1.0390030384847442 -2.3476876621918978 0.95117600947737135 -0.0073472612484761146 -0.84230056485375193 -0.023489869585312129 -0.81279581646334143 2.0104119970662788 0.63848450892079911 -0.021856958640854907 0.0065763828354176582 4.933995973892471 -0.00024511398949932556
leaf_weight=38 28 31 21 39 20 29 26 24 27 25 26 34 23 25 30 25 22 20 20 33 28 23 27 26 28 21 23 21 22 25 20 35 20 27 29 21 20 39 22 23 21 23 20 21 22 24 20 28 20 25 23 22 20
leaf_count=38 28 31 21 39 20 29 26 24 27 25 26 34 23 25 30 25 22 20 20 33 28 23 27 26 28 21 23 21 22 25 20 35 20 27 29 21 20 39 22 23 21 23 20 21 22 24 20 28 20 25 23 22 20
internal_value=-6.64207e-05 9.87092e-05 0.00461538 -8.69565e-05 0.000537634 0.00343511 -0.000978887 -8.15661e-05 -0.000987342 -0.000404624 0.00196078 0.00368421 0.00155963 -0.000652174 0.0031746 -0.00402299 -0.00510204 -0.000903427 -0.00131313 -0.000368664 0.00138686 0.00269231 0.00432099 0.00207547 -0.00117845 -0.000149254 -0.00333333 -0.00122581 -0.000447761 0.00347826 -0.00479452 -0.000661479 0.000656934 0.00162393 -0.00102041 0.00352941 0.00121951 -0.00216667 -0.000823529 -0.00666667 -0.00246377 -0.000833333 0.000535714 0.0021875 -0.00166667 -0.00304348 0.0044898 0.00323529 0.0005 -0.00688889 -0.000454545 0.00666667 -0.0055
internal_weight=1355 1317 52 1265 744 131 521 613 395 346 102 76 218 92 126 87 49 321 297 434 137 104 81 53 297 201 96 155 134 46 73 257 137 117 49 68 41 120 85 48 69 48 112 64 48 46 98 68 40 45 44 42 40
internal_count=1355 1317 52 1265 744 131 521 613 395 346 102 76 218 92 126 87 49 321 297 434 137 104 81 53 297 201 96 155 134 46 73 257 137 117 49 68 41 120 85 48 69 48 112 64 48 46 98 68 40 45 44 42 40
is_linear=0
shrinkage=0.01


Tree=12
num_leaves=54
num_cat=0
split_feature=42 96 68 45 67 13 71 8 3 58 6 1 61 62 3 91 13 1 67 13 67 17 97 17 88 91 44 10 26 43 4 17 68 97 41 11 41 6 40 91 91 77 3 1 1 61 67 88 43 6 11 16 8
split_gain=14.8356 12.2491 18.5739 10.5562 10.0133 12.2158 9.50238 9.25269 8.78486 12.4644 8.10319 8.707 11.1481 7.6459 7.81436 7.46223 6.73265 11.4585 9.53273 7.50724 8.31415 6.39989 8.01562 10.7875 6.16533 9.18 7.688 7.5342 6.14136 6.00418 5.52632 6.57576 8.11027 4.9641 4.63165 6.81681 6.31579 5.79478 8.29804 5.68263 8.40465 6.40009 4.1834 3.74657 3.70991 6.4 3.66391 3.26534 3.13219 2.60999 1.79884 1.6 1.16842
threshold=376.62500000000006 1.0000000180025095e-35 1030.9550000000002 24857.500000000004 37289.450000000004 15149.250000000002 1171.5155000000002 411.59644736842114 15186.150000000001 -0.24999999999999994 5994.8350000000009 13619.250000000002 30285.000000000004 1181.2000000000003 15165.731500000002 25642.506631250002 5103.4000000000005 14863.700000000003 33033.900000000001 3733.6500000000005 32193.400000000005 12.050000000000002 0.36458333333333343 109.80000000000003 9933.7893750000003 28896.050043750005 2.4925000667572026 28038.050000000003 96.750000000000014 83.279998779296889 3461.3750000000005 240.35000000000002 1601.5500000000002 0.26041666666666669 78.750000000000014 33005.05000000001 71.250000000000014 5594.4900000000007 98.750000000000014 29166.614431250004 24263.070556250004 4096.6024214250074 14355.650000000003 16392.500000000004 15804.000000000002 32990.80000000001 35674.900000000009 4561.4856250000012 82.674999237060561 4529.9000000000005 37737.200000000004 5965.4500000000016 413.21987179487184
decision_type=2 2 2 2 2 2 2 2 2 2 2 2 2 2 2 2 2 2 2 2 2 2 2 2 2 2 2 2 2 2 2 2 2 2 2 2 2 2 2 2 2 2 2 2 2 2 2 2 2 2 2 2 2
left_child=1 2 34 24 5 8 10 -6 9 -5 11 33 15 42 44 -13 18 -18 19 20 30 -12 23 -23 26 -26 -3 -28 52 -27 31 32 -8 -4 35 -1 37 38 -37 40 -36 -41 -14 -39 45 -15 -10 -20 -42 -49 -21 -38 -29
right_child=-2 3 6 4 7 -7 16 -9 46 -11 21 12 13 14 -16 -17 17 -19 47 50 -22 22 -24 -25 25 29 27 28 -30 -31 -32 -33 -34 -35 39 36 51 43 -40 41 48 -43 -44 -45 -46 -47 -48 49 -50 -51 -52 -53 -54
leaf_value=-0.0054031688139341647 0.53140048333296042 0.0020231698337429454 -3.1042585473106192 0.001047713112210641 6.2561314148434059e-05 -0.017781169772916043 0.52214445137686416 -0.00035963831801994308 0.012053974165675822 -0.0010088219372932079 -0.026998754552381005 -0.0081225652665037583 -2.6478485720654841 -0.4304769517862288 0.07703382086713427 0.10848489155250056 0.032488862717543955 -0.033460333034955901 0.011482721588659942 1.0663085393079548 -1.0950492256943007 0.96616113108729396 -0.0070769703890927295 -0.00036788369683350626 0.021330979984303271 -0.0055040422928920437 -0.018990659985410382 -4.0169228430180297 -0.038678708432240486 -6.5599951040591216e-05 -0.011159044678153231 0.26252196393820088 -0.007579845775747605 -0.046638438095017366 -0.022819593097346269 2.0458795838967645 5.2629883800357513 4.3513882167859839 -0.13564603517705595 0.010365672663074572 0.67045680550714926 -0.034810623265476758 -2.6689239500606745 0.013689256769200421 -0.042639110259492775 0.026877725709383453 0.00087891846355558619 0.22858722739376383 11.845666989578131 1.0511247162756343 0.037064878694311833 4.0457071803830438 -3.4915083636889821
leaf_weight=35 22 25 39 28 27 21 37 23 23 26 23 23 21 20 21 24 39 24 25 21 22 25 32 26 24 22 21 37 22 29 30 22 25 26 21 34 20 21 20 35 32 22 32 20 21 20 25 21 21 20 20 20 20
leaf_count=35 22 25 39 28 27 21 37 23 23 26 23 23 21 20 21 24 39 24 25 21 22 25 32 26 24 22 21 37 22 29 30 22 25 26 21 34 20 21 20 35 32 22 32 20 21 20 25 21 21 20 20 20 20
internal_value=3.69004e-05 -9.75244e-05 0.0005 -0.00163539 0.00017341 0.00170732 -0.000440061 -0.0036 0.00313725 0.00037037 -0.00155807 -0.00255061 -0.00142857 -0.00288889 -0.00097561 0.00276596 0.000849673 -0.00206349 0.00160494 0.00039548 -0.000735294 0.000754717 0.00204819 0.0045098 -0.0032 -0.000933333 -0.00456 -0.0058 -0.00721519 -0.00333333 0.000350877 0.00166667 0 -0.00569231 0.00255814 0.00364706 0.00466667 0.00326316 0.00111111 0.00114504 0.00297297 -0.00122807 -0.00584906 0.00609756 -0.00278689 -0.001 0.00625 0.00484848 0.00509434 0.00658537 0.00414634 0.008 -0.00894737
internal_weight=1355 1333 960 373 173 123 659 50 102 54 353 247 182 135 82 47 306 63 243 177 136 106 83 51 200 75 125 100 79 51 114 84 62 65 301 170 135 95 54 131 74 57 53 41 61 40 48 66 53 41 41 40 57
internal_count=1355 1333 960 373 173 123 659 50 102 54 353 247 182 135 82 47 306 63 243 177 136 106 83 51 200 75 125 100 79 51 114 84 62 65 301 170 135 95 54 131 74 57 53 41 61 40 48 66 53 41 41 40 57
is_linear=0
shrinkage=0.01


Tree=13
num_leaves=52
num_cat=0
split_feature=19 81 8 11 38 34 3 27 7 69 40 19 21 21 81 38 71 73 23 69 88 91 24 40 21 73 88 21 64 91 46 70 71 88 46 17 16 13 69 40 17 77 35 3 64 16 34 23 27 40 17
split_gain=9.04333 8.62234 14.5186 10.7519 10.3225 9.58678 11.9234 10.8 10.4326 12.0853 9.5305 10.7375 9.38178 8.31072 8.06829 8.28009 7.52143 7.87879 6.85124 10.6989 9.20835 7.38706 6.21986 16.4816 8.70889 7.08271 7.06494 8.6001 8.19071 7.6198 6.58126 8.57959 6.30806 8.21585 5.85143 5.54837 5.4606 9.12182 5.40346 5.27473 4.89698 4.78753 4.66667 4.65975 4.5382 4.45455 3.88658 3.6 3.39261 3.38178 2.53968
threshold=3171.3500000000008 3634.877846530137 392.9500000000001 30124.150000000005 9.1250000000000018 90.750000000000014 14656.699000000002 81.750000000000014 17.595000000000002 30586.500000000004 114.75000000000001 361.50000000000006 12.450000000000001 27.225000000000005 4875.2864917962906 2.1750000000000007 992.56750000000011 645.71500000000003 51.500000000000007 34149.30000000001 6925.5662500000008 29520.579743750004 9.6750000000000025 73.750000000000014 21.225000000000005 1579.9000000000003 12987.203750000002 19.675000000000004 1433.3090000000002 27430.901643750003 104.57500076293947 1554.6185000000003 1509.9500000000003 4940.3943749999999 101.18500137329103 55.500000000000007 6007.8000000000011 1642.9000000000003 30368.250000000004 128.75000000000003 14.800000000000002 4120.8006072670278 26.425000000000004 14528.35 920.45000000000016 6031.2000000000016 76.750000000000014 98.250000000000014 65.250000000000014 128.25000000000003 153.55000000000004
decision_type=2 2 2 2 2 2 2 2 2 2 2 2 2 2 2 2 2 2 2 2 2 2 2 2 2 2 2 2 2 2 2 2 2 2 2 2 2 2 2 2 2 2 2 2 2 2 2 2 2 2 2
left_child=1 2 -1 -3 10 12 8 48 -7 -10 40 -12 35 -6 15 -14 17 -9 19 20 21 -17 26 24 38 36 27 28 -20 -29 31 44 -30 -34 -22 -5 39 -38 -24 -25 -4 -36 -21 -39 -31 -32 -28 -16 -8 -11 -42
right_child=-2 3 4 5 13 6 7 16 9 49 11 -13 14 -15 47 18 -18 -19 22 42 34 -23 23 25 -26 -27 46 29 32 30 45 -33 33 -35 41 -37 37 43 -40 -41 50 -43 -44 -45 -46 -47 -48 -49 -50 -51 -52
leaf_value=-3.716588915120802 0.051271125585218354 -4.6021003995708796 1.0040241365684874 -0.012300899502621782 -4.4272435949914533 -4.1817949774027241 0.0094915009725595363 -0.0059369384884629325 0.026319968300510789 -0.010610527467863253 -0.75352948328073555 1.8888565505487884 0.32256742197171534 2.3393234927490911 -0.014243104065384968 -0.016654669958274998 -3.0323699023737238 0.56150053194703842 0.38867962479394086 -0.0017507854415119998 -0.2093092496656935 0.014579692752593907 -0.32959983523511116 0.56519793506625671 0.022582842259091275 -0.0017959545823761673 0.00011427622949442973 -0.089664185305159641 -1.0362937561237164 -0.028407531716719656 -0.0062466568040482695 0.017013709135827514 1.3183399585706093 -0.0069192804186244969 0.71345897983818585 -1.4368407459886055 0.031463431384532628 -0.028873490199915315 -3.3203821663042801 0.77453765365311611 2.9266455412107542 0.011615239307689497 -0.0049294588945667977 0.022689703450001212 -1.7068617403921535 0.026193245090839121 0.0051666609984026167 -0.97273141842453836 0.034528705556178645 -0.4069895667360276 0.022424623574176659
leaf_weight=28 30 38 31 22 25 26 25 30 31 37 20 21 26 21 20 39 28 22 33 21 20 24 20 35 37 28 22 39 27 34 22 22 22 21 28 21 23 26 22 30 36 22 21 28 22 22 20 20 23 24 20
leaf_count=28 30 38 31 22 25 26 25 30 31 37 20 21 26 21 20 39 28 22 33 21 20 24 20 35 37 28 22 39 27 34 22 22 22 21 28 21 23 26 22 30 36 22 21 28 22 22 20 20 23 24 20
internal_value=-9.5941e-05 -0.000218868 0.00168317 -0.000560997 0.00275862 -0.00037788 -0.00211382 0 -0.00440678 -0.00282609 0.00421875 0.000243902 0.000131108 -0.00130435 0.000376884 0.000608466 -0.00225 0 0.000410959 -0.00131429 7.5188e-05 -0.00269841 0.000954955 0.00212851 -0.00164557 0.00388235 0 -0.000606061 0.00165049 -0.00204969 -0.000819672 -0.0025641 -0.000285714 0.00209302 0.00257143 -0.0044186 0.00478873 0.00298701 -0.0047619 0.00692308 0.00609195 0.0044 -0.00571429 0.000740741 -0.00464286 0.00227273 0.00380952 -0.004 0.00375 -0.00540984 0.00785714
internal_weight=1355 1325 202 1123 174 1085 246 128 118 92 128 41 839 46 796 756 80 52 730 175 133 63 555 249 79 170 306 264 103 161 122 78 70 43 70 43 142 77 42 65 87 50 42 54 56 44 42 40 48 61 56
internal_count=1355 1325 202 1123 174 1085 246 128 118 92 128 41 839 46 796 756 80 52 730 175 133 63 555 249 79 170 306 264 103 161 122 78 70 43 70 43 142 77 42 65 87 50 42 54 56 44 42 40 48 61 56
is_linear=0
shrinkage=0.01


Tree=14
num_leaves=50
num_cat=0
split_feature=68 62 77 29 5 98 37 79 75 16 57 2 75 78 29 16 2 75 86 72 28 35 11 44 27 72 6 74 11 94 79 81 81 43 6 11 2 7 94 65 70 2 77 16 90 35 6 78 3
split_gain=13.4928 12.1924 11.2362 10.9219 8.85597 8.4868 8.25157 7.48506 9.78307 7.36364 7.04436 9.96561 11.2899 10.2726 10.1994 9.51249 11.182 13.3412 8.95417 10.7719 9.25106 7.84314 7.32299 6.79936 6.65707 8.89246 6.51253 6.38108 5.69134 6.39736 5.35405 5.19399 11.147 7.94296 7.43927 6.46923 6.34641 9.96552 11.8555 6.49138 6.44235 4.53065 4.46769 4.30447 4.26087 3.76923 3.33793 3.26523 1.77424
threshold=1490.2360000000001 980.50000000000011 3874.1540907108601 87.250000000000014 4735.2350000000015 0.26041666666666669 97.250000000000014 436.43413515650809 222.9500756178729 6073.7000000000016 -0.56174490092936669 2577.1500000000005 630.74704183331698 713.37066666666681 84.250000000000014 6502.7000000000007 2807.9500000000003 557.36504217715128 0.35000000000000003 896.37400000000014 29.775000000000002 26.225000000000005 34262.05000000001 2.9125000238418584 86.750000000000014 1299.8000000000002 7276.2250000000013 642.10971875000007 36582.700000000004 515480.02760687511 302.04805539676801 4422.8450245745289 4136.4604084679577 82.45999908447267 3104.5450000000005 37281.250000000007 2563.1500000000001 89.430000000000021 640459.81931656273 27100.250000000004 1606.1500000000003 2981.3000000000006 3643.3980852070649 6151.4000000000005 1955.7247500000001 25.675000000000004 11430.675000000001 438.2365069444445 13197.600000000002
decision_type=2 2 2 2 2 2 2 2 2 2 2 2 2 2 2 2 2 2 2 2 2 2 2 2 2 2 2 2 2 2 2 2 2 2 2 2 2 2 2 2 2 2 2 2 2 2 2 2 2
left_child=1 10 24 4 -4 28 -6 8 -5 -9 18 13 15 22 43 16 44 21 20 -20 41 -18 -12 -23 25 30 31 47 42 -30 -3 32 36 -34 -33 -35 39 40 -39 -7 -38 -1 -2 -14 -13 -36 -43 -17 -32
right_child=5 2 3 7 6 26 -8 9 -10 -11 11 12 14 -15 -16 27 17 -19 19 -21 -22 23 -24 -25 -26 -27 -28 -29 29 -31 48 34 33 35 45 -37 37 38 -40 -41 -42 46 -44 -45 -46 -47 -48 -49 -50
leaf_value=-0.0017332775870968799 -3.1839680338231608 0.60333491547718165 -0.68375334315918002 0.0013041345109836128 3.7519283254654958 0.035973299033323969 -0.21141648581779479 2.5607610048910869 2.7145270922246847 -0.23909767191669254 -0.41077157840218503 0.025771601646326438 -0.00080965630421750358 -3.0476903399753055 0.05414787800644312 0.0062172583401545016 0.0048975271589683771 0.020903018821889826 1.0065779970365005 -4.22969553068328 0.00013561785904147208 -2.6092976695546675 0.72351580288024386 -0.00079665569921433309 -0.00089665513711379764 -0.0022811115842718034 -0.026916530799169735 0.0015848713863549125 -2.1608119995552455 0.028493810603923055 6.77145821212968 -0.10172521306230195 -0.22121623740072133 -2.5835562590580774 0.033842797017907877 0.0045446295490017457 0.52935546314726334 0.068237905318156489 -0.017025695191058871 -0.020559481002587462 0.017542251106103461 -0.040285010481445109 -2.8742422581450846 -0.034373695854137062 0.086840283003078569 0.012943728944670163 -0.0045279527733173243 0.024191130339497057 2.814049424036194
leaf_weight=31 25 29 32 27 23 22 20 22 36 22 24 23 23 38 22 37 25 34 28 22 28 22 25 38 28 21 26 24 23 34 31 24 30 20 26 32 22 30 28 30 36 29 27 28 23 26 20 22 37
leaf_count=31 25 29 32 27 23 22 20 22 36 22 24 23 23 38 22 37 25 34 28 22 28 22 25 38 28 21 26 24 23 34 31 24 30 20 26 32 22 30 28 30 36 29 27 28 23 26 20 22 37
internal_value=6.64207e-05 0.000782998 0.00231707 0.000659341 -0.00226667 -0.00132321 0.000697674 0.00271028 0.00492063 -0.000454545 -0.000106007 0.000588235 0.00140187 -0.00241379 -0.00205479 0.00241935 0.0010303 -0.000588235 -0.00189873 0.0016 -0.00351852 -0.00270588 0.000612245 -0.00466667 0.00438356 0.00542373 -0.000568182 0.00518072 -0.00376147 -0.00157895 0.00670103 -0.000184049 -0.00088 -0.00390244 0.00210526 -0.00153846 0.000595238 0.00189655 -0.00103448 -0.00230769 0.00482759 -0.00525 -0.00615385 -0.0045098 0.00521739 0.00423077 -0.00714286 0.00694915 0.00823529
internal_weight=1355 894 328 182 75 461 43 107 63 44 566 408 321 87 73 248 165 119 158 50 108 85 49 60 146 118 352 83 109 57 97 326 250 82 76 52 168 116 58 52 58 80 52 51 46 52 49 59 68
internal_count=1355 894 328 182 75 461 43 107 63 44 566 408 321 87 73 248 165 119 158 50 108 85 49 60 146 118 352 83 109 57 97 326 250 82 76 52 168 116 58 52 58 80 52 51 46 52 49 59 68
is_linear=0
shrinkage=0.01


Tree=15
num_leaves=54
num_cat=0
split_feature=68 95 64 62 2 5 95 34 36 28 25 5 91 1 25 37 5 36 1 25 93 82 10 1 76 25 82 45 39 90 91 6 33 39 25 37 24 74 77 64 14 68 5 29 68 93 6 74 34 64 68 93 14
split_gain=13.723 12.2547 11.1454 10.1158 9.04702 8.95837 12.0944 8.92924 8.42739 8.22179 10.3835 10.0101 7.58596 8.84615 7.58543 7.40816 7.36192 7.17156 6.64567 7.92734 6.39413 8.35982 8.92616 9.31937 12.3028 10.9394 8.81774 8.29467 8.20369 9.43032 8 8.12723 7.63446 7.47111 7.25759 6.0747 7.94349 6.04368 5.22185 4.88779 4.66839 4.50964 4.38169 4.04739 4.00302 3.89502 3.84127 3.79638 3.6878 3.50635 2.66667 2.61905 1.44654
threshold=1346.5740000000003 1.0000000180025095e-35 1161.3815000000002 1231.0935000000002 2386.3500000000004 2346.9900000000002 1.0000000180025095e-35 90.750000000000014 89.750000000000014 24.125000000000004 189.25000000000003 3595.5150000000003 30077.335900000002 14991.650000000001 45.250000000000007 63.250000000000007 4325.0000000000009 80.250000000000014 14576.300000000001 32.750000000000007 393.23111111111115 -44.697999999999858 28389.700000000004 16124.400000000001 36229.495833333342 227.25000000000003 -120.3 25070.000000000004 122.75000000000001 1136.1829500000003 31035.773100000002 10556.265000000001 179.75000000000003 107.25000000000001 148.25000000000003 45.250000000000007 9.3250000000000011 381.26248958333338 3220.3650953629162 1544.7560000000003 14212.550000000001 965.30000000000007 4693.670000000001 88.250000000000014 0.10200000000000002 413.37847744360909 9669.9400000000005 1065.2472604166669 89.250000000000014 809.13950000000011 1053.9650000000004 413.16576923076929 15970.600000000002
decision_type=2 2 2 2 2 2 2 2 2 2 2 2 2 2 2 2 2 2 2 2 2 2 2 2 2 2 2 2 2 2 2 2 2 2 2 2 2 2 2 2 2 2 2 2 2 2 2 2 2 2 2 2 2
left_child=1 20 4 -4 -2 -6 8 38 47 11 12 15 18 -14 16 -5 -13 -18 19 -11 -1 26 40 25 46 28 30 -26 33 -30 41 -32 34 -24 -29 -31 37 -37 -3 -16 -23 -22 43 -40 -36 -34 51 52 -39 -38 -44 -25 -7
right_child=2 7 3 9 5 6 -8 -9 -10 10 -12 14 13 -15 39 -17 17 -19 -20 -21 21 22 23 24 27 -27 -28 32 29 35 31 -33 45 -35 44 36 49 48 42 -41 -42 -43 50 -45 -46 -47 -48 -49 -50 -51 -52 -53 -54
leaf_value=-1.3094210697663058 -4.9905158116916803 2.5899766204382604 0.060726445851550834 -1.1317884748472082 0.028567864237290824 -4.0952485647745798 0.025399233778780058 -0.048630052275174321 0.00097627112794493266 -0.64364131752347553 0.035644556024645759 0.11226660015143286 0.0081959415930992104 -0.010633965983992298 0.057936242409676368 0.0059481360389182425 0.62260868938389813 -0.0095332085649562498 -0.013629288453090773 -0.0020854595531227208 1.9699685907452458 1.0091063188998337 -0.0049688285807198617 1.7712476733469691 -0.00023430563737302076 5.0103822391176251 -0.89654097828765256 0.011029618805215462 -3.4489280281530377 0.0064123257223900115 -0.042455419646599497 6.9171541215095017e-05 -0.067011144819386248 2.0264309110991556 0.0029908463064269642 -0.00041952304151298152 0.0083727673466481509 -1.3132495196008238 -0.030826088513221918 -0.014506070316967875 2.4836152864084391 -2.0714862277762593 8.4828924947740685 1.2742153745372193 -0.00063586246877033327 0.00010636729742010578 0.0095400124214149156 -2.5764573930670021 -0.037185092916503314 -1.30788187466703 2.0832715015530621 0.91871515686363925 -3.1524546978117831
leaf_weight=33 27 22 38 28 20 23 38 21 21 20 23 22 20 26 22 21 26 31 36 39 29 31 25 20 21 21 32 27 27 30 23 26 22 20 21 21 36 21 20 28 38 20 27 21 22 29 21 20 20 20 27 22 30
leaf_count=33 27 22 38 28 20 23 38 21 21 20 23 22 20 26 22 21 26 31 36 39 29 31 25 20 21 21 32 27 27 30 23 26 22 20 21 21 36 21 20 28 38 20 27 21 22 29 21 20 20 20 27 22 30
internal_value=8e-05 0.000906863 -0.00112701 -0.000157895 -0.00318436 -0.00223684 -0.00318182 0.00362319 -0.00510638 -0.000701754 -0.00231707 0.000786517 -0.00333333 0 0.00224806 -0.00306122 0.00417722 0.0022807 -0.00494737 -0.00288136 0.000353982 0.000573643 0.00114563 0.000627803 0.00219512 -0.000705394 -0.00169231 0.00056338 -0.00136364 -0.00234286 -0.000204082 -0.00306122 0.00157025 0.00244444 0.00371429 -0.00135135 -0.00237288 -0.00483871 0.00470085 -0.0008 0.00449275 0.00265306 0.00368421 0.00121951 0.00116279 -0.00137255 0.00587302 -0.00671233 -0.00707317 0.000357143 0.00555556 0.00761905 -0.00811321
internal_weight=1375 816 559 380 179 152 132 138 94 342 164 178 141 46 129 49 79 57 95 59 678 645 515 446 205 241 130 142 220 175 98 49 121 45 70 148 118 62 117 50 69 49 95 41 43 51 63 73 41 56 54 42 53
internal_count=1375 816 559 380 179 152 132 138 94 342 164 178 141 46 129 49 79 57 95 59 678 645 515 446 205 241 130 142 220 175 98 49 121 45 70 148 118 62 117 50 69 49 95 41 43 51 63 73 41 56 54 42 53
is_linear=0
shrinkage=0.01


Tree=16
num_leaves=53
num_cat=0
split_feature=72 98 13 97 97 26 1 91 63 23 40 63 63 79 11 77 8 80 77 26 73 29 76 81 72 70 63 87 10 42 24 10 73 29 79 75 41 79 90 11 42 79 11 97 1 10 41 83 56 17 13 43
split_gain=15.8788 12.7618 10.6809 9.06929 12.1704 10.8016 11.7517 9.31765 9.00342 8.59847 7.83704 7.76569 7.56129 7.40267 7.1874 12.1027 7.06562 6.56065 6.48 6.29605 10.2224 7.69852 7.48893 7.84578 8.98374 9.634 8.32459 9.37182 6.92553 10.3869 8.54546 8.50689 6.96569 6.86088 10.0833 6.10665 8.33333 5.2871 5.19149 4.59708 6.4381 4.2349 4.11739 3.885 3.80581 3.77912 3.75186 3.57849 3.27964 2.86957 2.75981 0.951452
threshold=1281.3185000000001 0.19097222222222224 5024.9000000000005 0.61458333333333337 0.17708333333333334 66.250000000000014 14763.500000000002 29865.028987500005 21742.050000000007 8.7500000000000018 81.750000000000014 29961.550000000007 24902.250000000004 537.60425247855881 35392.05000000001 4155.4241500545386 418.56958748221911 40567.280902777784 3925.6168156904209 1.0000000180025095e-35 867.62500000000011 89.250000000000014 28773.620833333338 4735.209134849053 872.16300000000012 1285.0135000000002 34780.850000000006 0.052083333333333336 36882.80000000001 106.22499847412111 6.0250000000000012 34082.250000000007 1.026 81.250000000000014 579.62277972690788 268.13777763094657 65.750000000000014 284.11057034544882 1570.7884500000005 37873.05000000001 269.62500000000006 425.76498518255966 41925.250000000007 0.26041666666666669 14611.200000000003 31126.200000000004 87.250000000000014 1789.250000000002 1.0000000180025095e-35 168.55000000000004 6810.2000000000007 78.485000610351577
decision_type=2 2 2 2 2 2 2 2 2 2 2 2 2 2 2 2 2 2 2 2 2 2 2 2 2 2 2 2 2 2 2 2 2 2 2 2 2 2 2 2 2 2 2 2 2 2 2 2 2 2 2 2
left_child=8 14 3 4 -3 6 7 11 -1 18 -8 37 50 -4 51 -16 35 19 -10 20 44 22 -21 24 26 48 27 38 30 -30 49 32 45 34 -31 -6 -37 -5 -24 40 -15 -22 -19 -23 -14 -32 -33 -18 -26 -29 -11 -2
right_child=1 2 13 5 16 -7 10 -9 9 12 -12 -13 17 39 15 -17 47 42 -20 21 41 43 23 -25 25 -27 -28 28 29 33 31 46 -34 -35 -36 36 -38 -39 -40 -41 -42 -43 -44 -45 -46 -47 -48 -49 -50 -51 -52 -53
leaf_value=3.7955074181060899 -4.1838731200621444 -2.8052056943884578 -0.037502066718828934 -0.0050754183954223077 0.29554346314780111 0.50674600522743829 -0.0040133282675416226 0.0096661356375498022 2.686922518400189 -1.1646376952690547 -0.011905181051860789 -2.9081117713863591 -3.0731101069509958 -0.80555895009066347 0.065694711830882171 -2.3962651944043167 0.22565456041421356 0.000126105658653929 0.00057532134354133606 5.0870839633791283 1.1325969668278948 0.026034826711433558 0.0021787742928652066 0.022882982197923507 -1.1978453148797481 0.27569983572780637 0.0029829027858593433 -0.04434768035664792 0.0066577880924309496 0.0064257241157581937 0.080436508114930375 0.025910114319096941 -0.041099057430220326 -0.062192689084782184 -0.0098854102193752201 -0.88073991721326172 0.059239625843255185 0.48237586729699106 5.4768215808276111 0.003518707443897089 0.0074200549956664344 -0.069525718566528741 -0.095085175831446794 2.7239897441284948 -0.0030461646809139386 -0.01586794651191693 0.015218691943131113 0.025168898639325449 -5.3521284955781843 0.0021816324249010529 -0.038035676197906258 -2.7736630554630928
leaf_weight=22 21 29 37 23 34 24 24 20 25 21 30 20 21 28 38 35 33 22 25 32 23 39 21 31 26 31 30 24 34 24 22 29 24 26 24 24 24 25 32 33 20 21 21 33 20 21 21 23 23 22 20 20
leaf_count=22 21 29 37 23 34 24 24 20 25 21 30 20 21 28 38 35 33 22 25 32 23 39 21 31 26 31 30 24 34 24 22 29 24 26 24 24 24 25 32 33 20 21 21 33 20 21 21 23 23 22 20 20
internal_value=6.54545e-05 -0.00122124 -0.000465632 0.00045045 0.00209581 -0.00120482 -0.00225352 0 0.000962963 0.000786802 -0.00592593 -0.00176471 0.000514905 -0.00305085 -0.00421053 -0.00232877 0.00333333 0.000760402 0.0048 0.00100917 -0.00152941 0.0013884 0.000945674 0.000623656 0.000276498 -0.00275 0.000960452 0.000493827 -0.000258303 -0.00222222 0.00104294 0.00247863 0.000149254 -0.00432432 -0.00208333 0.00146341 -0.000833333 0.000416667 0.00433962 -0.00135802 -0.00333333 0.00181818 -0.00302326 0.00444444 -0.00512195 0.00255814 0.0056 0.00607143 -0.0055102 -0.0026087 -0.00365854 -0.00756098
internal_weight=1375 565 451 333 167 166 142 88 810 788 54 68 738 118 114 73 138 697 50 654 85 569 497 465 434 80 354 324 271 108 163 117 67 74 48 82 48 48 53 81 48 44 43 72 41 43 50 56 49 46 41 41
internal_count=1375 565 451 333 167 166 142 88 810 788 54 68 738 118 114 73 138 697 50 654 85 569 497 465 434 80 354 324 271 108 163 117 67 74 48 82 48 48 53 81 48 44 43 72 41 43 50 56 49 46 41 41
is_linear=0
shrinkage=0.01


Tree=17
num_leaves=53
num_cat=0
split_feature=72 2 4 28 72 27 98 98 11 5 24 69 62 83 27 82 31 43 40 92 62 10 2 31 66 38 61 82 37 30 19 11 97 32 35 5 69 81 87 62 56 40 38 35 37 30 20 14 98 2 82 38
split_gain=11.8519 14.2922 16.281 9.26583 13.572 8.84597 10.0053 10.1465 10.2646 8.63 9.24702 11.7137 8.35422 8.10269 8.86093 7.79229 7.65631 7.31551 8.18467 9.96862 8.75125 8.61804 7.19582 7.01591 6.79233 6.48 6.39351 6.51393 8.5952 7.12244 13.3315 6.40427 8.64179 9.25667 9.803 9.66513 8.17872 6.09524 6.09164 5.60224 7.05882 5.90209 5.43763 4.66935 4.60115 4.53704 3.65714 3.2361 2.66825 2.56098 1.65419 1.44828
threshold=1281.3185000000001 2372.3000000000006 4173.5700000000006 25.225000000000005 872.16300000000012 33.750000000000007 0.72569444444444453 0.57291666666666674 37060.55000000001 3725.52 13.925000000000002 32898.850000000013 1233.6500000000003 2045.4000000000017 35.250000000000007 -1011.4999999999999 8.0250000000000021 90.680000305175795 89.750000000000014 23746.486793750006 1419.1500000000003 30525.950000000001 2941.8500000000004 10.875000000000002 781.96150000000011 6.0250000000000012 26617.400000000005 43.840999999999958 96.750000000000014 54.250000000000007 942.9000000000002 32795.05000000001 0.11458333333333336 261.75000000000006 27.425000000000004 12120.855000000001 36629.850000000013 4238.168459158268 0.13541666666666671 1338.1500000000003 1.0000000180025095e-35 101.25000000000001 5.8250000000000011 23.975000000000005 62.250000000000007 94.750000000000014 1053.7500000000002 17843.800000000003 0.37152777777777785 3234.8755000000006 -0.064499999999999932 6.4750000000000005
decision_type=2 2 2 2 2 2 2 2 2 2 2 2 2 2 2 2 2 2 2 2 2 2 2 2 2 2 2 2 2 2 2 2 2 2 2 2 2 2 2 2 2 2 2 2 2 2 2 2 2 2 2 2
left_child=3 23 9 17 15 48 7 8 22 10 11 25 -13 14 43 24 -10 18 19 49 -20 45 -7 -2 -5 -3 -17 29 -29 30 38 -31 36 34 35 -34 44 -15 -28 40 41 -6 -40 -11 -33 -21 -38 -46 -4 -1 -49 -45
right_child=1 2 5 4 39 6 -8 -9 16 13 -12 12 -14 37 -16 26 -18 -19 20 21 -22 -23 -24 -25 -26 -27 27 28 -30 31 -32 32 33 -35 -36 -37 46 -39 42 -41 -42 -43 -44 51 47 -47 -48 50 -50 -51 -52 -53
leaf_value=1.5385496154916289 -3.9446066063411322 0.077775691208391853 -4.0162919929688723 0.0078043953000441471 -3.0979210384836611 -0.49557138283353869 -0.013891659814285102 0.026543290405747971 0.1176382154134565 0.045548622138672556 -2.0918613345482195 0.046503361543657633 -0.016099442160057893 0.0054586769515428003 0.0075646229145290159 -0.05295187666566311 -0.0066383480667747486 2.4698016107684628 0.27294283737052832 2.7695326939545222 -0.95318320981684301 -0.14485110548433061 -3.9111581139102585 -0.015175959169750451 -0.037079753173169937 0.025185243839839905 4.6792783468181049 6.0936923942333543 0.14391804342042946 -0.025379498489084749 -0.023780445176369198 0.0050717997925668612 -0.013177264170789545 -0.025200132267053938 0.0092491158747821777 0.00023443257028995371 0.0085496031613131549 -0.0074250784696063702 -0.043406040003022027 0.22640842647094775 -2.7453974258527682 0.012705551892833433 0.0018343245061431248 0.22339801481007143 0.0081984674692733798 0.31769289145613561 -0.0020645395869883917 0.019350674872356567 -0.70282136181461452 3.519047584744591 0.02577447844431922 1.8954780578450845
leaf_weight=20 36 25 21 20 20 31 36 31 21 21 23 21 36 32 32 27 25 22 37 30 21 34 22 29 21 25 20 29 23 33 30 22 31 31 21 21 24 24 21 27 34 31 20 29 23 24 21 22 24 21 29 21
leaf_count=20 36 25 21 20 20 31 36 31 21 21 23 21 36 32 32 27 25 22 37 30 21 34 22 29 21 25 20 29 23 33 30 22 31 31 21 21 24 24 21 27 34 31 20 29 23 24 21 22 24 21 29 21
internal_value=0.000138182 -0.000973451 -0.0004 0.00091358 0.000282862 -0.00251185 -0.00144578 -0.000153846 -0.00171717 0.00114187 -0.000769231 0.00046729 -0.00263158 0.0027044 0.00436893 0.00100204 0.00173913 0.00272727 0.00208556 0.00348837 -0.00103448 0.00159091 -0.00471698 -0.00538462 -0.00317073 0.004 0.00138393 0.00168646 0.005 0.00121951 -0.00120879 0.00201439 0.00257143 0.000384615 0.00232877 0 0.0041844 -0.000357143 0.00147541 -0.00285714 -0.00411765 -0.00176471 -0.000731707 0.00633803 0.00583333 0.00407407 0.000666667 0.00702703 -0.00644444 0.00756098 0.00843137 0.008
internal_weight=1375 565 500 810 601 211 166 130 99 289 130 107 57 159 103 489 46 209 187 129 58 88 53 65 41 50 448 421 52 369 91 278 245 104 73 52 141 56 61 112 85 51 41 71 96 54 45 74 45 41 51 50
internal_count=1375 565 500 810 601 211 166 130 99 289 130 107 57 159 103 489 46 209 187 129 58 88 53 65 41 50 448 421 52 369 91 278 245 104 73 52 141 56 61 112 85 51 41 71 96 54 45 74 45 41 51 50
is_linear=0
shrinkage=0.01


Tree=18
num_leaves=50
num_cat=0
split_feature=72 64 2 2 13 95 27 64 70 35 72 83 67 27 77 91 0 85 24 64 73 77 38 38 98 13 26 73 16 16 33 83 33 41 81 13 16 64 0 35 85 38 73 26 38 35 38 70 16
split_gain=10.7219 11.8748 13.6398 10.4004 13.6443 9.567 10.0191 8.79465 9.19935 10.8021 10.3625 9.15751 8.69963 8.32035 8.28082 10.1598 7.89831 7.50139 7.47148 7.17703 7.07509 6.53333 6.36394 7.24573 9.5144 5.67719 5.72178 5.74298 5.67511 5.48471 5.42533 5.41262 5.26123 10.6616 5.81029 5.12604 5.11468 5.74043 5.05027 4.92334 4.69866 4.21239 4.0747 3.83962 3.81911 3.6 3.23967 2.35577 1.6
threshold=1281.3185000000001 1172.2630000000001 2601.3500000000004 3152.1500000000005 4395.6500000000005 1.0000000180025095e-35 83.250000000000014 0.30000000000000004 718.46600000000012 27.225000000000005 850.57450000000006 1496.450000000001 34481.250000000007 73.250000000000014 3929.2913865803307 29986.404187500004 34183.750000000007 1450.0165000000002 11.725000000000001 1311.1175000000001 867.62500000000011 3528.830767845297 4.8250000000000011 5.4250000000000016 0.8090277777777779 2102.0000000000005 16.250000000000004 1457.2285000000004 5900.8000000000011 5801.8500000000013 68.250000000000014 1569.1500000000035 143.25000000000003 91.250000000000014 4027.9048821484198 2539.8500000000008 5368.3000000000002 1057.9065000000003 33016.750000000007 27.425000000000004 1496.4715000000003 6.9750000000000005 947.34050000000013 66.250000000000014 7.9750000000000005 26.575000000000006 8.5750000000000028 1503.4000000000003 6387.0500000000002
decision_type=2 2 2 2 2 2 2 2 2 2 2 2 2 2 2 2 2 2 2 2 2 2 2 2 2 2 2 2 2 2 2 2 2 2 2 2 2 2 2 2 2 2 2 2 2 2 2 2 2
left_child=5 2 42 13 -5 7 14 12 10 17 11 -9 29 -4 47 -16 -14 -10 39 36 -21 -11 25 -24 28 -3 27 -27 31 -1 -26 -25 44 34 -34 -30 37 41 -32 43 -31 -19 -2 -18 45 -13 -33 -7 -23
right_child=1 22 3 4 -6 6 -8 8 9 21 -12 32 16 -15 15 -17 18 19 -20 20 -22 48 23 24 30 26 -28 -29 35 40 38 46 33 -35 -36 -37 -38 -39 -40 -41 -42 -43 -44 -45 -46 -47 -48 -49 -50
leaf_value=-0.038831824557091846 -4.6199435054006353 -0.89464327914919184 -0.4906156690052032 0.034781394493658545 -4.307645532369655 3.7417770103175214 -0.025446991174943298 0.023955730223394381 1.7858680107982341 1.2645215949518491 -3.0833679322557783 -0.63403045054286933 0.025516733659876029 0.11646183325932193 -0.074071639774522927 3.8213826145683116 0.0027205152484951708 1.4768398508115954 0.0085155739927201286 3.1107814117301991 0.66826725389978148 -3.855119642303801 -0.014283177340493869 -0.53855539128210383 -0.01242727803169478 2.8480122461775896 0.0043942747909107458 0.00736443144845243 0.0044078051095324351 0.016389885514085038 0.0023332124951705507 -0.0077384575952958957 -0.025036917224288652 0.031026534239595824 5.305919457064188e-05 1.9538223703052351 -0.08847480321237447 -0.67697854442334249 -0.0066661182549718114 0.00070996164760706308 -0.0034345423698227701 4.1345411518338224 -2.9207531377250011 -0.00091236552211797868 -0.028402438946808984 0.0019008643461531827 0.05553324960575326 1.4041029170687385 -0.1102770169260591
leaf_weight=34 24 27 33 30 26 32 31 26 20 20 33 20 27 21 31 22 26 29 20 32 25 20 38 27 34 24 38 23 37 21 26 38 28 23 39 36 35 24 21 32 23 20 38 31 26 20 24 20 20
leaf_count=34 24 27 33 30 26 32 31 26 20 20 33 20 27 21 31 22 26 29 20 32 25 20 38 27 34 24 38 23 37 21 26 38 28 23 39 36 35 24 21 32 23 20 38 31 26 20 24 20 20
internal_value=0.000225455 -0.000831858 -0.00302326 -0.000909091 -0.00392857 0.000962963 0.00338235 0.000474777 -0.000304348 0.00102041 -0.00181395 -0.000879121 0.00214953 0.00222222 0.00485714 0.00207547 0.00367647 0.00221622 0.00247706 0.00151515 0.00438596 -0.00266667 0.000127226 -0.000676157 -4.11523e-05 0.00214286 0.00341176 0.00574468 0.00135802 -0.000512821 -0.00283951 -0.000337079 -0.00179487 -0.000222222 -0.00223881 0.00342466 0 0.00150685 -0.000638298 0.00123596 0.00181818 0.00346939 -0.00677419 -0.000526316 -0.00393939 -0.002 0.00129032 0.00769231 -0.005
internal_weight=1375 565 172 110 56 810 136 674 460 245 215 182 214 54 105 53 136 185 109 165 57 60 393 281 243 112 85 47 162 78 81 89 156 90 67 73 108 73 47 89 44 49 62 57 66 40 62 52 40
internal_count=1375 565 172 110 56 810 136 674 460 245 215 182 214 54 105 53 136 185 109 165 57 60 393 281 243 112 85 47 162 78 81 89 156 90 67 73 108 73 47 89 44 49 62 57 66 40 62 52 40
is_linear=0
shrinkage=0.01


end of trees

feature_importances:
load_rolling_std_24h=28
smp_lag_50=23
load_north_mw=22
disp_hydro_midday_mw=21
disp_solar_midday_mw=21
wind_speed_hanoi=21
smp_north_lag_336=21
cloud_cover_danang=19
load_lag_336=19
residual_load_proxy=19
wind_speed_hcmc=18
smp_lag_336=18
spike_prob_72h=18
hydro_total_discharge_m3s=17
disp_total_evening_mw=17
shortwave_radiation_hanoi=17
direct_radiation_hanoi=17
brent_price=17
temperature_hcmc=16
diffuse_radiation_hcmc=16
smp_north_lag_48=16
smp_south_lag_336=16
load_ramp_lag48=16
disp_hydro_evening_mw=15
diffuse_radiation_hanoi=15
spike_prob_24h=15
load_central_mw=14
disp_wind_midday_mw=14
dxy_index=14
hydro_plant_discharge_m3s=13
disp_solar_evening_mw=13
temperature_hanoi=13
smp_lag_49=13
smp_rolling_std_24h=13
load_rolling_std_72h=13
hydro_discharge_rolling_24h=13
direct_radiation_hcmc=12
load_lag_96=12
load_south_mw=11
hydro_inflow_m3s=11
hydro_water_level_m=11
disp_total_midday_mw=11
diffuse_radiation_danang=11
humidity_hcmc=11
cloud_cover_hcmc=11
coal_proxy_price=11
load_total_mw=10
hydro_spill_discharge_m3s=10
load_lag_50=10
smp_rolling_std_72h=10
cloud_cover_hanoi=9
wind_speed_danang=9
smp_lag_96=9
smp_south_lag_48=9
price_spread_ns_lag48=9
disp_wind_evening_mw=8
humidity_danang=8
direct_radiation_danang=8
smp_rolling_mean_24h=8
smp_rolling_mean_72h=8
wind_gen_proxy=8
hydro_depletion_index=8
shortwave_radiation_danang=7
is_spike=7
usd_vnd=6
load_lag_48=6
load_lag_49=6
load_rolling_mean_24h=6
solar_gen_proxy=6
margin_temp_interaction=6
shortwave_radiation_hcmc=5
sin_dow=5
smp_lag_48=5
humidity_hanoi=4
temperature_danang=4
gas_proxy_price=4
sin_month=4
load_rolling_mean_72h=4
smp_yesterday_max=4
smp_yesterday_min=4
smp_yesterday_mean=3
smp_yesterday_zero_ratio=3
is_zero=3
zero_prob_72h=3
cos_dow=2
thermal_margin_proxy=2
is_weekend=1

parameters:
[boosting: gbdt]
[objective: regression_l1]
[metric: l1]
[tree_learner: serial]
[device_type: cpu]
[data_sample_strategy: bagging]
[data: ]
[valid: ]
[num_iterations: 3000]
[learning_rate: 0.01]
[num_leaves: 127]
[num_threads: -1]
[seed: 42]
[deterministic: 0]
[force_col_wise: 0]
[force_row_wise: 0]
[histogram_pool_size: -1]
[max_depth: -1]
[min_data_in_leaf: 20]
[min_sum_hessian_in_leaf: 0.001]
[bagging_fraction: 0.8]
[pos_bagging_fraction: 1]
[neg_bagging_fraction: 1]
[bagging_freq: 5]
[bagging_seed: 400]
[bagging_by_query: 0]
[feature_fraction: 0.5]
[feature_fraction_bynode: 1]
[feature_fraction_seed: 30056]
[extra_trees: 0]
[extra_seed: 12879]
[early_stopping_round: 0]
[early_stopping_min_delta: 0]
[first_metric_only: 0]
[max_delta_step: 0]
[lambda_l1: 0]
[lambda_l2: 0]
[linear_lambda: 0]
[min_gain_to_split: 0]
[drop_rate: 0.1]
[max_drop: 50]
[skip_drop: 0.5]
[xgboost_dart_mode: 0]
[uniform_drop: 0]
[drop_seed: 17869]
[top_rate: 0.2]
[other_rate: 0.1]
[min_data_per_group: 100]
[max_cat_threshold: 32]
[cat_l2: 10]
[cat_smooth: 10]
[max_cat_to_onehot: 4]
[top_k: 20]
[monotone_constraints: ]
[monotone_constraints_method: basic]
[monotone_penalty: 0]
[feature_contri: ]
[forcedsplits_filename: ]
[refit_decay_rate: 0.9]
[cegb_tradeoff: 1]
[cegb_penalty_split: 0]
[cegb_penalty_feature_lazy: ]
[cegb_penalty_feature_coupled: ]
[path_smooth: 0]
[interaction_constraints: ]
[verbosity: -1]
[saved_feature_importance_type: 0]
[use_quantized_grad: 0]
[num_grad_quant_bins: 4]
[quant_train_renew_leaf: 0]
[stochastic_rounding: 1]
[linear_tree: 0]
[max_bin: 255]
[max_bin_by_feature: ]
[min_data_in_bin: 3]
[bin_construct_sample_cnt: 200000]
[data_random_seed: 175]
[is_enable_sparse: 1]
[enable_bundle: 1]
[use_missing: 1]
[zero_as_missing: 0]
[feature_pre_filter: 1]
[pre_partition: 0]
[two_round: 0]
[header: 0]
[label_column: ]
[weight_column: ]
[group_column: ]
[ignore_column: ]
[categorical_feature: ]
[forcedbins_filename: ]
[precise_float_parser: 0]
[parser_config_file: ]
[objective_seed: 16083]
[num_class: 1]
[is_unbalance: 0]
[scale_pos_weight: 1]
[sigmoid: 1]
[boost_from_average: 1]
[reg_sqrt: 0]
[alpha: 0.9]
[fair_c: 1]
[poisson_max_delta_step: 0.7]
[tweedie_variance_power: 1.5]
[lambdarank_truncation_level: 30]
[lambdarank_norm: 1]
[label_gain: ]
[lambdarank_position_bias_regularization: 0]
[eval_at: ]
[multi_error_top_k: 1]
[auc_mu_weights: ]
[num_machines: 1]
[local_listen_port: 12400]
[time_out: 120]
[machine_list_filename: ]
[machines: ]
[gpu_platform_id: -1]
[gpu_device_id: -1]
[gpu_use_dp: 0]
[num_gpu: 1]

end of parameters

pandas_categorical:null
