tree
version=v4
num_class=1
num_tree_per_iteration=1
label_index=0
max_feature_idx=103
objective=regression_l1
feature_names=load_total_mw load_north_mw load_central_mw load_south_mw hydro_inflow_m3s hydro_total_discharge_m3s hydro_plant_discharge_m3s hydro_spill_discharge_m3s hydro_water_level_m disp_total_installed_mw disp_total_midday_mw disp_total_evening_mw disp_hydro_installed_mw disp_hydro_midday_mw disp_hydro_evening_mw disp_solar_installed_mw disp_solar_midday_mw disp_solar_evening_mw disp_wind_installed_mw disp_wind_midday_mw disp_wind_evening_mw temperature_hanoi humidity_hanoi cloud_cover_hanoi wind_speed_hanoi shortwave_radiation_hanoi direct_radiation_hanoi diffuse_radiation_hanoi temperature_danang humidity_danang cloud_cover_danang wind_speed_danang shortwave_radiation_danang direct_radiation_danang diffuse_radiation_danang temperature_hcmc humidity_hcmc cloud_cover_hcmc wind_speed_hcmc shortwave_radiation_hcmc direct_radiation_hcmc diffuse_radiation_hcmc coal_proxy_price brent_price gas_proxy_price usd_vnd dxy_index is_weekend is_workday is_holiday is_tet is_pre_holiday is_post_holiday season sin_hour cos_hour sin_dow cos_dow sin_month cos_month smp_lag_48 load_lag_48 smp_lag_49 load_lag_49 smp_lag_50 load_lag_50 smp_lag_96 load_lag_96 smp_lag_336 load_lag_336 smp_north_lag_48 smp_south_lag_48 smp_north_lag_336 smp_south_lag_336 smp_rolling_mean_24h smp_rolling_std_24h load_rolling_mean_24h load_rolling_std_24h smp_rolling_mean_72h smp_rolling_std_72h load_rolling_mean_72h load_rolling_std_72h price_spread_ns_lag48 load_ramp_lag48 smp_yesterday_mean smp_yesterday_max smp_yesterday_min smp_yesterday_zero_ratio hydro_discharge_rolling_24h solar_gen_proxy wind_gen_proxy residual_load_proxy thermal_margin_proxy hydro_depletion_index margin_temp_interaction is_spike is_zero spike_prob_24h spike_prob_72h zero_prob_24h zero_prob_72h target_cycle_id target_sin_hour target_cos_hour
feature_infos=[16738.400390625:43669.69921875] [8141:23529.6328125] [1030.199951171875:4920.13916015625] [6568.2998046875:17620.46875] [-24696.7890625:52718.3203125] [261.23001098632812:27182.76953125] [243.57000732421875:14362.75] [11.359999656677246:15398] [386.1925048828125:23252.1328125] none [14491.400390625:47673.8984375] [19152.80078125:47033.3984375] none [-3952.300048828125:18862.5] [6035.7001953125:23435.19921875] none [0:8134.5] [0:344.29998779296875] none [0:4273.2001953125] [0:4263.39990234375] [7.5:32.299999237060547] [31:99] [0:100] [0.55000001192092896:30.25] [3.5:282] [0:208.5] [3.5:150.5] [16.049999237060547:33.25] [52:99.5] [0:100] [0.80000001192092896:50] [7:306.5] [0:234] [7:146] [20.600000381469727:31.299999237060547] [56:98] [0:100] [0.5:24] [16:265] [0:198] [16:133.5] [63.700000762939453:438.35000610351562] [55.099998474121094:127.98000335693359] [1.5750000476837158:9.6800003051757812] [22394.345703125:26405] [89.639999389648438:114.11000061035156] [0:1] [0:1] [0:1] [0:1] [0:1] [0:1] [1:4] none none [-0.97492790222167969:0.97492790222167969] [-0.90096884965896606:1] [-1:1] [-1:1] [0:1778.5999755859375] [16738.400390625:43669.69921875] [0:1778.5999755859375] [16515.5:40602.1015625] [0:1778.5999755859375] [15251.900390625:39424.30078125] [0:1778.5999755859375] [16738.400390625:43669.69921875] [0:1778.5999755859375] [16738.400390625:43669.69921875] [0:1778.5999755859375] [0:1778.5999755859375] [0:1778.5999755859375] [0:1778.5999755859375] [0:1778.5999755859375] [0:869.78656005859375] [15840.40234375:48300.34765625] [1494.0634765625:7412.34765625] [0.069944441318511963:1778.5999755859375] [0:822.6846923828125] [15990.384765625:45267.23046875] [2009.5728759765625:7328.51953125] [-1602.300048828125:1778.5999755859375] [-2000.699951171875:5250.2998046875] [0:1778.5999755859375] [0:1778.5999755859375] [0:1778.5999755859375] [0:1] [919.5220947265625:41870.73828125] [112.02359771728516:1855.390869140625] [124.17299652099609:5960.30419921875] [13767.265625:40395.9765625] [13155.8212890625:39784.53515625] [386.1925048828125:23252.1328125] [371342.90625:1122197.625] [0:1] [0:1] [0:1] [0:1] [0:1] [0:1] [0:47] [-1:1] [-1:1]
tree_sizes=21727

Tree=0
num_leaves=255
num_cat=0
split_feature=68 95 95 69 32 23 68 37 94 60 67 1 70 82 16 16 60 21 66 32 7 63 68 1 11 80 70 4 1 90 67 82 66 22 4 10 81 21 83 16 80 1 91 14 14 60 4 94 40 68 68 21 14 74 21 69 14 80 61 69 35 77 11 32 22 81 90 16 80 69 7 7 81 32 69 25 81 70 37 22 68 82 37 74 65 32 16 60 22 42 40 16 81 82 10 27 10 14 14 21 1 40 83 94 81 74 4 22 22 23 37 27 80 58 60 39 81 42 68 14 99 4 40 42 10 4 27 60 7 1 40 32 74 16 39 32 1 66 21 49 68 14 16 23 91 81 82 23 42 90 94 43 14 74 37 90 82 10 75 42 23 80 74 11 16 32 42 10 14 83 32 35 74 69 11 75 86 1 68 101 16 101 101 70 7 1 22 90 16 14 32 37 22 101 35 21 83 21 35 82 25 101 75 67 67 101 66 66 60 101 1 7 42 101 39 75 99 65 81 91 101 90 11 69 101 101 63 61 42 32 10 101 32 4 1 101 42 25 1 94 82 74 11 4 82 1 101 10 39 91 22 25 14 32
split_gain=788.984 866.005 490.913 275.717 230.714 213.049 302.809 284.796 194.166 186.231 144.53 147.845 138.939 136.15 135.146 131.465 124.621 119.64 146.442 116.45 119.989 130.71 111.721 120.637 138.899 114.722 110.941 104.604 102.568 99.1811 110.265 97.0206 104.907 93.6822 93.5945 88.3749 87.7648 98.8088 93.6865 86.276 86.2592 107.594 86.2468 86.2209 83.454 94.4983 88.2923 77.663 76.0643 76.052 75.8559 74.6894 74.1576 73.7495 70.2844 85.0999 70.2042 104.581 69.4103 67.6165 67.0022 72.8694 65.8922 75.5437 65.8833 77.279 65.5193 63.2019 63.1503 60.5894 59.981 58.3874 57.6098 57.5833 57.3275 79.9381 57.1176 57.045 62.9978 56.5132 56.3497 56.1505 61.505 56.0928 53.9674 53.1701 53.1074 52.4914 51.8881 51.8179 54.0629 51.6841 51.3142 51.1753 50.5223 50.0252 49.3235 47.5505 47.1479 46.858 46.8278 52.2192 66.4711 49.7093 46.7032 46.5819 45.3625 45.0303 44.0434 44.042 43.8623 43.2078 43.1694 43.1629 42.8897 42.2075 41.4315 41.377 41.1671 41.059 49.3587 52.1731 41.0233 40.9201 40.7818 40.7165 40.6104 40.519 40.2079 39.5918 39.5047 39.4406 37.983 37.6643 37.5234 37.383 37.0258 35.8788 35.6898 35.2924 34.2261 33.9156 33.8489 32.9236 46.9473 41.0917 38.575 34.9593 32.8302 32.8186 32.6478 34.8484 32.323 40.4784 31.7052 31.3025 31.1601 31.0747 30.9272 30.5458 33.2586 30.3004 30.2719 30.2106 30.1018 29.95 31.0776 35.5966 29.6953 29.4899 28.6364 33.3453 28.4617 28.3294 27.8201 27.7959 42.313 27.7443 27.5293 27.2529 27.2476 27.0645 26.843 26.8283 26.3687 26.0262 25.9372 25.9008 35.7558 26.0014 29.7119 29.7078 25.8914 25.5733 25.2225 30.662 25.1181 25.1165 24.9289 44.9343 24.9158 29.5316 24.8981 24.8813 24.8561 23.9764 23.939 23.8989 23.6559 23.5907 26.1979 23.3966 29.9943 23.0743 23.0478 27.1888 23.8762 23.04 33.1183 22.5865 26.1329 40.0524 22.5492 22.5394 22.3433 22.2353 22.2193 21.6883 21.6655 21.5331 21.2423 21.1657 29.7554 21.0149 20.9382 25.818 20.906 20.8986 20.7467 20.6962 20.3919 25.0387 20.3412 20.2095 20.1904 20.114 21.8521 19.9577 19.894 19.7956 19.7794 19.752 19.6973 19.3737
threshold=1455.5999755859377 1.0000000180025095e-35 1.0000000180025095e-35 31854.099609375004 93.250000000000014 56.250000000000007 771.42449951171886 16.250000000000004 712750.03125000012 1395.3999633789065 37105.050781250007 16347.600097656252 0.96250000596046459 1216.9000244140627 5491.3999023437509 6421.8000488281259 1065.5324707031252 14.275000095367433 1059.7214965820315 296.25000000000006 17.585000038146976 24008.500000000004 1196.7500000000002 13774.449707031252 32048.750000000004 29040.940429687504 941.33349609375011 2160.130004882813 14563.750000000002 2290.991821289063 25904.400390625004 0.028500000014901165 1022.0264892578126 83.750000000000014 2098.944946289063 37184.201171875007 4272.6118164062509 27.774999618530277 2639.0500488281255 6632.3498535156259 28030.463867187504 16173.555175781252 30041.190429687504 12029.850097656252 17691.150390625004 997.60000610351574 4144.9799804687509 740700.09375000012 64.250000000000014 980.78698730468761 1200.049987792969 26.57499980926514 18830.900390625004 1522.902038574219 20.32499980926514 32196.450195312504 16067.449707031252 32443.802734375004 30518.850585937504 33848.798828125007 27.425000190734867 4165.3027343750009 35448.099609375007 66.250000000000014 89.750000000000014 2753.398071289063 1446.6154785156252 7815.5498046875009 33499.539062500007 31308.399414062504 176.81500244140628 16.325000762939457 5107.5378417968759 233.25000000000003 34572.750000000007 21.750000000000004 4600.2687988281259 0.99700000882148754 34.250000000000007 76.750000000000014 1362.7500000000002 1778.549987792969 22.750000000000004 1275.3590087890627 20716.650390625004 290.75000000000006 6116.1499023437509 1338.2810058593752 79.750000000000014 137.92500305175784 126.25000000000001 6554.6499023437509 4471.8823242187509 -394.05000305175776 32044.150390625004 44.250000000000007 31053.799804687504 10623.350097656252 19385.650390625004 24.774999618530277 11179.149902343752 81.750000000000014 2039.5500488281252 873365.56250000012 4447.3051757812509 1388.7148437500002 3605.329956054688 95.250000000000014 80.250000000000014 38.250000000000007 51.750000000000007 18.750000000000004 27377.037109375004 -0.93301269412040699 1494.7000122070315 244.75000000000003 4027.9047851562505 71.549999237060561 905.63250732421886 16784.799804687504 0.46875000000000006 9575.8046875000018 74.250000000000014 97.950000762939467 32953.849609375007 11001.904785156252 96.250000000000014 1301.1500244140627 4538.1499023437509 17365.657226562504 89.250000000000014 231.25000000000003 1481.5742187500002 5178.0500488281259 151.25000000000003 76.250000000000014 20236.649414062504 146.17950057983401 24.82499980926514 1.0000000180025095e-35 1142.7500000000002 13347.100097656252 6514.6499023437509 98.250000000000014 30482.800781250004 4079.437377929688 -2.0605000257492061 67.250000000000014 121.42499923706056 2179.236206054688 617175.43750000012 80.795001983642592 18830.900390625004 1190.8853759765627 63.250000000000007 2303.4091796875005 -74.836502075195298 28611.549804687504 705.14700317382824 321.50000000000006 52.750000000000007 30383.405273437504 1364.7618408203127 35867.099609375007 4489.2500000000009 294.75000000000006 99.600002288818374 43106.500000000007 12701.799804687502 2039.5500488281252 108.25000000000001 27.07499980926514 817.27194213867199 33020.451171875007 37092.599609375007 242.61372375488284 997.91751098632824 19322.392578125004 1065.5324707031252 27.500000000000004 6261.1000976562509 11.500000000000002 36.500000000000007 1494.498962402344 26.795000076293949 13647.899902343752 86.750000000000014 2030.2285766601565 5525.6999511718759 22336.299804687504 287.25000000000006 98.750000000000014 88.250000000000014 15.500000000000002 25.625000000000004 13.025000095367433 1859.7500000000002 28.72500038146973 24.97500038146973 360.76400756835943 83.750000000000014 29.500000000000004 686.01019287109386 32123.199218750004 37719.000000000007 19.500000000000004 1430.9114990234377 1505.6875000000002 1602.2500000000002 15.500000000000002 13647.899902343752 17.644999504089359 119.82500076293947 11.500000000000002 250.75000000000003 609.15896606445324 0.15625000000000003 28021.299804687504 4696.4965820312509 25527.919921875004 34.500000000000007 863.00234985351574 36674.599609375007 30586.500000000004 31.500000000000004 30.500000000000004 23809.899414062504 31681.750000000004 120.47499847412111 127.75000000000001 27588.049804687504 33.500000000000007 238.25000000000003 8310.2700195312518 18462.569335937504 30.500000000000004 328.75000000000006 178.75000000000003 13487.600097656252 628165.96875000012 961.50000000000011 698.98306274414074 42233.199218750007 17395.019531250004 -0.20750000327825543 16059.149902343752 16.500000000000004 42250.099609375007 134.25000000000003 28086.923828125004 93.750000000000014 189.25000000000003 16197.200195312502 232.25000000000003
decision_type=2 2 2 2 2 2 2 2 2 2 2 2 2 2 2 2 2 2 2 2 2 2 2 2 2 2 2 2 2 2 2 2 2 2 2 2 2 2 2 2 2 2 2 2 2 2 2 2 2 2 2 2 2 2 2 2 2 2 2 2 2 2 2 2 2 2 2 2 2 2 2 2 2 2 2 2 2 2 2 2 2 2 2 2 2 2 2 2 2 2 2 2 2 2 2 2 2 2 2 2 2 2 2 2 2 2 2 2 2 2 2 2 2 2 2 2 2 2 2 2 2 2 2 2 2 2 2 2 2 2 2 2 2 2 2 2 2 2 2 2 2 2 2 2 2 2 2 2 2 2 2 2 2 2 2 2 2 2 2 2 2 2 2 2 2 2 2 2 2 2 2 2 2 2 2 2 2 2 2 2 2 2 2 2 2 2 2 2 2 2 2 2 2 2 2 2 2 2 2 2 2 2 2 2 2 2 2 2 2 2 2 2 2 2 2 2 2 2 2 2 2 2 2 2 2 2 2 2 2 2 2 2 2 2 2 2 2 2 2 2 2 2 2 2 2 2 2 2 2 2 2 2 2 2
left_child=1 5 3 14 27 12 9 127 17 13 11 22 72 29 16 44 226 110 31 20 83 138 26 25 -25 -24 116 -4 93 36 131 32 60 70 186 49 37 38 85 59 -20 51 207 -16 46 172 81 128 213 181 -26 58 66 208 55 -17 123 84 118 77 107 -62 230 -64 86 -66 248 71 -30 -41 -32 -56 88 196 115 -76 97 -6 132 234 -53 82 168 112 -58 100 94 130 99 90 111 96 125 -23 -35 -81 -52 -14 -59 -1 -7 103 240 169 -96 -71 -73 139 179 -89 178 -50 209 173 -86 247 250 -95 -42 120 129 -122 126 -29 -47 143 219 140 158 137 -68 -31 -79 164 229 155 161 -99 -22 187 -8 -21 -43 145 146 147 206 -80 -147 165 -115 -152 153 -98 -104 223 -139 -157 214 251 -161 -90 -155 -136 -97 166 243 242 -5 -102 -107 -172 236 -67 -121 176 -125 -117 224 -93 -91 -33 -142 -113 -70 -118 -13 189 -189 190 191 239 225 -72 195 -158 -61 -51 199 -177 -144 -202 -57 -77 -169 -133 -145 -11 -44 -10 -211 -163 -213 -45 215 216 -39 -84 -219 -28 -221 -222 -27 -116 -9 -40 -2 -149 -88 -65 -60 -196 -233 -120 -38 -236 -46 -119 -215 -19 241 -103 253 -135 -187 -112 -247 -36 -18 -137 -3 -48 -75 -168
right_child=2 10 4 15 39 6 7 8 19 42 -12 34 76 -15 43 54 52 18 40 141 21 28 23 24 50 222 122 56 68 30 33 35 -34 64 74 -37 79 47 192 69 41 142 53 48 45 124 159 -49 89 197 91 80 -54 -55 67 202 57 98 62 73 61 -63 63 134 65 113 87 -69 184 105 193 106 -74 252 75 203 -78 78 92 95 -82 -83 217 -85 114 -87 228 109 136 180 -92 108 -94 117 104 133 152 119 -100 -101 101 102 154 -105 -106 170 -108 -109 -110 -111 245 183 -114 150 135 177 185 237 233 174 121 -123 -124 175 -126 -127 -128 -129 -130 -131 -132 205 -134 149 163 249 -138 156 -140 -141 182 -143 200 144 -146 148 -148 227 -150 -151 151 -153 -154 162 -156 157 194 -159 -160 160 -162 211 -164 -165 -166 -167 167 204 -170 -171 171 -173 -174 -175 -176 198 -178 -179 -180 -181 -182 -183 -184 -185 -186 244 -188 188 -190 -191 -192 -193 -194 -195 231 -197 -198 -199 -200 -201 201 -203 -204 -205 -206 -207 -208 -209 -210 210 -212 212 -214 238 -216 -217 -218 218 -220 220 221 -223 -224 -225 -226 -227 -228 -229 -230 -231 -232 232 -234 -235 235 -237 -238 -239 -240 -241 -242 -243 -244 -245 -246 246 -248 -249 -250 -251 -252 -253 -254 -255
leaf_value=0 0 0.0010446540266275406 -0.0011601988226175308 -0.0011539176106452943 0.032365593910217288 -0.0028124284744262696 0.00062255274504423145 0.0027309438586235048 -0.029025177955627441 0.0031401294469833377 -0.0010797639191150665 -0.00051365859806537626 -0.00089637123048305514 -0.0298524808883667 -9.4269262626767164e-05 0.00035460036247968673 0 0 0.00056915523484349253 0.00063191331923007966 7.2079058736562732e-06 0 0.00052002431824803351 -0.0016818355023860932 -0.0009505921602249146 0 0.0015249419212341308 -0.00099534139037132257 0.00072817459702491762 0.0029891848564147952 0.003970291912555695 0.0019905488193035126 -0.0015683187544345855 0 0.0037701311707496643 0.032277171611785886 -0.033954843282699584 0.029380970001220703 0.0004607943817973137 0.00090070471167564398 0.0013391473889350892 0.0021376754343509674 0 -0.0015927506983280182 -0.002876243144273758 -7.3127727955579755e-06 -0.0075262904167175291 0.0290827739238739 -0.00019915759563446045 -8.6275585927069189e-05 0.00071329005062580107 0.0030008959770202637 -0.002842102348804474 -0.030184361934661865 0.0039385169744491581 -0.00099534139037132257 0.00052996791899204252 -0.00039723627269268037 -0.00016564378514885903 -0.0012898900359869004 0 0.00077620074152946479 -0.0025923043489456178 0 -0.030147414207458496 0.0034657359123229981 0.00072817459702491762 0.0010797639191150665 -0.0022895194590091708 0.00037382744252681735 0.029943554401397704 0 -0.0019576591253280639 0 -0.033930554389953613 0.0032038512825965882 0.0013167352974414826 0.0012430024892091751 0 0.0034657359123229981 0 0.0010103178024291992 -0.0013863107562065125 -0.00014905586838722228 -0.0003529781848192215 0.0028705742955207826 0 0 0.0011157177388668061 0 -0.00033458467572927475 0.0011560020595788956 0.00046837443485856059 0 -0.0023096074163913728 0 -1.7933314666152e-05 -0.029756636619567872 0 -0.0034657359123229981 -0.00061205856502056122 0.0002077084593474865 -0.00083566673099994665 0.0014664019644260408 0 -0.00016497706994414329 -0.00049165192991495132 0 0.00142730250954628 -0.0009238343685865402 -0.0015393164753913879 0.00054178010672330853 -0.0027949732542037965 0 0 -6.3481502002105117e-06 0.00069271977990865714 -0.0034657359123229981 0 0.00013063836842775345 0.030278340578079224 -0.00097415398806333542 0.0013558406382799149 0 0.00049766756594181059 -0.0018792256712913513 -0.0010446540266275406 0.001169808879494667 -9.8371598869562146e-05 0.0028214123845100403 -9.99001320451498e-06 0 0 0 0.0004765509068965912 0.00013368682004511357 -0.00079482298344373708 0 0.0028346049785614013 0.0014372208714485168 -0.00030091005377471449 0 -9.3293914687819782e-06 0 0 0.0012720274925231935 0 0 0 0.0032274603843688967 0 0 0.0018697652220726014 0.0012896308302879334 0 0 0 0.00052162308245897295 0 0.00065197132527828217 -0.0012518125772476196 0 0 -3.3794288756325839e-05 0.031017599105834962 0.033136899471282961 0 0 0.00034472644329071046 0 2.8096990718040615e-07 0 0 0 0 0 0 0.0018719172477722169 -0.000326605373993516 -0.00089552622288465496 0.0010446540266275406 0.00034534271806478499 0.00037130154669284821 0 0 0 0 -0.030889720916748048 0 -0.034226207733154296 -0.0017153882980346681 0 0.0034657359123229981 0 0.00028327862732112406 0.00099780097603797925 0 -0.0021331317722797396 -0.00024543236941099167 -0.00040926471352577211 0.00075966637581586843 0 0 0.00051786188036203381 -0.031083049774169924 0.0034657359123229981 0.00063737574964761734 7.3769195005297667e-05 0.033433361053466795 0.030884530544281006 -0.00013320965692400932 0 0 -0.0042018893361091617 0.0034657359123229981 0.0034657359123229981 0 -2.1005948292440734e-06 -0.0018720635771751403 0.00056041769683361057 -0.00086486112326383596 0 -0.00098633743822574616 0 -0.00023655660450458527 -0.0014973585307598114 -0.0020073135197162628 0.00040170550346374512 0 0.0014502397179603577 -0.0018223280459642411 0.00059784144163131713 -0.00047773610800504684 -0.0010933420062065125 0 -0.0042687755823135375 0 -0.0017194542288780212 0 -0.0014686033874750138 0.029772706031799316 0 -1.0194567730650306e-05 0 0 -0.0016302233934402466 0 0 0.0012534435093402862 0 0 -0.00096943899989128119 0.00048322310671210288 0
leaf_weight=229 120 267 425 113 113 79 258 74 62 459 161 78 78 152 277 76 75 485 548 140 232 112 194 103 116 114 188 155 217 148 145 65 311 308 972 117 82 80 51 239 141 233 460 56 374 205 1236 374 156 216 666 187 113 75 70 612 114 343 161 188 337 192 119 155 147 238 193 77 74 369 49 493 153 491 37 150 522 190 936 113 112 33 563 261 301 123 586 180 278 275 146 43 200 81 785 111 194 41 153 283 505 440 119 115 199 84 414 264 450 429 363 379 965 668 304 71 78 772 347 458 232 38 1542 322 185 153 39 315 111 77 165 46 391 346 113 73 80 77 80 43 142 113 150 117 371 75 1334 260 646 74 345 765 79 151 770 77 111 232 116 33 235 121 265 518 117 37 356 239 119 422 316 771 120 263 681 262 593 39 76 30 325 203 48 177 417 119 82 300 236 76 191 651 394 100 472 419 220 74 621 425 196 115 80 416 148 68 144 290 72 25 97 865 655 29 120 342 920 586 149 703 52 218 350 628 34 29 578 222 198 107 336 81 111 75 45 29 77 203 148 232 82 308 388 74 330 58 102 36 258 272 80 301 78 760
leaf_count=229 120 267 425 113 113 79 258 74 62 459 161 78 78 152 277 76 75 485 548 140 232 112 194 103 116 114 188 155 217 148 145 65 311 308 972 117 82 80 51 239 141 233 460 56 374 205 1236 374 156 216 666 187 113 75 70 612 114 343 161 188 337 192 119 155 147 238 193 77 74 369 49 493 153 491 37 150 522 190 936 113 112 33 563 261 301 123 586 180 278 275 146 43 200 81 785 111 194 41 153 283 505 440 119 115 199 84 414 264 450 429 363 379 965 668 304 71 78 772 347 458 232 38 1542 322 185 153 39 315 111 77 165 46 391 346 113 73 80 77 80 43 142 113 150 117 371 75 1334 260 646 74 345 765 79 151 770 77 111 232 116 33 235 121 265 518 117 37 356 239 119 422 316 771 120 263 681 262 593 39 76 30 325 203 48 177 417 119 82 300 236 76 191 651 394 100 472 419 220 74 621 425 196 115 80 416 148 68 144 290 72 25 97 865 655 29 120 342 920 586 149 703 52 218 350 628 34 29 578 222 198 107 336 81 111 75 45 29 77 203 148 232 82 308 388 74 330 58 102 36 258 272 80 301 78 760
internal_value=-8.58336e-06 0.000398471 -0.000744731 -0.00156696 -0.000107889 4.28269e-05 -0.000141695 -0.000702406 -0.000888277 0.000342009 0.00183466 0.0019262 0.000892445 0.00016619 -0.000558961 -0.00223541 -0.00143771 -0.000458318 -0.00027544 -0.00181641 -0.00204697 -0.00131399 0.00156255 0.000803993 0.00139008 -0.00106383 0.00214049 -0.000915094 -0.00181237 0.000219262 -0.000334124 -0.000935387 -0.00128692 -0.000506672 0.00315789 0.000792593 0.000551728 0.000923636 0.000404422 0.000433106 0.000453916 0.000127243 0.00210914 0.000383638 -0.00270963 -0.00140999 -0.00308046 0.00178866 0.000807215 -3.58423e-05 0.00168255 -0.000379587 -0.000583864 0.000708402 -0.00110867 -0.00225911 -0.000707692 -0.000122147 -0.000716699 0.000151738 -0.001001 0.000614367 -0.00127568 -0.000543478 -0.000685251 -0.000125721 -0.000246154 -0.000270398 -0.000310734 0.00140247 0.00222789 -0.000614125 3.75375e-05 -0.00105425 0.00349797 0.00225539 0.00156268 0.000380435 0.000301647 -0.000149024 0.00195652 -0.00221049 -0.00234967 -0.0031844 0.000387306 7.42491e-05 -0.00133911 -0.00090486 0.000219036 0.00123114 0.00044289 0.00192492 9.98205e-05 -0.0027226 -0.00196207 1.62866e-05 0.00140959 0.00128651 -0.00217742 -0.00120117 -6.51408e-05 4.34625e-05 0.000578825 -0.000839731 -0.00251524 0.00103896 -0.000953693 -0.00134584 0.00326004 -0.00179803 -0.00242574 0.00101124 -0.0036597 0.000100921 0.00018548 0.00416816 0.000589245 -0.00306345 0.000781528 0.00139385 0.00189572 0.00385185 0.00263494 -0.00132254 0.000487179 -1.64396e-05 0.00194167 0.00226081 0.00133215 0.00151548 0.000614525 0.00282443 0.00185026 -0.000122642 -4.47928e-05 0.000513871 0.000582791 0.00131098 0.00168269 -0.00157859 0.00129464 0.00146245 0.00185879 7.79537e-05 -0.000389115 0.000507246 -0.000761755 0.00100141 -0.000464632 -0.000305533 -0.000264342 0.000261261 0.000471698 8.19672e-05 -0.000371204 0.000918614 0.00145948 0.00229773 0.00153676 -0.0038338 -0.00227612 0.00072173 0.000961538 -0.00070523 0.00182018 -0.000408859 -0.000480312 -0.00075357 2.15517e-05 -0.00122438 0.000550811 0.000768169 -0.00270578 0.00139721 0.000662862 -0.00114935 -0.000480874 0.00122727 -0.000326087 -0.000342466 0.00235833 0.00188433 -0.000315789 0.00166367 -0.00130346 -0.000294118 -0.0005 -0.00166743 -0.00262127 -0.00135474 -0.00121552 -0.000957602 0.00246835 0 0.00165829 0.0024717 -0.00248775 -0.00181034 -0.00161697 -0.000960699 0.00107375 0.00188103 -0.00281069 0.00272085 -0.00210594 0.000614035 0.000996169 0.00324433 0.00136278 -0.00144022 -0.000163934 0.000463132 0.000631579 -0.00184549 0.00173393 0.0015462 0.00113 -0.0027735 -0.00219048 0.00211025 0.0018037 0.000481481 -0.00241379 0.000461373 0.0012963 -0.000125 -0.00316619 0.00209544 -0.0003125 0.0015458 -0.0027666 0.00100904 -0.000390625 0 -0.00307692 -0.00114865 -0.0032816 -0.00334872 -0.000960452 -0.00165969 0.00159639 0.0013369 -0.000405585 0.00075 -0.000757238 -0.00316444 -0.0016875 0.00448909 0.00166667 -0.000942029 0.00193084 -0.0041054 -2.6362e-05 -6.2724e-05
internal_weight=65825 42387 23438 10230 13208 33974 27912 12927 12164 14985 8413 8252 6062 13629 4079 6151 2111 8313 7606 3851 3598 2188 6371 2755 2097 658 3616 5300 1876 13477 5058 3993 3318 4796 1881 675 8419 5500 3437 7908 3613 3065 1356 1968 4329 961 3368 2063 1691 558 1994 2371 1413 607 1822 768 4875 2497 2072 6129 3007 529 1509 1012 4502 2426 1300 1054 708 1779 294 977 2664 977 1721 603 3398 5152 5039 2919 299 1563 1530 1410 2001 2963 2076 967 2511 1458 858 1878 4458 1168 1292 2763 1355 2876 496 512 2840 2761 1719 1042 984 1540 907 2478 523 609 707 712 1149 2279 1887 1118 874 1056 563 2798 1659 270 2742 2378 390 4258 1200 763 1689 1389 358 262 581 2650 893 1586 1999 1312 312 2214 448 253 694 4105 1966 2139 1595 1418 721 2422 1778 1110 689 610 889 1241 1271 309 1578 1805 268 1919 416 631 228 2348 2311 1891 232 927 1171 1087 571 501 1139 2223 915 110 184 73 600 268 190 556 491 527 160 2171 536 1635 1559 1368 474 149 1194 530 408 290 1308 687 461 311 692 566 387 114 261 749 532 184 122 1641 1520 233 1462 1342 1000 1298 735 1161 973 270 464 932 108 80 698 482 784 262 497 664 192 422 156 74 451 975 177 717 830 748 1504 420 449 523 160 1008 333 345 347 1537 569 1116
internal_count=65825 42387 23438 10230 13208 33974 27912 12927 12164 14985 8413 8252 6062 13629 4079 6151 2111 8313 7606 3851 3598 2188 6371 2755 2097 658 3616 5300 1876 13477 5058 3993 3318 4796 1881 675 8419 5500 3437 7908 3613 3065 1356 1968 4329 961 3368 2063 1691 558 1994 2371 1413 607 1822 768 4875 2497 2072 6129 3007 529 1509 1012 4502 2426 1300 1054 708 1779 294 977 2664 977 1721 603 3398 5152 5039 2919 299 1563 1530 1410 2001 2963 2076 967 2511 1458 858 1878 4458 1168 1292 2763 1355 2876 496 512 2840 2761 1719 1042 984 1540 907 2478 523 609 707 712 1149 2279 1887 1118 874 1056 563 2798 1659 270 2742 2378 390 4258 1200 763 1689 1389 358 262 581 2650 893 1586 1999 1312 312 2214 448 253 694 4105 1966 2139 1595 1418 721 2422 1778 1110 689 610 889 1241 1271 309 1578 1805 268 1919 416 631 228 2348 2311 1891 232 927 1171 1087 571 501 1139 2223 915 110 184 73 600 268 190 556 491 527 160 2171 536 1635 1559 1368 474 149 1194 530 408 290 1308 687 461 311 692 566 387 114 261 749 532 184 122 1641 1520 233 1462 1342 1000 1298 735 1161 973 270 464 932 108 80 698 482 784 262 497 664 192 422 156 74 451 975 177 717 830 748 1504 420 449 523 160 1008 333 345 347 1537 569 1116
is_linear=0
shrinkage=0.005


end of trees

feature_importances:
target_cycle_id=14
load_north_mw=13
shortwave_radiation_danang=13
disp_hydro_evening_mw=12
disp_solar_midday_mw=11
humidity_hanoi=9
coal_proxy_price=9
smp_lag_336=9
load_rolling_std_72h=9
price_spread_ns_lag48=9
hydro_inflow_m3s=8
disp_total_midday_mw=8
temperature_hanoi=8
smp_rolling_mean_24h=8
smp_lag_48=7
load_lag_336=7
hydro_spill_discharge_m3s=6
disp_total_evening_mw=6
cloud_cover_hcmc=6
load_rolling_mean_72h=6
wind_gen_proxy=6
cloud_cover_hanoi=5
direct_radiation_hcmc=5
smp_lag_96=5
margin_temp_interaction=5
shortwave_radiation_hanoi=4
temperature_hcmc=4
shortwave_radiation_hcmc=4
load_lag_96=4
smp_north_lag_48=4
smp_rolling_std_24h=4
load_ramp_lag48=4
residual_load_proxy=4
diffuse_radiation_hanoi=3
load_lag_48=2
load_lag_49=2
load_lag_50=2
is_spike=2
zero_prob_24h=2
brent_price=1
is_holiday=1
sin_month=1
load_rolling_std_24h=1
smp_yesterday_min=1

parameters:
[boosting: gbdt]
[objective: regression_l1]
[metric: l1]
[tree_learner: serial]
[device_type: cpu]
[data_sample_strategy: bagging]
[data: ]
[valid: ]
[num_iterations: 3000]
[learning_rate: 0.005]
[num_leaves: 255]
[num_threads: -1]
[seed: 42]
[deterministic: 0]
[force_col_wise: 0]
[force_row_wise: 0]
[histogram_pool_size: -1]
[max_depth: -1]
[min_data_in_leaf: 20]
[min_sum_hessian_in_leaf: 0.001]
[bagging_fraction: 0.8]
[pos_bagging_fraction: 1]
[neg_bagging_fraction: 1]
[bagging_freq: 5]
[bagging_seed: 400]
[bagging_by_query: 0]
[feature_fraction: 0.5]
[feature_fraction_bynode: 1]
[feature_fraction_seed: 30056]
[extra_trees: 0]
[extra_seed: 12879]
[early_stopping_round: 0]
[early_stopping_min_delta: 0]
[first_metric_only: 0]
[max_delta_step: 0]
[lambda_l1: 0]
[lambda_l2: 0]
[linear_lambda: 0]
[min_gain_to_split: 0]
[drop_rate: 0.1]
[max_drop: 50]
[skip_drop: 0.5]
[xgboost_dart_mode: 0]
[uniform_drop: 0]
[drop_seed: 17869]
[top_rate: 0.2]
[other_rate: 0.1]
[min_data_per_group: 100]
[max_cat_threshold: 32]
[cat_l2: 10]
[cat_smooth: 10]
[max_cat_to_onehot: 4]
[top_k: 20]
[monotone_constraints: ]
[monotone_constraints_method: basic]
[monotone_penalty: 0]
[feature_contri: ]
[forcedsplits_filename: ]
[refit_decay_rate: 0.9]
[cegb_tradeoff: 1]
[cegb_penalty_split: 0]
[cegb_penalty_feature_lazy: ]
[cegb_penalty_feature_coupled: ]
[path_smooth: 0]
[interaction_constraints: ]
[verbosity: -1]
[saved_feature_importance_type: 0]
[use_quantized_grad: 0]
[num_grad_quant_bins: 4]
[quant_train_renew_leaf: 0]
[stochastic_rounding: 1]
[linear_tree: 0]
[max_bin: 255]
[max_bin_by_feature: ]
[min_data_in_bin: 3]
[bin_construct_sample_cnt: 200000]
[data_random_seed: 175]
[is_enable_sparse: 1]
[enable_bundle: 1]
[use_missing: 1]
[zero_as_missing: 0]
[feature_pre_filter: 1]
[pre_partition: 0]
[two_round: 0]
[header: 0]
[label_column: ]
[weight_column: ]
[group_column: ]
[ignore_column: ]
[categorical_feature: ]
[forcedbins_filename: ]
[precise_float_parser: 0]
[parser_config_file: ]
[objective_seed: 16083]
[num_class: 1]
[is_unbalance: 0]
[scale_pos_weight: 1]
[sigmoid: 1]
[boost_from_average: 1]
[reg_sqrt: 0]
[alpha: 0.9]
[fair_c: 1]
[poisson_max_delta_step: 0.7]
[tweedie_variance_power: 1.5]
[lambdarank_truncation_level: 30]
[lambdarank_norm: 1]
[label_gain: ]
[lambdarank_position_bias_regularization: 0]
[eval_at: ]
[multi_error_top_k: 1]
[auc_mu_weights: ]
[num_machines: 1]
[local_listen_port: 12400]
[time_out: 120]
[machine_list_filename: ]
[machines: ]
[gpu_platform_id: -1]
[gpu_device_id: -1]
[gpu_use_dp: 0]
[num_gpu: 1]

end of parameters

pandas_categorical:null
