tree
version=v4
num_class=1
num_tree_per_iteration=1
label_index=0
max_feature_idx=100
objective=regression_l1
feature_names=load_total_mw load_north_mw load_central_mw load_south_mw hydro_inflow_m3s hydro_total_discharge_m3s hydro_plant_discharge_m3s hydro_spill_discharge_m3s hydro_water_level_m disp_total_installed_mw disp_total_midday_mw disp_total_evening_mw disp_hydro_installed_mw disp_hydro_midday_mw disp_hydro_evening_mw disp_solar_installed_mw disp_solar_midday_mw disp_solar_evening_mw disp_wind_installed_mw disp_wind_midday_mw disp_wind_evening_mw temperature_hanoi humidity_hanoi cloud_cover_hanoi wind_speed_hanoi shortwave_radiation_hanoi direct_radiation_hanoi diffuse_radiation_hanoi temperature_danang humidity_danang cloud_cover_danang wind_speed_danang shortwave_radiation_danang direct_radiation_danang diffuse_radiation_danang temperature_hcmc humidity_hcmc cloud_cover_hcmc wind_speed_hcmc shortwave_radiation_hcmc direct_radiation_hcmc diffuse_radiation_hcmc coal_proxy_price brent_price gas_proxy_price usd_vnd dxy_index is_weekend is_workday is_holiday is_tet is_pre_holiday is_post_holiday season sin_hour cos_hour sin_dow cos_dow sin_month cos_month smp_lag_48 load_lag_48 smp_lag_49 load_lag_49 smp_lag_50 load_lag_50 smp_lag_96 load_lag_96 smp_lag_336 load_lag_336 smp_north_lag_48 smp_south_lag_48 smp_north_lag_336 smp_south_lag_336 smp_rolling_mean_24h smp_rolling_std_24h load_rolling_mean_24h load_rolling_std_24h smp_rolling_mean_72h smp_rolling_std_72h load_rolling_mean_72h load_rolling_std_72h price_spread_ns_lag48 load_ramp_lag48 smp_yesterday_mean smp_yesterday_max smp_yesterday_min smp_yesterday_zero_ratio hydro_discharge_rolling_24h solar_gen_proxy wind_gen_proxy residual_load_proxy thermal_margin_proxy hydro_depletion_index margin_temp_interaction is_spike is_zero spike_prob_24h spike_prob_72h zero_prob_24h zero_prob_72h
feature_infos=[16738.400000000001:43669.699999999997] [8141:23529.633000000002] [1030.2:4920.1390000000001] [6568.3000000000002:17620.469000000001] [-24696.790000000001:52718.32] [261.23000000000002:27182.77] [243.56999999999999:14362.75] [11.359999999999999:15398] [386.1925:23252.132105263157] none [14491.4:47673.900000000001] [19152.799999999999:47033.400000000001] none [-3952.3000000000002:18862.5] [6035.6999999999998:23435.200000000001] none [0:8134.5] [0:344.30000000000001] none [0:4273.1999999999998] [0:4263.3999999999996] [7.5:32.299999999999997] [31:99] [0:100] [0.55000000000000004:30.25] [3.5:282] [0:208.5] [3.5:150.5] [16.050000000000001:33.25] [52:99.5] [0:100] [0.80000000000000004:50] [7:306.5] [0:234] [7:146] [20.600000000000001:31.300000000000001] [56:98] [0:100] [0.5:24] [16:265] [0:198] [16:133.5] [63.700000762939453:438.35000610351562] [55.099998474121087:127.98000335693359] [1.5750000476837158:9.6800003051757795] [22394.345703125:26405] [89.639999389648438:114.11000061035156] [0:1] [0:1] [0:1] [0:1] [0:1] [0:1] [1:4] none none [-0.97492791218182362:0.97492791218182362] [-0.90096886790241903:1] [-1:1] [-1:1] [0:1778.5999999999999] [16738.400000000001:43669.699999999997] [0:1778.5999999999999] [16515.5:40602.099999999999] [0:1778.5999999999999] [15251.9:39424.300000000003] [0:1778.5999999999999] [16738.400000000001:43669.699999999997] [0:1778.5999999999999] [16738.400000000001:43669.699999999997] [0:1778.5999999999999] [0:1778.5999999999999] [0:1778.5999999999999] [0:1778.5999999999999] [0:1778.5999999999999] [0:869.78656539635756] [15840.402083333332:48300.345833333326] [1494.0634266859377:7412.3475695858406] [0.069944444444444434:1778.5999999999999] [0:822.68470809772941] [15990.384722222221:45267.230555555558] [2009.5728777065494:7328.5193476692311] [-1602.3:1778.5999999999999] [-2000.7000000000007:5250.3000000000029] [0:1778.5999999999999] [0:1778.5999999999999] [0:1778.5999999999999] [0:1] [919.52208333333328:41870.738333333335] [112.0236:1855.3908750000001] [124.17300000000002:5960.3040000000001] [13767.265887500002:40395.97834999999] [13155.821650000013:39784.534112499998] [386.1925:23252.132105263157] [371342.92174875003:1122197.6812312501] [0:1] [0:1] [0:1] [0:1] [0:1] [0:1]
tree_sizes=4344 4270 4621 4535 4523 4465 4726

Tree=0
num_leaves=53
num_cat=0
split_feature=68 71 70 16 26 70 14 72 68 89 30 69 7 63 98 30 19 11 75 98 75 84 92 98 16 75 77 0 58 70 16 19 25 45 98 38 89 45 69 78 71 75 80 92 84 66 42 24 83 89 75 83
split_gain=19.5621 15.9245 14.7077 10.2225 9.97976 12.4825 11.9954 10.5157 10.2117 12.9906 10.1927 9.22549 9.21276 10.6328 8.22588 7.5304 7.38419 6.86429 5.82717 7.88125 6.44112 6.75645 5.78839 7.74384 5.27473 6.22222 5.12542 4.97396 4.8891 4.82394 4.81382 4.66667 4.55304 4.31023 4.1045 4.72626 4.06923 3.97357 4.36183 3.86355 3.73373 3.24047 3.198 3.00799 2.91255 2.85035 2.64625 2.53968 2.29971 2.16 1.9016 0.916364
threshold=1.0075000000000001 1397.5500000000004 1391.1220000000001 7100.7500000000009 126.75000000000001 751.6495000000001 15496.200000000003 686.34850000000017 1405.9160000000004 981.95686875000013 82.750000000000014 24550.750000000004 17.595000000000002 31974.750000000004 0.48958333333333343 99.750000000000014 1829.3500000000001 33590.55000000001 247.12650344744222 0.065972222222222238 541.57035818025577 867.45457291666673 25370.183706250009 0.73263888888888895 6703.8000000000011 502.32270189833116 3733.5226207573 30238.650000000005 -0.6830127018922193 923.24800000000016 6343.1500000000005 617.50000000000011 20.750000000000004 24535.000000000004 0.16319444444444445 8.8750000000000018 784.16520000000003 23064.500000000004 31649.750000000004 1274.4442881944447 0.99950000000000017 617.0399902319665 32263.517013888893 25052.155837500006 861.3407395833334 510.02700000000004 136.04000091552737 9.4750000000000014 2278.7000000000012 1297.0232437500001 387.22710346127707 1496.450000000001
decision_type=2 2 2 2 2 2 2 2 2 2 2 2 2 2 2 2 2 2 2 2 2 2 2 2 2 2 2 2 2 2 2 2 2 2 2 2 2 2 2 2 2 2 2 2 2 2 2 2 2 2 2 2
left_child=2 4 18 17 5 7 11 24 9 36 44 -7 14 29 -13 16 43 31 -1 26 45 34 32 39 25 -2 40 -11 -28 -14 41 -3 -19 -17 48 -36 -8 -34 -39 -24 -20 50 -40 -10 -6 -21 51 -27 -22 -4 -9 -31
right_child=1 3 49 -5 10 6 8 30 15 27 -12 12 13 -15 -16 33 -18 22 19 20 21 -23 23 -25 -26 47 28 -29 -30 46 -32 -33 37 -35 35 -37 -38 38 42 -41 -42 -43 -44 -45 -46 -47 -48 -49 -50 -51 -52 -53
leaf_value=-1.3544026296585799e-05 -0.00029210688546299935 0 0.0022778075933456423 0.0011319018155336381 0.00021853756159543992 0.00041928908322006467 0.00014006058219820261 -0.0023991604149341582 0 -0.00032868163660168651 0 0.00014664771035313606 -0.0036467739939689638 0 -0.00045191910117864609 0 -0.00084129050374031071 -0.00014175371266901494 0.033136899471282961 -0.0015547545254230499 0.0034657359123229981 0.031321752071380618 0.00017403836827725172 0 -0.029875404834747314 0.0001632353849709034 0 0.00053610205650329596 0.00080323547124862673 -0.001414160206913948 0 -0.0034657359123229981 0.00051373617723584177 0.0005833072774112225 0 0 0.0018619004637002946 0 0 0.00072536930441856383 0.0029579207301139833 -2.4981093156384306e-06 0 0 0.0025206384062767028 0 -0.00088269628584384922 0 0 0.031554133892059327 -0.03087413549423218 -0.0010012311115860939
leaf_weight=33 25 21 24 21 22 24 20 28 29 22 23 38 23 37 24 25 27 20 21 23 21 23 20 22 21 21 21 36 36 22 25 21 26 26 31 27 32 29 31 26 24 22 36 23 20 26 33 24 20 25 39 28
leaf_count=33 25 21 24 21 22 24 20 28 29 22 23 38 23 37 24 25 27 20 21 23 21 23 20 22 21 21 21 36 36 22 25 21 26 26 31 27 32 29 31 26 24 22 36 23 20 26 33 24 20 25 39 28
internal_value=1.82882e-05 -0.000335968 0.00102817 0.000695971 -0.000717185 -0.000897626 -0.000447761 -0.00192683 0.000333333 0.00145455 0.00115385 -0.00126638 -0.00160976 -0.00230769 0 -0.000615385 -0.00158228 0.000416667 0.000620915 0.000860806 0.000204678 0.000819672 0.000785714 0.00198529 -0.000659341 0 0.00196078 -0.000172414 0.000964912 -0.00311321 -0.0029386 -0.00142857 0.000211268 0.000882353 0.000252525 -0.000603448 0.00326923 0.00057377 0.000104167 0.00315217 0.00322222 -0.00348315 -0.000597015 -0.000480769 0.00261905 -0.00132653 -0.0036747 0.00111111 0.00146341 0.00357143 -0.00402985 -0.0044
internal_weight=1367 1012 355 273 739 674 469 205 240 110 65 229 205 143 62 130 79 252 306 273 171 122 210 68 91 70 102 58 57 106 114 42 142 51 99 58 52 122 96 46 45 89 67 52 42 49 83 45 41 49 67 50
internal_count=1367 1012 355 273 739 674 469 205 240 110 65 229 205 143 62 130 79 252 306 273 171 122 210 68 91 70 102 58 57 106 114 42 142 51 99 58 52 122 96 46 45 89 67 52 42 49 83 45 41 49 67 50
is_linear=0
shrinkage=0.005


Tree=1
num_leaves=50
num_cat=0
split_feature=51 33 29 72 60 70 81 20 4 5 30 8 91 72 3 60 77 10 32 23 82 8 14 16 91 41 29 20 33 19 29 81 39 64 30 74 77 40 14 83 81 94 16 33 97 8 13 97 5
split_gain=17.1345 12.0789 12.9085 14.1196 14.9337 10.9631 9.47791 10.776 9.48713 9.34444 9.04696 8.89325 8.71692 10.4089 8.24655 8.06612 8.03048 7.76672 9.82521 7.52566 6.18344 6.05 5.87778 5.69297 6.60045 5.57673 5.56399 6.37121 5.54622 5.47348 5.41205 5.37727 5.35714 5.23595 9.11729 5.13939 4.91049 4.79097 4.60909 4.14848 4.12375 3.41647 3.51675 3.25079 2.95403 2.5653 2.50298 2.40833 0.225
threshold=1.0000000180025095e-35 222.75000000000003 93.750000000000014 686.34850000000017 771.42450000000019 830.31600000000014 4375.2417768354198 2162.9000000000001 4345.1650000000009 3619.1200000000003 67.750000000000014 402.89312698412704 26880.741643750003 1031.0225000000003 11322.35 1355.7645000000002 3929.2913865803307 31455.250000000004 209.25000000000003 38.750000000000007 6.4560000000000182 415.0144736842106 17125.800000000003 5489.0000000000009 34363.697637500009 91.250000000000014 89.750000000000014 1207.5500000000002 101.75000000000001 1107.6000000000001 78.750000000000014 3864.4458094426109 187.75000000000003 0.75000000000000011 79.250000000000014 1532.0891875000002 3659.4308069334161 128.25000000000003 15906.700000000003 2161.3999999999983 3918.1178003576069 592029.37437906268 6724.3000000000011 109.25000000000001 0.21875000000000003 410.55026315789479 4304.6500000000005 0.072916666666666671 7429.8600000000015
decision_type=2 2 2 2 2 2 2 2 2 2 2 2 2 2 2 2 2 2 2 2 2 2 2 2 2 2 2 2 2 2 2 2 2 2 2 2 2 2 2 2 2 2 2 2 2 2 2 2 2
left_child=1 2 3 5 10 11 12 22 9 -9 -5 32 13 -6 -7 40 -4 26 45 -15 -21 47 43 28 33 44 27 -17 -13 -18 -26 -2 -1 36 -35 -20 -25 -36 -22 -29 -14 -38 -43 -8 -16 -19 -42 48 -12
right_child=31 -3 16 4 6 14 7 8 -10 -11 21 23 15 19 25 17 29 18 35 20 38 -23 -24 24 30 -27 -28 39 -30 -31 -32 -33 -34 34 37 -37 41 -39 -40 -41 46 42 -44 -45 -46 -47 -48 -49 -50
leaf_value=0 -0.0021321799051016574 0.0017599257640074938 0.00060347758773714308 0 0.0010101501494646074 -1.540249286335893e-05 0.0012584243527613581 -0.000732248980551958 -0.001312049325555563 0.00067818510164506746 -0.0031644891999661924 -0.00015660876035690309 -6.6014558821916579e-05 4.2064525187015536e-06 0.00098707793503999709 -0.00035573601786745713 0.00016022156067192552 -0.00051535266456194221 0.0011630993615370244 2.2067407146096232e-06 -0.00070876568555831908 -1.3831268048306812e-06 0 0.016672721140988871 -0.00024211260946467521 3.5625667532440279e-05 0.00024499043822288511 0 0 -0.00026702778672333809 1.4605344273149968e-06 -0.032738953019678593 0.031165143311023713 -0.0010517614595592021 0.0009539336711168289 0 0.0010206641256809235 -1.3402551412582399e-06 0 5.7419496937654922e-06 -0.00077317100148648022 0 -4.0161773562431334e-06 0.00019232745799236 0.032557255835831168 -2.9165363870561125e-06 -0.0008306685239076614 -0.0011308769294888408 -0.0029754510462284092
leaf_weight=21 20 30 28 25 27 20 35 24 21 36 20 35 37 23 21 22 24 22 20 24 33 30 35 30 30 28 37 24 33 20 21 35 21 38 37 33 25 28 22 20 21 38 22 28 39 37 27 20 20
leaf_count=21 20 30 28 25 27 20 35 24 21 36 20 35 37 23 21 22 24 22 20 24 33 30 35 30 30 28 37 24 33 20 21 35 21 38 37 33 25 28 22 20 21 38 22 28 39 37 27 20 20
internal_value=-8.41258e-05 3.04878e-05 -4.29017e-05 -0.000165289 -0.000608575 0.000492813 -0.000296053 0.000670391 -0.000679012 0.000333333 -0.00226087 9.23483e-05 -0.000699301 0.000387597 0.00189815 -0.00116667 0.00201389 -0.000651163 -0.0015625 -0.000343137 -0.00107595 -0.003 0.00178571 -0.000178042 0.000148699 0.00255682 0.000339806 -0.000530303 -0.00147059 0.000681818 -0.00147059 -0.00281818 0.0022619 0.000527523 -0.000291262 0 0.00126087 0.000846154 -0.002 0.000568182 -0.00247059 0.000647059 0 0.00269841 0.00341667 -0.0029661 -0.0034375 -0.00391667 -0.004625
internal_weight=1367 1312 1282 1210 723 487 608 179 81 60 115 379 429 129 108 300 72 215 112 102 79 90 98 337 269 88 103 66 68 44 51 55 42 218 103 53 115 65 55 44 85 85 60 63 60 59 48 60 40
internal_count=1367 1312 1282 1210 723 487 608 179 81 60 115 379 429 129 108 300 72 215 112 102 79 90 98 337 269 88 103 66 68 44 51 55 42 218 103 53 115 65 55 44 85 85 60 63 60 59 48 60 40
is_linear=0
shrinkage=0.005


Tree=2
num_leaves=52
num_cat=0
split_feature=72 23 69 97 72 78 26 64 3 4 78 66 69 77 76 5 20 80 20 5 30 30 76 19 14 4 88 73 30 59 14 66 30 76 78 20 27 97 20 53 1 94 77 8 80 1 4 0 69 84 84
split_gain=17.722 13.5103 11.2158 9.66477 16.7496 11.2418 9.12061 8.99052 8.25987 8.05664 7.84647 9.95568 7.62375 6.56144 9.16422 7.90145 6.52532 6.34078 6.20796 6.10159 6.02438 6.93187 6.63338 8.56732 8.75063 9.06414 11.274 6.77083 6.82549 5.34637 5.15636 4.98463 4.9837 10.6061 5.51002 4.9 4.73272 7.69752 4.66419 6.36803 8.31763 4.77941 7.04348 4.12807 5.93382 11.3143 3.82699 3.6 2.47814 2.13301 1.6
threshold=1463.7500000000002 93.250000000000014 22337.600000000002 0.32291666666666669 1.0425000000000002 1431.3193645833337 0.75000000000000011 963.10000000000014 15798.300000000001 4257.005000000001 461.4358645833334 1.0000000180025095e-35 33131.80000000001 4414.2522019932348 33990.11041666667 2683.2750000000005 751.1500000000002 27377.037152777782 1332.9000000000003 11423.860000000002 10.750000000000002 24.500000000000004 27569.202083333334 966.75000000000011 15038.150000000001 6996.7850000000008 12139.273541666671 854.15900000000011 97.250000000000014 -0.5 11798.300000000001 1212.2000000000003 99.250000000000014 33122.833333333336 1173.7365416666669 870.40000000000009 66.750000000000014 0.093750000000000014 619.30000000000007 3.5000000000000004 14551.050000000001 585225.35270406271 3813.8160972606615 403.40305555555562 34700.713541666672 14333.050000000001 7206.8350000000009 36505.950000000004 32739.650000000005 1200.7227395833336 256.40121875000006
decision_type=2 2 2 2 2 2 2 2 2 2 2 2 2 2 2 2 2 2 2 2 2 2 2 2 2 2 2 2 2 2 2 2 2 2 2 2 2 2 2 2 2 2 2 2 2 2 2 2 2 2 2
left_child=1 20 -3 4 7 6 -5 10 12 -7 11 18 13 14 15 -2 -8 -17 50 -13 -1 -22 -23 27 -25 31 -27 28 29 -24 -6 -26 34 -34 -14 -30 -12 48 -19 40 -40 -41 -43 -32 45 -45 -18 -10 -38 -29 -4
right_child=8 2 3 5 30 9 16 -9 47 -11 36 19 32 -15 -16 17 46 38 -20 -21 21 22 23 24 25 26 -28 49 35 -31 43 -33 33 -35 -36 -37 37 -39 39 41 -42 42 -44 44 -46 -47 -48 -49 -50 -51 -52
leaf_value=0.00086244012872793252 -0.00096267513997666532 0.001722584878816735 -3.400855389190838e-06 -8.074397699674602e-06 -4.7352730401325971e-07 3.8801843789406117e-07 0.00096473702774476256 0.00014857591637037695 8.0107919899281122e-05 -0.0013017609119415283 2.0080886781215668e-08 0.0057837448010873054 -0.0028527096118447369 -0.00066666689272644008 3.7910520115110557e-06 0.00025524421087326488 0.0021335842059317513 -6.6424906579544765e-05 -8.3295885573461426e-05 3.9438612246885904e-07 -0.00071330851159058517 -6.5684486027806993e-05 4.1661194898188112e-06 -0.00015626274144969651 0.0012572485013762488 -0.0028669940655898975 9.9680342455394585e-07 0.001160959020704031 -1.1563028916716577e-05 0.0054008429348468782 -0.0036282100512050092 2.4240712847334182e-05 -0.001111892407247564 6.2696932312101133e-06 -5.7302116017090164e-06 0.0014497375499620102 -8.0464518591761582e-05 -0.0055504660972140263 4.3924491666257383e-06 -5.5009725194802736e-05 -1.958190742880106e-06 -1.2249521911144255e-06 1.7786800893372857e-06 -0.00068442448153439904 -0.0016753804706186055 0.0015483879431416282 0.0031463408727869391 -1.6954627541126686e-06 7.6906175937270746e-05 0.00061549510718008976 9.9680342455394585e-07
leaf_weight=32 20 20 20 36 24 24 33 27 20 27 25 24 25 26 24 30 25 31 21 21 20 39 33 21 20 22 38 26 20 35 27 23 33 21 36 20 20 34 39 30 31 23 23 35 36 20 23 20 22 22 20
leaf_count=32 20 20 20 36 24 24 33 27 20 27 25 24 25 26 24 30 25 31 21 21 20 39 33 21 20 22 38 26 20 35 27 23 33 21 36 20 20 34 39 30 31 23 23 35 36 20 23 20 22 22 20
internal_value=-7.68105e-05 0.00031016 -0.000177305 -0.0003125 -0.000757979 0.000684524 0.00153846 6.41026e-05 -0.000914352 -0.00127451 -0.000289855 0.000660377 -0.0011352 -0.000685921 -0.000438247 -0.000748899 0.00246914 -0.000458937 -0.000655738 0.00244444 0.00105121 0.000855457 0.00103448 0.00130357 0.000322581 0.00092233 -0.000333333 0.00208333 0.00138889 0.00235294 -0.00211268 0.00267442 -0.00221739 -0.00111111 -0.00319672 -0.00025 -0.00128713 -0.00190789 -0.000819209 -0.000445205 0.000642857 -0.00144737 -0.000434783 -0.00254237 -0.00203297 -0.001 0.00364583 0.00125 -0.00047619 0.00364583 0.0005
internal_weight=1367 935 564 544 376 168 117 234 432 51 207 106 392 277 251 227 81 207 61 45 371 339 319 280 124 103 60 156 108 68 142 43 115 54 61 40 101 76 177 146 70 76 46 118 91 55 48 40 42 48 40
internal_count=1367 935 564 544 376 168 117 234 432 51 207 106 392 277 251 227 81 207 61 45 371 339 319 280 124 103 60 156 108 68 142 43 115 54 61 40 101 76 177 146 70 76 46 118 91 55 48 40 42 48 40
is_linear=0
shrinkage=0.005


Tree=3
num_leaves=51
num_cat=0
split_feature=6 34 16 53 37 17 7 14 17 2 33 14 77 17 24 38 38 30 35 62 32 53 33 23 31 17 33 32 35 13 32 24 85 13 69 13 46 31 75 24 56 20 69 30 7 17 62 17 35 38
split_gain=18.3752 14.4721 10.887 10.3548 13.7832 9.26743 9.50091 8.34237 8.01756 10.8541 10.2422 12.9701 14.6101 9.64496 9.25166 10.4616 11.5255 9.41111 8.00369 7.49302 9.3913 7.23057 6.9 7.16744 8.78303 8.68343 7.10975 7.57761 7.05333 6.4768 6.23371 6.1384 6.09592 5.80123 5.40346 5.33474 5.32774 4.74819 7.97985 12.6368 8.54097 7.97033 6.69442 6.92113 5.34158 4.59422 3.13242 4.28571 3.07559 1.78462
threshold=3077.3250000000003 109.25000000000001 3788.6500000000005 1.5000000000000002 90.750000000000014 7.0500000000000007 782.19500000000005 10718.35 3.9500000000000006 2612.8500000000004 39.250000000000007 15771.950000000003 3870.1510449251396 46.95000000000001 3.8750000000000004 3.4750000000000005 2.9750000000000005 95.750000000000014 25.125000000000004 1.0350000000000004 41.750000000000007 2.5000000000000004 47.750000000000007 34.750000000000007 3.1250000000000004 13.950000000000001 215.75000000000003 280.75000000000006 26.525000000000002 9483.5500000000011 71.750000000000014 5.2750000000000012 1502.4000000000003 10778.200000000003 31230.750000000004 6053.3000000000011 104.27499771118165 3.7750000000000004 597.23060355908899 6.4750000000000005 -1.0000000180025095e-35 404.45000000000005 30293.550000000007 73.750000000000014 276.07000000000005 109.80000000000003 1509.5000000000002 134.15000000000001 25.125000000000004 8.6750000000000025
decision_type=2 2 2 2 2 2 2 2 2 2 2 2 2 2 2 2 2 2 2 2 2 2 2 2 2 2 2 2 2 2 2 2 2 2 2 2 2 2 2 2 2 2 2 2 2 2 2 2 2 2
left_child=3 2 5 4 7 29 -7 -1 9 35 11 13 48 -10 17 16 21 -12 -15 -14 -21 -16 -17 45 28 -26 27 37 -25 -2 -22 -5 -3 -34 -20 -4 -9 -27 39 -39 42 -42 -41 -44 -40 -24 47 -33 -13 -43
right_child=1 32 8 31 -6 6 -8 36 10 -11 14 12 19 18 15 22 -18 -19 34 20 30 -23 23 24 25 26 -28 -29 -30 -31 -32 46 33 -35 -36 -37 -38 38 44 40 41 49 43 -45 -46 -47 -48 -49 -50 -51
leaf_value=-0.00049005773152564129 -0.0011497702936478251 -0.000664248149079103 0.001425851449650475 -1.895526005755528e-08 0.00020728574790680694 0.00034901781863073413 -0.0017444273943275398 -0.0006662892399162566 -0.00068100235912672716 0.0024649114761913483 -2.601747418567538e-05 2.5401636338050592e-07 -0.00153042018938674 5.9730207607010385e-06 0.00089095159180297594 0.00043980133368889105 -0.0020557221776839681 8.141747117682825e-05 -1.5424275498991485e-06 0.00094842112317939297 -0.0010156632642549462 -0.00011420137860006653 0.0012708305577873622 -9.1469808660284773e-05 -2.9104116261005404e-06 0.0021416086318196601 0.0025421527012536357 -0.0010465656754228938 1.2225816907997618e-05 -7.1305798382498323e-06 7.7805978466174569e-07 -0.00081155769399591723 -2.813568020365201e-05 1.1226337230260215e-05 -0.00064893957135460812 -0.00010056417045376496 2.5322266602725729e-06 -2.9949068050534697e-06 -1.5731704363934697e-05 0.0007165865278881895 4.1796591795561846e-05 0.0013388036150736892 -9.3960697789581028e-05 7.4152650631312282e-06 3.5665425579529258e-06 5.6449129481892677e-06 -3.077475535900449e-06 -0.00016344893871734855 0.00055995472642779345 6.9653162968846146e-05
leaf_weight=25 39 33 21 21 24 38 27 37 29 22 36 20 31 34 23 24 21 20 20 23 21 21 34 20 25 28 29 24 30 24 25 35 38 27 22 26 21 38 21 21 23 29 20 23 34 25 25 21 33 36
leaf_count=25 39 33 21 21 24 38 27 37 29 22 36 20 31 34 23 24 21 20 20 23 21 21 34 20 25 28 29 24 30 24 25 35 38 27 22 26 21 38 21 21 23 29 20 23 34 25 25 21 33 36
internal_value=-0.000142648 0.000103627 0.000273585 -0.00150718 -0.000420561 -0.00109375 0.000230769 -0.00138554 0.000461373 0.00210145 0.000330243 -0.000503876 0.000424837 -0.00185714 0.00068595 0.000883424 -0.001 -0.00125 -0.000921053 -0.0007 0.000217391 0.000454545 0.00113636 0.001 0.000760599 0.00103989 0.00125767 0.00102694 -0.0012 -0.00246032 -0.00108696 -0.00264706 -0.00173469 -0.000846154 -0.00238095 0.000744681 -0.000344828 0.00126374 0.00104082 0.00152632 0.00217105 0.00318182 0.00078125 -0.000348837 -0.000636364 0.00262712 -0.0032716 -0.00392857 0.00254717 0.00407692
internal_weight=1367 1158 1060 209 107 128 65 83 932 69 863 258 153 105 605 549 65 56 76 100 69 44 484 460 401 351 326 297 50 63 46 102 98 65 42 47 58 273 245 190 152 88 64 43 55 59 81 56 53 65
internal_count=1367 1158 1060 209 107 128 65 83 932 69 863 258 153 105 605 549 65 56 76 100 69 44 484 460 401 351 326 297 50 63 46 102 98 65 42 47 58 273 245 190 152 88 64 43 55 59 81 56 53 65
is_linear=0
shrinkage=0.005


Tree=4
num_leaves=51
num_cat=0
split_feature=68 60 33 6 7 26 83 44 80 11 66 68 36 84 83 6 66 43 33 80 22 7 80 6 44 84 42 3 8 64 24 6 6 80 4 36 42 56 3 73 35 76 43 22 23 4 26 3 3 17
split_gain=13.2226 16.1966 14.5795 11.2711 13.3878 10.1491 15.4886 9.87328 10.6751 9.72227 11.0817 10.1618 9.68557 9.60317 9.50417 9.06857 8.2628 7.80496 7.54286 7.43735 7.02259 7.48767 7.07077 6.92308 6.75117 6.37714 10.1455 6.32986 6.27719 6.18545 5.89667 5.68184 8.26343 8.87078 9.89907 5.09394 4.87013 4.38435 5.91785 4.38353 4.04739 3.81111 3.53548 3.50635 3.10662 2.44154 2.3913 1.9451 1.75325 1.6
threshold=1778.5500000000002 1367.9500000000003 217.75000000000003 4304.0950000000003 67.645000000000024 96.750000000000014 2144.9000000000001 2.9974999427795415 28573.597569444446 39919.55000000001 674.72900000000016 1022.0265000000001 78.250000000000014 467.01204166666668 2376.0499999999979 8548.0500000000011 1778.5500000000002 91.52500152587892 152.25000000000003 33187.75486111112 93.750000000000014 57.805 32676.72048611112 5486.505000000001 3.310000061988831 374.52072916666674 114.54999923706056 15360.800000000001 394.44622747747752 1475.7230000000002 9.3250000000000011 6122.4750000000013 6870.1900000000014 33775.752777777787 12540.435000000003 88.250000000000014 106.22499847412111 -1.0000000180025095e-35 13846.550000000001 902.23350000000016 26.225000000000005 29962.614583333339 88.705001831054702 86.750000000000014 70.750000000000014 10292.965000000002 6.2500000000000009 14678.150000000001 14095.250000000002 132.80000000000004
decision_type=2 2 2 2 2 2 2 2 2 2 2 2 2 2 2 2 2 2 2 2 2 2 2 2 2 2 2 2 2 2 2 2 2 2 2 2 2 2 2 2 2 2 2 2 2 2 2 2 2 2
left_child=1 2 5 14 27 9 18 -6 -9 28 25 -12 30 43 16 -15 20 23 -7 41 21 22 -3 -10 -13 26 49 44 -1 31 -2 37 35 42 -35 -33 -24 39 -39 46 -19 -14 -34 -8 -5 -27 -30 -46 -20 -11
right_child=12 3 -4 4 7 6 13 8 17 10 11 24 19 15 -16 -17 -18 40 48 -21 -22 -23 36 -25 -26 45 -28 -29 29 -31 -32 32 33 34 -36 -37 -38 38 -40 -41 -42 -43 -44 -45 47 -47 -48 -49 -50 -51
leaf_value=-0.0031425606197077681 -4.0106746007420536e-07 -0.00058882661412435052 0.0025294419377473671 0.0017750595651789259 0.0013289503768752463 5.6791081746625718e-06 -7.9995475425514992e-05 0.00017543098036069301 7.5541454185702604e-09 -3.8059729775033402e-05 0.0020214686049377564 2.7175654420063797e-05 -4.1085999995505321e-06 -0.00080749990552593759 -1.1448135794072369e-05 7.6086185662114051e-06 -1.1217720829402389e-05 -5.53182863913924e-05 0.01577285371247596 -8.7555903843494218e-06 0.00027770863571943374 0.00022338905503380794 0.00021683126712003221 -0.00080343175099225651 -0.00081276909439692579 -1.6330507293294724e-05 0.0018093162308409746 0.00045013839119785161 -0.00010717054039538287 0.00042424558986581734 3.989542768624402e-06 -1.2959233179113616e-06 -0.00055573516049927611 0.00016894059100518941 -1.492928513984864e-05 0.00064730980901383725 -1.9506005238759055e-05 -0.00044067582340853425 -0.0026374513756142748 2.0497490581318008e-06 0.0029154015794744925 -6.3364062957318548e-06 -7.5943456806657281e-06 -7.8131174496194029e-06 0.0018636667482795615 -0.00028939490025575867 -8.515779755947289e-05 0.00024626660230629303 0.0018221679690322279 -8.9372625184113379e-05
leaf_weight=29 23 34 27 28 33 35 21 28 20 20 39 28 20 25 31 35 21 20 22 33 29 27 20 32 22 24 22 28 22 20 21 24 30 30 38 20 22 38 35 33 21 36 29 24 31 26 31 20 20 20
leaf_count=29 23 34 27 28 33 35 21 28 20 20 39 28 20 25 31 35 21 20 22 33 29 27 20 32 22 24 22 28 22 20 21 24 30 30 38 20 22 38 35 33 21 36 29 24 31 26 31 20 20 20
internal_value=-0.000193855 -3.24149e-05 -0.000462611 0.000730337 0.00139847 -0.000590551 0.00043956 0.000454545 -0.000206612 -0.000913793 -2.48756e-05 0.00129213 -0.00169173 -0.000809524 -0.000217391 0.0005 0.000294118 -0.00102151 0.00214286 -0.00264045 0.000757576 0.000145631 -0.000657895 -0.00230769 -0.0002 -0.00107143 0 0.00275701 -0.00138522 -0.0012 0.000227273 -0.00136364 -0.000730994 -0.00137795 -0.000147059 0.00113636 0.000714286 -0.00204403 -0.00294521 -0.00127907 0.000609756 -0.00375 -0.00279661 -0.00255556 0.00348101 -0.0024 -0.00216981 0.00421569 0.00357143 -0.0015
internal_weight=1367 1234 789 445 261 762 182 154 121 580 201 89 133 105 184 60 153 93 77 89 132 103 76 52 50 112 62 107 379 350 44 330 171 127 68 44 42 159 73 86 41 56 59 45 79 50 53 51 42 40
internal_count=1367 1234 789 445 261 762 182 154 121 580 201 89 133 105 184 60 153 93 77 89 132 103 76 52 50 112 62 107 379 350 44 330 171 127 68 44 42 159 73 86 41 56 59 45 79 50 53 51 42 40
is_linear=0
shrinkage=0.005


Tree=5
num_leaves=50
num_cat=0
split_feature=69 74 21 1 69 62 97 72 25 81 77 74 31 4 16 72 61 88 39 5 37 16 88 72 17 41 67 0 3 41 67 76 69 3 0 25 64 81 1 77 64 3 88 76 73 25 37 17 32
split_gain=17.0926 13.8315 11.7374 9.2562 19.5619 13.1986 12.0063 14.0625 11.6114 11.3144 11.4304 11.0089 9.48897 9.91672 9.10483 9.21049 8.60444 8.11046 7.56769 8.04543 7.26769 7.2458 7.12529 5.81906 6.70478 7.362 10.1779 9.76007 7.168 8.85553 9.65297 9.44291 6.45696 8.32275 7.36003 5.50367 5.06288 5.03304 4.80769 4.4329 5.0623 4.27636 3.85714 3.57672 3.29804 2.75981 1.82508 1.75325 1.6
threshold=24286.800000000003 52.317645833333344 13.275000000000002 14183.450000000003 32159.950000000001 1727.9000000000003 0.28125000000000006 1072.3365000000001 216.75000000000003 3790.7909348124731 4101.6899105505945 669.63734375000013 5.2750000000000012 3068.5150000000008 5816.6000000000013 1492.1990000000003 32050.900000000005 7050.978958333334 135.75000000000003 6293.0150000000003 20.750000000000004 7250.0500000000011 4845.4316666666664 985.40300000000013 32.850000000000009 77.250000000000014 34294.100000000013 36297.55000000001 14730.850000000002 89.250000000000014 34004.100000000006 38443.653125000004 33727.55000000001 15890.050000000001 32530.500000000004 132.25000000000003 751.00000000000011 3867.6806442843822 13541.500000000002 3845.6240264388284 878.2555000000001 14656.699000000002 6258.0768749999997 29159.000000000004 975.55000000000007 59.750000000000007 83.750000000000014 97.250000000000014 256.75000000000006
decision_type=2 2 2 2 2 2 2 2 2 2 2 2 2 2 2 2 2 2 2 2 2 2 2 2 2 2 2 2 2 2 2 2 2 2 2 2 2 2 2 2 2 2 2 2 2 2 2 2 2
left_child=43 -2 22 6 8 20 7 9 11 36 38 16 45 -14 18 41 -5 37 -13 -20 -6 23 47 24 -22 26 -26 -28 -27 48 -31 -32 34 44 -25 -36 -4 -15 -11 40 -9 -16 -7 -1 -34 -8 -10 -3 -30
right_child=1 2 3 4 5 42 12 39 46 10 -12 14 13 17 15 -17 -18 -19 19 -21 21 -23 -24 32 25 28 27 -29 29 30 31 -33 33 -35 35 -37 -38 -39 -40 -41 -42 -43 -44 -45 -46 -47 -48 -49 -50
leaf_value=0.0025389224180674148 -0.0027237414789298173 -0.0012716699192637476 -0.001464810627383864 0.00078020188355446571 0.00069906052152940792 -8.7239083528707628e-06 -0.00066001366064605358 -0.002830363023802197 0.0026218635035317513 0.0017900321382792028 -0.0010085989016040283 0.00038188759583152889 0.00012346900891216486 4.6757483663049999e-06 0.0014166118610702322 6.0068869452414069e-07 -0.00094860414964264975 0.00076526520571322315 -7.945962068311946e-06 2.9830158651796857e-06 0.00076253036857425822 0.00033082114581221221 -6.0337635764635392e-07 -9.8836620904473439e-05 0.00019723182985174764 1.6228173544135335e-05 -0.00016239882304866575 0.00014543346785450968 -2.1265251951466218e-05 -0.0009120069789401383 0.00070395140070530593 -5.5775111625822352e-06 -9.436787202701793e-06 1.0750958229889762e-06 0.00036660152967735833 -1.9275398455695566e-06 -1.7107155134237322e-05 -6.0505732324612624e-06 -4.369372197156782e-05 -0.002624264118736203 -4.8763794923962959e-05 0.0015414694920100128 -5.7784052699555556e-07 0.00062461140056836522 -0.0013389519973833275 -9.1131744831931601e-06 0.0026697095679247078 -0.0013629226098502661 -0.00032602591716847693
leaf_weight=36 37 22 20 20 34 21 21 21 23 32 32 32 31 22 30 38 25 24 30 32 36 35 25 28 34 35 24 28 20 24 26 35 34 27 23 21 26 35 20 33 23 25 27 27 30 20 20 20 20
leaf_count=36 37 22 20 20 34 21 21 21 23 32 32 32 31 22 30 38 25 24 30 32 36 35 25 28 34 35 24 28 20 24 26 35 34 27 23 21 26 35 20 33 23 25 27 27 30 20 20 20 20
internal_value=-0.000241935 -0.000365104 -0.000276899 -0.000162907 0.000125448 -0.000409253 -0.000833333 -0.00161836 0.00121818 -0.000615385 0.00047619 0.000775862 0.000228758 0.000982143 0.00131016 0.00241935 -0.00144444 6.17284e-05 0.000212766 -0.000806452 -0.000175097 -0.000333333 -0.00231343 -0.000505618 -7.0922e-05 -0.000365854 0.000813953 -0.000576923 -0.001 -0.00156 -0.000647059 0.000409836 -0.00125767 -0.00214286 -0.000138889 0.00113636 -0.0026087 -0.000964912 0.00192308 -0.00331169 -0.00227273 0.00372727 -0.00291667 0.00230159 -0.003125 -0.00182927 0.00360465 -0.00357143 -0.0035
internal_weight=1364 1301 1264 1197 837 562 360 207 275 130 84 232 153 112 187 93 45 81 94 62 514 480 67 445 282 246 86 52 160 125 85 61 163 91 72 44 46 57 52 77 44 55 48 63 64 41 43 42 40
internal_count=1364 1301 1264 1197 837 562 360 207 275 130 84 232 153 112 187 93 45 81 94 62 514 480 67 445 282 246 86 52 160 125 85 61 163 91 72 44 46 57 52 77 44 55 48 63 64 41 43 42 40
is_linear=0
shrinkage=0.005


Tree=6
num_leaves=53
num_cat=0
split_feature=68 96 51 43 69 24 10 24 29 21 70 29 33 90 76 33 4 34 77 69 34 46 46 69 85 43 30 46 34 75 8 29 26 20 16 24 30 39 33 64 65 4 8 34 34 10 48 65 4 90 4 100
split_gain=14.2665 18.114 12.9777 12.6977 12.6498 12.9394 13.4093 12.5071 11.114 10.5931 9.66285 9.7419 10.5185 9.34721 9.15075 9.12857 8.34986 8.04032 7.66207 7.65068 7.59693 7.35782 7.18874 6.99741 7.08424 7.2526 7.03396 9.35882 6.56109 6.54642 6.4 6.35796 6.31081 6.29431 6.88276 5.49147 5.40833 4.80332 6.16081 7.44048 4.72286 4.61098 4.31075 4.17391 6.58762 3.80581 3.79014 4.24242 7.36272 3.6 3.6 3.58492
threshold=1759.7555000000002 1.0000000180025095e-35 1.0000000180025095e-35 59.090000152587898 30227.000000000004 4.0250000000000012 34881.100000000006 5.1750000000000016 89.750000000000014 27.225000000000005 0.77400000000000013 88.750000000000014 101.75000000000001 962.34075000000018 36923.995833333342 173.25000000000003 2309.4150000000004 73.250000000000014 4204.3369398779751 37511.30000000001 86.750000000000014 98.694999694824233 103.86500167846681 30586.500000000004 1691.3000000000002 68.729999542236342 54.750000000000007 108.064998626709 73.750000000000014 511.33972778071399 411.45783281733753 80.250000000000014 54.750000000000007 2008.5000000000002 4525.9000000000005 7.8250000000000011 72.250000000000014 118.25000000000001 21.750000000000004 1391.3700000000001 32292.550000000003 4257.005000000001 416.03592105263164 81.250000000000014 95.750000000000014 39427.100000000013 1.0000000180025095e-35 30362.750000000004 3997.4950000000003 1260.3559500000003 3079.9550000000004 0.052083333333333336
decision_type=2 2 2 2 2 2 2 2 2 2 2 2 2 2 2 2 2 2 2 2 2 2 2 2 2 2 2 2 2 2 2 2 2 2 2 2 2 2 2 2 2 2 2 2 2 2 2 2 2 2 2 2
left_child=1 2 3 -1 18 41 7 -7 9 19 11 12 40 -12 49 21 -2 30 28 35 -19 -14 -20 -9 25 -25 -27 36 32 -17 -15 -22 33 34 -5 -8 -28 -38 -39 -40 -3 -6 -23 -30 -45 -31 -18 48 50 -11 -48 -36
right_child=16 10 -4 4 5 6 8 23 -10 14 13 -13 15 17 -16 29 46 20 22 -21 31 42 -24 24 -26 26 27 -29 43 45 -32 -33 -34 -35 51 -37 37 38 39 -41 -42 -43 -44 44 -46 -47 47 -49 -50 -51 -52 -53
leaf_value=-0.00098131396983324273 2.0860299319134149e-07 -1.8042367078301469e-05 -0.031101410817118876 -1.9689026462433835e-06 -8.1830504202483664e-07 0.00049111160793690331 -0.0008665163957212263 -0.002597986799636175 0.00032982777933369847 0.0014405496322195419 -0.0015256868286904956 2.3907586847131301e-05 -4.8692142472756368e-06 5.3625296310902371e-05 -4.550266461490292e-06 1.9383123306113005e-05 -2.1896891363747002e-06 -0.001403070447316721 -2.67294487354712e-05 0.00024714900782062761 -0.00079558123812459183 0.00030152132633644963 0.0015221281381927437 2.7070562269997228e-05 0.00028668469562931321 -5.1666735146887257e-05 0.00049723173685998015 0.00064624336462825534 -0.00015917232875022706 -1.0591868289292618e-05 -8.8743232018933851e-05 3.1135777681024828e-05 0.0022955738675043478 0.00080410230217572596 0.00023414198237599695 -2.8521798255379425e-06 1.0777338325552701e-06 -5.8180075621012838e-05 -0.00017870536404910272 2.5969033079434231e-06 -0.0035129727461904142 -6.7970321213912865e-05 5.6485284083214422e-06 0.001220689050262119 -4.193397761472321e-06 -9.3205026600156932e-05 -6.3983760623068936e-07 -2.1414708944175692e-05 -2.1024466756802334e-07 0.001874000566123903 -9.6887732126930925e-06 0.0025158300390496512
leaf_weight=20 21 25 32 29 20 28 20 20 28 24 32 25 21 20 26 31 24 33 29 21 21 25 20 25 29 36 21 25 23 20 20 29 22 21 33 38 29 34 27 21 29 29 24 24 22 21 20 28 37 36 20 26
leaf_count=20 21 25 32 29 20 28 20 20 28 24 32 25 21 20 26 31 24 33 29 21 21 25 20 25 29 36 21 25 23 20 20 29 22 21 33 38 29 34 27 21 29 29 24 24 22 21 20 28 37 36 20 26
internal_value=-0.000278592 -9.88468e-05 0.000310263 0.000434243 0.000534351 0.000102421 0.000348361 -0.000322034 0.00137306 0.000878788 -0.00101064 -0.000339367 -0.000714286 -0.00196774 0.00209302 0 -0.00173333 -0.00134146 0.00146586 -0.000443038 -0.00222892 0.00128571 -0.000306122 -0.000655431 -0.000425101 -0.000733945 -0.00106218 -0.000605096 0.0019 -0.00125 0.0005 -0.001 0.00255725 0.00206422 0.00147727 -0.00137931 -0.00113636 -0.00157658 -0.00219512 -0.00104167 -0.00259259 -0.00234694 0.00234694 0.000652174 0.00152174 -0.00256098 -0.0022093 -0.00261905 -0.00201299 0.00316667 -0.0035 0.00245763
internal_weight=1364 1214 838 806 786 537 488 295 193 165 376 221 196 155 86 142 150 123 249 79 83 70 49 267 247 218 193 157 200 72 40 50 131 109 88 58 132 111 82 48 54 49 49 69 46 41 129 105 77 60 40 59
internal_count=1364 1214 838 806 786 537 488 295 193 165 376 221 196 155 86 142 150 123 249 79 83 70 49 267 247 218 193 157 200 72 40 50 131 109 88 58 132 111 82 48 54 49 49 69 46 41 129 105 77 60 40 59
is_linear=0
shrinkage=0.005


end of trees

feature_importances:
load_lag_336=13
cloud_cover_danang=12
hydro_inflow_m3s=11
direct_radiation_danang=11
load_south_mw=9
disp_solar_midday_mw=9
disp_solar_evening_mw=9
load_rolling_std_24h=9
disp_wind_evening_mw=8
wind_speed_hanoi=8
smp_north_lag_336=8
hydro_water_level_m=7
disp_hydro_evening_mw=7
smp_rolling_std_24h=7
load_rolling_mean_24h=7
load_rolling_mean_72h=7
hydro_plant_discharge_m3s=6
humidity_danang=6
diffuse_radiation_danang=6
smp_lag_50=6
smp_yesterday_mean=6
hydro_total_discharge_m3s=5
hydro_spill_discharge_m3s=5
direct_radiation_hanoi=5
shortwave_radiation_danang=5
smp_lag_96=5
smp_lag_336=5
smp_north_lag_48=5
load_rolling_std_72h=5
load_ramp_lag48=5
spike_prob_24h=5
load_total_mw=4
load_north_mw=4
disp_hydro_midday_mw=4
disp_wind_midday_mw=4
cloud_cover_hanoi=4
shortwave_radiation_hanoi=4
temperature_hcmc=4
wind_speed_hcmc=4
brent_price=4
dxy_index=4
smp_rolling_mean_72h=4
hydro_discharge_rolling_24h=4
spike_prob_72h=4
disp_total_midday_mw=3
wind_speed_danang=3
cloud_cover_hcmc=3
shortwave_radiation_hcmc=3
diffuse_radiation_hcmc=3
coal_proxy_price=3
season=3
smp_lag_48=3
smp_lag_49=3
smp_south_lag_336=3
smp_rolling_mean_24h=3
solar_gen_proxy=3
disp_total_evening_mw=2
temperature_hanoi=2
humidity_hanoi=2
humidity_hcmc=2
gas_proxy_price=2
usd_vnd=2
is_pre_holiday=2
sin_dow=2
load_lag_50=2
load_lag_96=2
smp_south_lag_48=2
smp_yesterday_max=2
wind_gen_proxy=2
residual_load_proxy=2
thermal_margin_proxy=2
margin_temp_interaction=2
load_central_mw=1
diffuse_radiation_hanoi=1
direct_radiation_hcmc=1
is_workday=1
sin_month=1
cos_month=1
load_lag_48=1
load_lag_49=1
price_spread_ns_lag48=1
is_zero=1
zero_prob_72h=1

parameters:
[boosting: gbdt]
[objective: regression_l1]
[metric: l1]
[tree_learner: serial]
[device_type: cpu]
[data_sample_strategy: bagging]
[data: ]
[valid: ]
[num_iterations: 3000]
[learning_rate: 0.005]
[num_leaves: 127]
[num_threads: -1]
[seed: 42]
[deterministic: 0]
[force_col_wise: 0]
[force_row_wise: 0]
[histogram_pool_size: -1]
[max_depth: -1]
[min_data_in_leaf: 20]
[min_sum_hessian_in_leaf: 0.001]
[bagging_fraction: 0.8]
[pos_bagging_fraction: 1]
[neg_bagging_fraction: 1]
[bagging_freq: 5]
[bagging_seed: 400]
[bagging_by_query: 0]
[feature_fraction: 0.5]
[feature_fraction_bynode: 1]
[feature_fraction_seed: 30056]
[extra_trees: 0]
[extra_seed: 12879]
[early_stopping_round: 0]
[early_stopping_min_delta: 0]
[first_metric_only: 0]
[max_delta_step: 0]
[lambda_l1: 0]
[lambda_l2: 0]
[linear_lambda: 0]
[min_gain_to_split: 0]
[drop_rate: 0.1]
[max_drop: 50]
[skip_drop: 0.5]
[xgboost_dart_mode: 0]
[uniform_drop: 0]
[drop_seed: 17869]
[top_rate: 0.2]
[other_rate: 0.1]
[min_data_per_group: 100]
[max_cat_threshold: 32]
[cat_l2: 10]
[cat_smooth: 10]
[max_cat_to_onehot: 4]
[top_k: 20]
[monotone_constraints: ]
[monotone_constraints_method: basic]
[monotone_penalty: 0]
[feature_contri: ]
[forcedsplits_filename: ]
[refit_decay_rate: 0.9]
[cegb_tradeoff: 1]
[cegb_penalty_split: 0]
[cegb_penalty_feature_lazy: ]
[cegb_penalty_feature_coupled: ]
[path_smooth: 0]
[interaction_constraints: ]
[verbosity: -1]
[saved_feature_importance_type: 0]
[use_quantized_grad: 0]
[num_grad_quant_bins: 4]
[quant_train_renew_leaf: 0]
[stochastic_rounding: 1]
[linear_tree: 0]
[max_bin: 255]
[max_bin_by_feature: ]
[min_data_in_bin: 3]
[bin_construct_sample_cnt: 200000]
[data_random_seed: 175]
[is_enable_sparse: 1]
[enable_bundle: 1]
[use_missing: 1]
[zero_as_missing: 0]
[feature_pre_filter: 1]
[pre_partition: 0]
[two_round: 0]
[header: 0]
[label_column: ]
[weight_column: ]
[group_column: ]
[ignore_column: ]
[categorical_feature: ]
[forcedbins_filename: ]
[precise_float_parser: 0]
[parser_config_file: ]
[objective_seed: 16083]
[num_class: 1]
[is_unbalance: 0]
[scale_pos_weight: 1]
[sigmoid: 1]
[boost_from_average: 1]
[reg_sqrt: 0]
[alpha: 0.9]
[fair_c: 1]
[poisson_max_delta_step: 0.7]
[tweedie_variance_power: 1.5]
[lambdarank_truncation_level: 30]
[lambdarank_norm: 1]
[label_gain: ]
[lambdarank_position_bias_regularization: 0]
[eval_at: ]
[multi_error_top_k: 1]
[auc_mu_weights: ]
[num_machines: 1]
[local_listen_port: 12400]
[time_out: 120]
[machine_list_filename: ]
[machines: ]
[gpu_platform_id: -1]
[gpu_device_id: -1]
[gpu_use_dp: 0]
[num_gpu: 1]

end of parameters

pandas_categorical:null
