tree
version=v4
num_class=1
num_tree_per_iteration=1
label_index=0
max_feature_idx=100
objective=regression_l1
feature_names=load_total_mw load_north_mw load_central_mw load_south_mw hydro_inflow_m3s hydro_total_discharge_m3s hydro_plant_discharge_m3s hydro_spill_discharge_m3s hydro_water_level_m disp_total_installed_mw disp_total_midday_mw disp_total_evening_mw disp_hydro_installed_mw disp_hydro_midday_mw disp_hydro_evening_mw disp_solar_installed_mw disp_solar_midday_mw disp_solar_evening_mw disp_wind_installed_mw disp_wind_midday_mw disp_wind_evening_mw temperature_hanoi humidity_hanoi cloud_cover_hanoi wind_speed_hanoi shortwave_radiation_hanoi direct_radiation_hanoi diffuse_radiation_hanoi temperature_danang humidity_danang cloud_cover_danang wind_speed_danang shortwave_radiation_danang direct_radiation_danang diffuse_radiation_danang temperature_hcmc humidity_hcmc cloud_cover_hcmc wind_speed_hcmc shortwave_radiation_hcmc direct_radiation_hcmc diffuse_radiation_hcmc coal_proxy_price brent_price gas_proxy_price usd_vnd dxy_index is_weekend is_workday is_holiday is_tet is_pre_holiday is_post_holiday season sin_hour cos_hour sin_dow cos_dow sin_month cos_month smp_lag_48 load_lag_48 smp_lag_49 load_lag_49 smp_lag_50 load_lag_50 smp_lag_96 load_lag_96 smp_lag_336 load_lag_336 smp_north_lag_48 smp_south_lag_48 smp_north_lag_336 smp_south_lag_336 smp_rolling_mean_24h smp_rolling_std_24h load_rolling_mean_24h load_rolling_std_24h smp_rolling_mean_72h smp_rolling_std_72h load_rolling_mean_72h load_rolling_std_72h price_spread_ns_lag48 load_ramp_lag48 smp_yesterday_mean smp_yesterday_max smp_yesterday_min smp_yesterday_zero_ratio hydro_discharge_rolling_24h solar_gen_proxy wind_gen_proxy residual_load_proxy thermal_margin_proxy hydro_depletion_index margin_temp_interaction is_spike is_zero spike_prob_24h spike_prob_72h zero_prob_24h zero_prob_72h
feature_infos=[16738.400000000001:43669.699999999997] [8141:23529.633000000002] [1030.2:4920.1390000000001] [6568.3000000000002:17620.469000000001] [-24696.790000000001:52718.32] [261.23000000000002:27182.77] [243.56999999999999:14362.75] [11.359999999999999:15398] [386.1925:23252.132105263157] none [14491.4:47673.900000000001] [19152.799999999999:47033.400000000001] none [-3952.3000000000002:18862.5] [6035.6999999999998:23435.200000000001] none [0:8134.5] [0:344.30000000000001] none [0:4273.1999999999998] [0:4263.3999999999996] [7.5:32.299999999999997] [31:99] [0:100] [0.55000000000000004:30.25] [3.5:282] [0:208.5] [3.5:150.5] [16.050000000000001:33.25] [52:99.5] [0:100] [0.80000000000000004:50] [7:306.5] [0:234] [7:146] [20.600000000000001:31.300000000000001] [56:98] [0:100] [0.5:24] [16:265] [0:198] [16:133.5] [63.700000762939453:438.35000610351562] [55.099998474121087:127.98000335693359] [1.5750000476837158:9.6800003051757795] [22394.345703125:26405] [89.639999389648438:114.11000061035156] [0:1] [0:1] [0:1] [0:1] [0:1] [0:1] [1:4] none none [-0.97492791218182362:0.97492791218182362] [-0.90096886790241903:1] [-1:1] [-1:1] [0:1778.5999999999999] [16738.400000000001:43669.699999999997] [0:1778.5999999999999] [16515.5:40602.099999999999] [0:1778.5999999999999] [15251.9:39424.300000000003] [0:1778.5999999999999] [16738.400000000001:43669.699999999997] [0:1778.5999999999999] [16738.400000000001:43669.699999999997] [0:1778.5999999999999] [0:1778.5999999999999] [0:1778.5999999999999] [0:1778.5999999999999] [0:1778.5999999999999] [0:869.78656539635756] [15840.402083333332:48300.345833333326] [1494.0634266859377:7412.3475695858406] [0.069944444444444434:1778.5999999999999] [0:822.68470809772941] [15990.384722222221:45267.230555555558] [2009.5728777065494:7328.5193476692311] [-1602.3:1778.5999999999999] [-2000.7000000000007:5250.3000000000029] [0:1778.5999999999999] [0:1778.5999999999999] [0:1778.5999999999999] [0:1] [919.52208333333328:41870.738333333335] [112.0236:1855.3908750000001] [124.17300000000002:5960.3040000000001] [13767.265887500002:40395.97834999999] [13155.821650000013:39784.534112499998] [386.1925:23252.132105263157] [371342.92174875003:1122197.6812312501] [0:1] [0:1] [0:1] [0:1] [0:1] [0:1]
tree_sizes=4374 4149 4369

Tree=0
num_leaves=53
num_cat=0
split_feature=20 16 43 72 68 62 62 92 62 75 0 94 26 93 43 4 63 70 25 75 16 14 69 42 35 4 80 38 75 4 77 94 42 7 7 98 73 77 24 83 24 38 62 72 64 94 42 20 40 46 0 0
split_gain=34.3749 23.2034 24.1714 16.5234 15.7768 20.8125 16.8232 13.9206 10.7061 9.51661 9.25734 9.50963 9.92329 9.24621 8.37786 8.12759 7.93374 7.87611 8.03779 7.64557 8.1346 6.07202 5.77814 5.77406 5.45765 5.17512 5.01836 4.99794 8.11863 4.79566 4.84 4.76735 5.88194 4.70881 5.68102 4.6875 4.52445 4.49589 3.70755 3.62552 3.42909 3.20703 3.12142 4.37542 3.4882 3.94481 3.00704 2.19916 1.65822 0.937662 0.109091 0.102439
threshold=2201.9000000000005 6361.0000000000009 68.729999542236342 1325.9045000000003 1348.6445000000001 1447.5500000000002 848.21300000000008 27943.820406250004 1080.4035000000001 217.79273006866751 32866.650000000009 594416.73712343758 2.2500000000000004 422.53700924608825 66.614997863769545 2017.0650000000003 30727.850000000002 1530.4560000000004 28.250000000000004 502.32270189833116 5177.6000000000013 21676.450000000004 34199.400000000001 345.25000000000006 27.375000000000004 2943.7600000000007 30895.557638888891 6.0750000000000011 430.69128572653102 5735.9450000000006 3828.8459962376305 623160.07419843762 139.30000305175784 2049.7400000000007 17.595000000000002 0.15625000000000003 1540.1500000000003 3410.6535541864264 9.7250000000000014 2119.9499999999994 9.7750000000000021 5.7750000000000012 1.0425000000000002 1601.7 0.75000000000000011 587600.12942718773 228.57499694824222 253.50000000000003 70.250000000000014 99.790000915527358 32479.700000000004 33591.350000000006
decision_type=2 2 2 2 2 2 2 2 2 2 2 2 2 2 2 2 2 2 2 2 2 2 2 2 2 2 2 2 2 2 2 2 2 2 2 2 2 2 2 2 2 2 2 2 2 2 2 2 2 2 2 2
left_child=1 4 8 16 6 13 9 10 21 -1 11 12 -8 25 -11 -4 -2 -7 -19 20 -16 -3 -12 33 31 -6 -5 28 -27 -13 -31 -21 -33 34 40 -34 -20 -22 50 -18 -17 -40 44 48 45 -36 -38 -9 -44 -29 -28 -50
right_child=3 2 15 26 5 17 7 47 -10 14 22 29 -14 -15 19 23 39 18 36 24 37 -23 -24 -25 -26 27 38 49 -30 30 -32 32 35 -35 42 -37 46 -39 41 -41 -42 -43 43 -45 -46 -47 -48 -49 51 -51 -52 -53
leaf_value=-0.0010164794325828552 0.0012806211411952972 -0.00081135656684637068 0 -0.00050077222287654873 -0.00021073921583592893 0.00089030191302299502 0.0018962295353412628 0.0024022126197814943 0.00067009614780545236 0.00092474289238452911 0.0028019583225250243 -0.0010106517747044564 0 0 -0.0034657359123229981 0 -0.0007076465152204037 -0.0011378230527043342 0.00092850312590599061 0 0.00065246529877185824 0 0 0.017816313803195954 0.0034657359123229981 -0.0016586518287658692 -0.0034657359123229981 -0.0014545923843979835 0 0.00014190027490258218 0 -0.0010964317247271539 0.00032111728563904762 0 0 -3.9211306720972061e-05 0 -0.0020398037135601044 -0.032112174034118653 0 0 -0.0008773153647780419 0.00025086599227506666 0 0 0.031086781024932862 -3.900804331351537e-06 0.00138118714094162 0.0029286053776741029 -0.0031670358777046203 -0.0018394025415182113 0.0025440939515829087
leaf_weight=20 29 28 39 38 28 33 22 20 20 21 25 22 21 22 37 20 34 28 31 39 27 20 28 22 25 20 20 20 34 20 25 36 24 32 20 24 39 29 21 23 21 20 20 26 23 22 20 29 21 35 24 20
leaf_count=20 29 28 39 38 28 33 22 20 20 21 25 22 21 22 37 20 34 28 31 39 27 20 28 22 25 20 20 20 34 20 25 36 24 32 20 24 39 29 21 23 21 20 20 26 23 22 20 29 21 35 24 20
internal_value=-4.75494e-05 0.000289292 0.00135593 -0.00191388 -0.000180348 -0.00106452 0.000374494 0.00143868 -0.00132353 -0.000425532 0.000736196 -9.09091e-05 0.00174419 -0.00232704 -0.000171756 0.00199301 -0.000232558 0.000264901 -0.000338983 -0.000435685 -0.00155914 -0.00260417 0.00245283 0.00232794 0.00027027 -0.00281022 -0.00308943 -0.00330275 -0.00222222 -0.00126866 -0.000333333 -0.000162602 -0.000833333 0.00208889 0.00238342 0.0003125 0.000388889 -0.000357143 -0.00376471 -0.00131579 0.000731707 -0.00268293 0.00282895 0.00344828 0.002 0.00285714 -0.000423729 0.00377551 0.00418033 -0.00436364 -0.00477273 0.0047561
internal_weight=1367 1158 354 209 804 310 494 212 68 282 163 110 43 159 262 286 86 151 118 241 93 48 53 247 148 137 123 109 54 67 45 123 84 225 193 48 90 56 85 57 41 41 152 87 65 42 59 49 61 55 44 41
internal_count=1367 1158 354 209 804 310 494 212 68 282 163 110 43 159 262 286 86 151 118 241 93 48 53 247 148 137 123 109 54 67 45 123 84 225 193 48 90 56 85 57 41 41 152 87 65 42 59 49 61 55 44 41
is_linear=0
shrinkage=0.005


Tree=1
num_leaves=49
num_cat=0
split_feature=72 64 8 19 90 41 81 10 29 1 74 19 4 39 77 32 4 16 60 64 60 72 72 96 94 90 3 0 97 56 16 29 70 32 22 81 24 58 72 29 1 19 19 19 94 16 77 81
split_gain=30.5218 18.4372 17.2869 14.7593 14.5758 16.3818 10.0403 9.89456 9.55926 8.80771 9.20589 8.15233 7.9441 7.9087 7.42717 7.41544 7.21117 6.98243 6.4 6.36837 6.24257 6.23805 6.17334 7.46753 6.31955 5.83612 5.31789 7.53848 4.97605 7.06731 5.38594 4.81968 9.45262 5.83123 4.71488 4.70285 4.34949 4.17408 3.83333 3.7965 3.67391 3.6 3.50725 5.66154 3.32256 3.09521 1.9224 1.84011
threshold=1365.6245000000001 1367.5000000000002 392.9500000000001 2251.5000000000005 1918.4728500000001 94.250000000000014 3940.6725049800284 41732.350000000013 92.750000000000014 13383.550000000001 1122.6424270833336 1198.2500000000002 2137.5150000000003 95.500000000000014 3929.2913865803307 158.75000000000003 3079.9550000000004 4600.4000000000005 938.15000000000009 780.6255000000001 1533.9000000000003 959.8850000000001 980.8850000000001 1.0000000180025095e-35 578292.66198343772 1260.3559500000003 14528.35 36297.55000000001 0.093750000000000014 0.6078576107927941 6176.1500000000005 83.750000000000014 1503.4000000000003 92.500000000000014 88.250000000000014 3961.528704365358 6.9250000000000016 0.25000000000000011 718.46600000000012 86.750000000000014 16364.300000000001 1313.7500000000002 1333.2000000000003 879.45000000000016 619935.09479437524 5788.1500000000005 3774.751380591676 3832.758362073539
decision_type=2 2 2 2 2 2 2 2 2 2 2 2 2 2 2 2 2 2 2 2 2 2 2 2 2 2 2 2 2 2 2 2 2 2 2 2 2 2 2 2 2 2 2 2 2 2 2 2
left_child=2 28 -1 8 5 6 21 9 31 35 15 14 -8 -14 18 45 41 25 -7 26 -10 36 23 38 -25 -18 -17 -28 37 30 39 42 -33 -34 -12 -6 -4 -2 40 -30 -19 -15 43 -3 -35 -11 -46 -38
right_child=1 3 4 -5 7 11 12 -9 20 10 34 -13 13 16 -16 19 17 22 -20 -21 -22 -23 -24 24 -26 -27 27 -29 29 -31 -32 32 33 44 -36 -37 47 -39 -40 -41 -42 -43 -44 -45 46 -47 -48 -49
leaf_value=-0.0013847037230618297 -0.0307606041431427 0 0.0011015214920043945 -0.0018035408694297077 -0.001189517958648503 -0.00050005746725946673 -0.00089766845330595962 -0.00017308373348787429 3.636480960994959e-06 -0.0008086260193958879 0.0034284827858209609 0.00012228098888881505 -6.9059357047081002e-06 0.0019589588861912486 -0.0011029297404922544 1.0199018567800523e-05 -0.00077382318675518042 1.9605653360486032e-07 0.0015334919691085817 -0.00015421382989734415 0.00049517994746565823 8.8593985885381712e-05 -3.5279208142310379e-05 0 0.0013046318739652635 1.7328679561614992e-05 -1.7328679561614992e-05 0.012563678451627494 -0.00069293050616979599 0 -8.1363414227962491e-05 0.00025126657541841272 -0.0010714469528757037 -5.900433888291445e-06 0.00051656419374048704 0 0.02941627161083743 -0.0011079813363961877 0.003827171190828085 -0.0028286009371280667 0.0092146390676498408 0.00039074890478514135 1.233654678799212e-05 0 0 0 0 0.0023928454186767341
leaf_weight=29 34 26 30 35 31 20 21 24 22 29 20 36 27 20 37 35 29 23 20 22 26 39 36 25 38 25 39 20 39 39 25 38 38 22 28 21 37 30 23 32 23 20 23 20 23 21 20 27
leaf_count=29 34 26 30 35 31 20 21 24 22 29 20 36 27 20 37 35 29 23 20 22 26 39 36 25 38 25 39 20 39 39 25 38 38 22 28 21 37 30 23 32 23 20 23 20 23 21 20 27
internal_value=-4.02341e-05 -0.00103659 0.00052 -0.000238908 0.000650118 0.0011241 0.00155756 -0.000258621 0.000174419 1.8797e-05 0.00046729 -0.000575221 0.00106452 0.00128028 -0.00149351 -9.03614e-05 0.0015458 0.00119369 0 0.000603448 0.0021875 0.00270677 0.00169643 0.00219697 0.000952381 -0.00037037 0.00117021 0.000254237 -0.00221106 -0.00166667 -0.00239583 -0.000285714 -0.000815603 -0.00160194 0.00239583 -0.00182692 0.00340426 -0.00335937 0.00333333 -0.00309859 0.0025 0.0035 0.000797101 0 -0.000692308 -0.0017 0.000116279 0.00414063
internal_weight=1367 492 875 293 846 556 443 290 258 266 214 113 310 289 77 166 262 222 40 116 48 133 168 132 63 54 94 59 199 135 96 210 141 103 48 52 94 64 69 71 46 40 69 46 65 50 43 64
internal_count=1367 492 875 293 846 556 443 290 258 266 214 113 310 289 77 166 262 222 40 116 48 133 168 132 63 54 94 59 199 135 96 210 141 103 48 52 94 64 69 71 46 40 69 46 65 50 43 64
is_linear=0
shrinkage=0.005


Tree=2
num_leaves=50
num_cat=0
split_feature=20 93 73 69 99 72 0 69 69 66 1 5 88 0 65 1 78 8 77 63 76 30 91 8 23 8 77 77 4 35 0 80 72 7 14 0 8 19 13 76 80 88 69 63 30 84 78 1 99
split_gain=24.3298 16.7805 16.5525 15.5667 10.8066 10.431 9.57042 23.8367 11.9186 10.4161 10.3126 8.61795 11.2017 10.0711 8.55567 8.01627 7.707 7.62222 7.28779 7.00869 6.95657 6.26139 7.11382 6.23472 5.94971 8.4316 5.90393 11.3675 5.42685 5.82061 5.40346 5.40346 5.07908 4.97981 5.8046 10.1311 4.60952 4.87619 4.78983 4.46553 4.31787 4.06612 4.0365 3.73373 3.02459 3.42023 5.17691 1.86078 2.7478
threshold=2178.4000000000005 392.85416666666669 1385.8645000000004 38227.850000000013 0.82291666666666685 1316.2175000000002 32062.100000000002 32292.400000000005 31372.200000000001 1682.5500000000002 13878.000000000002 2921.0350000000003 4039.4968750000003 26406.050000000007 29226.900000000005 13049.900000000001 552.26638194444456 418.4851315789474 3925.6168156904209 30051.050000000003 35407.306250000016 93.750000000000014 31143.458843750006 411.15057275541801 99.750000000000014 404.58640873015878 3541.1008119895805 3890.1211616643091 3079.9550000000004 26.875000000000004 25275.150000000005 36477.451736111114 552.08900000000017 17.565000000000005 16395.050000000003 31794.000000000004 414.67855263157895 936.30000000000007 8138.3000000000011 29764.226041666672 28111.163888888888 7639.5858333333335 31581.400000000005 30021.100000000002 60.750000000000007 1375.1293645833337 905.73391319444454 16124.400000000001 0.072916666666666671
decision_type=2 2 2 2 2 2 2 2 2 2 2 2 2 2 2 2 2 2 2 2 2 2 2 2 2 2 2 2 2 2 2 2 2 2 2 2 2 2 2 2 2 2 2 2 2 2 2 2 2
left_child=1 -1 3 4 6 16 8 47 11 19 -10 -3 -13 30 -12 -4 -2 -18 -7 -9 32 22 -6 -22 26 -26 40 -28 29 -17 -14 -23 -21 -30 42 -36 37 -25 -38 -27 -15 -29 -35 -44 -20 46 -46 48 -8
right_child=5 2 15 -5 21 18 7 9 10 -11 14 12 13 24 -16 28 17 -19 44 20 23 31 -24 36 25 39 27 41 33 -31 -32 -33 -34 34 35 -37 38 -39 -40 -41 -42 -43 43 -45 45 -47 -48 -49 -50
leaf_value=-0.0014647558639696802 -0.00013602556084748357 -4.6425156295299528e-06 -0.0009980777495317162 -0.00036030292883515355 -0.00088872901093214743 -0.00082100769755057991 3.621721521625295e-05 -1.2198002828517928e-06 1.046831651031971e-05 -0.00015446353778243065 -0.0031098825156688692 0.0011877751095779241 2.871152292005718e-05 0.00086672880136594191 -1.2840337295085194e-05 0.00015944910828210413 0.00054475347245635933 -0.00089318011103942997 -0.0011142017256912178 0.00017777728752978145 0.0017831671172566714 -8.7359172767028214e-06 7.5637601526686925e-06 -0.00058679414078919223 -0.00012975267849257214 -5.2381977462209758e-06 -1.2089155055582522e-05 0.001329889204222709 0 0 -0.00099435232068877675 -0.0034635259137601828 0.0032987503022607412 -0.00028011027275910602 3.4646525308489799e-06 -4.3637619885150347e-05 0 8.6541866743937151e-07 0.0014097437159528488 0.00028001345506985671 0.029655504424789224 4.3420033650472766e-06 -0.00035799226313829426 0 -0.0024988356897607446 -0.00058664626267016862 -0.017386545380014926 0.02851630839571357 0.0015822861187253145
leaf_weight=29 23 23 38 35 21 31 23 39 28 21 25 21 28 28 27 25 28 35 20 27 24 20 20 21 35 20 35 25 28 30 27 22 38 23 34 23 31 35 33 37 26 23 21 24 20 24 34 35 24
leaf_count=29 23 23 38 35 21 31 23 39 28 21 25 21 28 28 27 25 28 35 20 27 24 20 20 21 35 20 35 25 28 30 27 22 38 23 34 23 31 35 33 37 26 23 21 24 20 24 34 35 24
internal_value=-0.000153621 0.000134549 0.000231523 0.000553022 0.000688836 -0.00169767 0.000876153 0.00148148 0.000355392 0.000762082 -0.001375 0.000777439 0.001 0.000739437 -0.00269231 -0.000914634 -0.000348837 0.000555556 -0.0025969 0.00104839 0.00141148 -0.0010241 0.000365854 0.000798611 0.00120087 0.000217391 0.00186131 0.0010241 -0.000528846 0.000818182 -0.00118182 -0.00238095 0.00276923 -0.00101307 -0.00144 -0.000263158 0.000333333 -0.000714286 0.00125 0.00140351 0.00314815 0.00260417 -0.00242647 -0.00155556 -0.00326531 -0.00282051 -0.00351852 0.00384146 0.00319149
internal_weight=1367 1152 1123 877 842 215 759 351 408 269 80 328 305 284 52 246 86 63 129 248 209 83 41 144 229 92 137 83 208 55 55 42 65 153 125 57 120 56 64 57 54 48 68 45 98 78 54 82 47
internal_count=1367 1152 1123 877 842 215 759 351 408 269 80 328 305 284 52 246 86 63 129 248 209 83 41 144 229 92 137 83 208 55 55 42 65 153 125 57 120 56 64 57 54 48 68 45 98 78 54 82 47
is_linear=0
shrinkage=0.005


end of trees

feature_importances:
load_total_mw=8
smp_north_lag_336=8
load_rolling_std_24h=7
hydro_inflow_m3s=6
disp_wind_midday_mw=6
load_north_mw=5
hydro_water_level_m=5
disp_solar_midday_mw=5
load_lag_336=5
margin_temp_interaction=5
smp_lag_49=4
hydro_spill_discharge_m3s=3
disp_wind_evening_mw=3
wind_speed_hanoi=3
humidity_danang=3
coal_proxy_price=3
load_lag_49=3
smp_lag_50=3
smp_rolling_std_24h=3
load_rolling_mean_72h=3
load_rolling_std_72h=3
disp_hydro_evening_mw=2
cloud_cover_danang=2
shortwave_radiation_danang=2
temperature_hcmc=2
wind_speed_hcmc=2
brent_price=2
smp_lag_48=2
smp_north_lag_48=2
smp_south_lag_336=2
load_rolling_mean_24h=2
smp_rolling_mean_72h=2
hydro_discharge_rolling_24h=2
wind_gen_proxy=2
hydro_depletion_index=2
zero_prob_24h=2
load_south_mw=1
hydro_total_discharge_m3s=1
disp_total_midday_mw=1
disp_hydro_midday_mw=1
humidity_hanoi=1
cloud_cover_hanoi=1
shortwave_radiation_hanoi=1
direct_radiation_hanoi=1
shortwave_radiation_hcmc=1
direct_radiation_hcmc=1
diffuse_radiation_hcmc=1
dxy_index=1
sin_dow=1
sin_month=1
load_lag_50=1
smp_lag_96=1
smp_lag_336=1
smp_rolling_mean_24h=1
load_ramp_lag48=1
smp_yesterday_mean=1
residual_load_proxy=1
thermal_margin_proxy=1
is_zero=1
spike_prob_24h=1
spike_prob_72h=1

parameters:
[boosting: gbdt]
[objective: regression_l1]
[metric: l1]
[tree_learner: serial]
[device_type: cpu]
[data_sample_strategy: bagging]
[data: ]
[valid: ]
[num_iterations: 3000]
[learning_rate: 0.005]
[num_leaves: 127]
[num_threads: -1]
[seed: 42]
[deterministic: 0]
[force_col_wise: 0]
[force_row_wise: 0]
[histogram_pool_size: -1]
[max_depth: -1]
[min_data_in_leaf: 20]
[min_sum_hessian_in_leaf: 0.001]
[bagging_fraction: 0.8]
[pos_bagging_fraction: 1]
[neg_bagging_fraction: 1]
[bagging_freq: 5]
[bagging_seed: 400]
[bagging_by_query: 0]
[feature_fraction: 0.5]
[feature_fraction_bynode: 1]
[feature_fraction_seed: 30056]
[extra_trees: 0]
[extra_seed: 12879]
[early_stopping_round: 0]
[early_stopping_min_delta: 0]
[first_metric_only: 0]
[max_delta_step: 0]
[lambda_l1: 0]
[lambda_l2: 0]
[linear_lambda: 0]
[min_gain_to_split: 0]
[drop_rate: 0.1]
[max_drop: 50]
[skip_drop: 0.5]
[xgboost_dart_mode: 0]
[uniform_drop: 0]
[drop_seed: 17869]
[top_rate: 0.2]
[other_rate: 0.1]
[min_data_per_group: 100]
[max_cat_threshold: 32]
[cat_l2: 10]
[cat_smooth: 10]
[max_cat_to_onehot: 4]
[top_k: 20]
[monotone_constraints: ]
[monotone_constraints_method: basic]
[monotone_penalty: 0]
[feature_contri: ]
[forcedsplits_filename: ]
[refit_decay_rate: 0.9]
[cegb_tradeoff: 1]
[cegb_penalty_split: 0]
[cegb_penalty_feature_lazy: ]
[cegb_penalty_feature_coupled: ]
[path_smooth: 0]
[interaction_constraints: ]
[verbosity: -1]
[saved_feature_importance_type: 0]
[use_quantized_grad: 0]
[num_grad_quant_bins: 4]
[quant_train_renew_leaf: 0]
[stochastic_rounding: 1]
[linear_tree: 0]
[max_bin: 255]
[max_bin_by_feature: ]
[min_data_in_bin: 3]
[bin_construct_sample_cnt: 200000]
[data_random_seed: 175]
[is_enable_sparse: 1]
[enable_bundle: 1]
[use_missing: 1]
[zero_as_missing: 0]
[feature_pre_filter: 1]
[pre_partition: 0]
[two_round: 0]
[header: 0]
[label_column: ]
[weight_column: ]
[group_column: ]
[ignore_column: ]
[categorical_feature: ]
[forcedbins_filename: ]
[precise_float_parser: 0]
[parser_config_file: ]
[objective_seed: 16083]
[num_class: 1]
[is_unbalance: 0]
[scale_pos_weight: 1]
[sigmoid: 1]
[boost_from_average: 1]
[reg_sqrt: 0]
[alpha: 0.9]
[fair_c: 1]
[poisson_max_delta_step: 0.7]
[tweedie_variance_power: 1.5]
[lambdarank_truncation_level: 30]
[lambdarank_norm: 1]
[label_gain: ]
[lambdarank_position_bias_regularization: 0]
[eval_at: ]
[multi_error_top_k: 1]
[auc_mu_weights: ]
[num_machines: 1]
[local_listen_port: 12400]
[time_out: 120]
[machine_list_filename: ]
[machines: ]
[gpu_platform_id: -1]
[gpu_device_id: -1]
[gpu_use_dp: 0]
[num_gpu: 1]

end of parameters

pandas_categorical:null
