tree
version=v4
num_class=1
num_tree_per_iteration=1
label_index=0
max_feature_idx=100
objective=regression_l1
feature_names=load_total_mw load_north_mw load_central_mw load_south_mw hydro_inflow_m3s hydro_total_discharge_m3s hydro_plant_discharge_m3s hydro_spill_discharge_m3s hydro_water_level_m disp_total_installed_mw disp_total_midday_mw disp_total_evening_mw disp_hydro_installed_mw disp_hydro_midday_mw disp_hydro_evening_mw disp_solar_installed_mw disp_solar_midday_mw disp_solar_evening_mw disp_wind_installed_mw disp_wind_midday_mw disp_wind_evening_mw temperature_hanoi humidity_hanoi cloud_cover_hanoi wind_speed_hanoi shortwave_radiation_hanoi direct_radiation_hanoi diffuse_radiation_hanoi temperature_danang humidity_danang cloud_cover_danang wind_speed_danang shortwave_radiation_danang direct_radiation_danang diffuse_radiation_danang temperature_hcmc humidity_hcmc cloud_cover_hcmc wind_speed_hcmc shortwave_radiation_hcmc direct_radiation_hcmc diffuse_radiation_hcmc coal_proxy_price brent_price gas_proxy_price usd_vnd dxy_index is_weekend is_workday is_holiday is_tet is_pre_holiday is_post_holiday season sin_hour cos_hour sin_dow cos_dow sin_month cos_month smp_lag_48 load_lag_48 smp_lag_49 load_lag_49 smp_lag_50 load_lag_50 smp_lag_96 load_lag_96 smp_lag_336 load_lag_336 smp_north_lag_48 smp_south_lag_48 smp_north_lag_336 smp_south_lag_336 smp_rolling_mean_24h smp_rolling_std_24h load_rolling_mean_24h load_rolling_std_24h smp_rolling_mean_72h smp_rolling_std_72h load_rolling_mean_72h load_rolling_std_72h price_spread_ns_lag48 load_ramp_lag48 smp_yesterday_mean smp_yesterday_max smp_yesterday_min smp_yesterday_zero_ratio hydro_discharge_rolling_24h solar_gen_proxy wind_gen_proxy residual_load_proxy thermal_margin_proxy hydro_depletion_index margin_temp_interaction is_spike is_zero spike_prob_24h spike_prob_72h zero_prob_24h zero_prob_72h
feature_infos=[16738.400000000001:43669.699999999997] [8141:23529.633000000002] [1030.2:4920.1390000000001] [6568.3000000000002:17620.469000000001] [-24696.790000000001:52718.32] [261.23000000000002:27182.77] [243.56999999999999:14362.75] [11.359999999999999:15398] [386.1925:23252.132105263157] none [14491.4:47673.900000000001] [19152.799999999999:47033.400000000001] none [-3952.3000000000002:18862.5] [6035.6999999999998:23435.200000000001] none [0:8134.5] [0:344.30000000000001] none [0:4273.1999999999998] [0:4263.3999999999996] [7.5:32.299999999999997] [31:99] [0:100] [0.55000000000000004:30.25] [3.5:282] [0:208.5] [3.5:150.5] [16.050000000000001:33.25] [52:99.5] [0:100] [0.80000000000000004:50] [7:306.5] [0:234] [7:146] [20.600000000000001:31.300000000000001] [56:98] [0:100] [0.5:24] [16:265] [0:198] [16:133.5] [63.700000762939453:438.35000610351562] [55.099998474121087:127.98000335693359] [1.5750000476837158:9.6800003051757795] [22394.345703125:26405] [89.639999389648438:114.11000061035156] [0:1] [0:1] [0:1] [0:1] [0:1] [0:1] [1:4] none none [-0.97492791218182362:0.97492791218182362] [-0.90096886790241903:1] [-1:1] [-1:1] [0:1778.5999999999999] [16738.400000000001:43669.699999999997] [0:1778.5999999999999] [16515.5:40602.099999999999] [0:1778.5999999999999] [15251.9:39424.300000000003] [0:1778.5999999999999] [16738.400000000001:43669.699999999997] [0:1778.5999999999999] [16738.400000000001:43669.699999999997] [0:1778.5999999999999] [0:1778.5999999999999] [0:1778.5999999999999] [0:1778.5999999999999] [0:1778.5999999999999] [0:869.78656539635756] [15840.402083333332:48300.345833333326] [1494.0634266859377:7412.3475695858406] [0.069944444444444434:1778.5999999999999] [0:822.68470809772941] [15990.384722222221:45267.230555555558] [2009.5728777065494:7328.5193476692311] [-1602.3:1778.5999999999999] [-2000.7000000000007:5250.3000000000029] [0:1778.5999999999999] [0:1778.5999999999999] [0:1778.5999999999999] [0:1] [919.52208333333328:41870.738333333335] [112.0236:1855.3908750000001] [124.17300000000002:5960.3040000000001] [13767.265887500002:40395.97834999999] [13155.821650000013:39784.534112499998] [386.1925:23252.132105263157] [371342.92174875003:1122197.6812312501] [0:1] [0:1] [0:1] [0:1] [0:1] [0:1]
tree_sizes=4520 4450 4688 4724 4810

Tree=0
num_leaves=54
num_cat=0
split_feature=68 62 20 64 40 73 72 30 77 84 78 70 93 14 75 16 40 43 43 38 0 14 80 0 28 95 35 30 45 71 38 70 42 70 24 20 30 20 16 40 95 98 94 77 28 80 42 26 38 77 4 16 28
split_gain=25.9338 24.4772 20.1828 19.7286 14.49 14.0563 12.5851 12.0268 9.14479 8.90138 12.4848 11.2275 8.84835 8.6272 8.2246 7.43442 7.41054 9.84789 8.00668 6.9901 6.83654 6.54675 6.53526 7.29713 6.30455 6.91837 6.08851 5.80749 6.0446 5.74422 6.19743 5.15745 5.00087 4.71174 6.50177 4.65056 4.52546 4.30029 4.16091 11.7166 6.63701 4.1399 3.93709 3.62073 3.54632 3.00991 2.91379 2.72 2.66912 2.62241 2.30655 0.616086 0.409756
threshold=1346.5740000000003 1047.2740000000001 2201.9000000000005 1117.0440000000001 171.75000000000003 1305.5480000000002 963.64250000000015 94.250000000000014 4155.4241500545386 134.40625000000003 430.98357638888893 798.88000000000011 420.21421052631581 21676.450000000004 500.01900851513028 5890.7000000000007 154.75000000000003 68.305000305175795 86.155002593994155 8.2750000000000021 31110.250000000004 16168.750000000002 34560.837847222225 30221.450000000001 21.675000000000004 1.0000000180025095e-35 26.625000000000004 47.750000000000007 23697.500000000004 1469.5330000000001 5.2750000000000012 1503.4000000000003 108.87500000000001 0.93700000000000017 5.7750000000000012 2716.3000000000006 91.250000000000014 884.6500000000002 5755.2000000000016 84.750000000000014 1.0000000180025095e-35 0.30208333333333343 618513.94615687511 4001.6695332754302 28.225000000000005 36392.100000000006 126.82500076293947 72.750000000000014 7.625 3963.7243955505542 2690.4000000000005 6261.1000000000013 22.675000000000001
decision_type=2 2 2 2 2 2 2 2 2 2 2 2 2 2 2 2 2 2 2 2 2 2 2 2 2 2 2 2 2 2 2 2 2 2 2 2 2 2 2 2 2 2 2 2 2 2 2 2 2 2 2 2 2
left_child=1 4 3 27 6 38 9 14 24 15 33 13 50 16 20 -1 17 -12 36 21 -7 -13 23 -8 -3 31 43 -2 47 30 -10 41 -15 34 -11 -14 -19 -36 39 -5 -40 -26 -22 -9 -20 -39 -27 48 -29 -38 -4 -44 -52
right_child=2 8 12 5 -6 7 22 26 29 10 11 19 35 32 -16 -17 -18 18 44 -21 42 -23 -24 -25 25 46 -28 28 -30 -31 -32 -33 -34 -35 37 -37 49 45 40 -41 -42 -43 51 -45 -46 -47 -48 -49 -50 -51 52 -53 -54
leaf_value=-0.00442150354385376 0 0.00082290507853031156 -0.0014755366742610931 -0.00031632818281650542 0.0019520241022109987 -0.00013368682004511357 -0.0023651936650276183 -0.00036464229226112365 -0.00050272766500711438 0.0034294679760932924 0.0005886424332857132 0.0015201766788959503 0 0 0.00067848600447177891 0 3.657731227576733e-05 -0.0034657359123229981 -0.0017226196266710758 -0.00050381271168589595 0.0003305778745561838 0 -0.001824524998664856 7.3653827421367175e-05 0.00056459352374076848 0.0052871197462081914 0 -0.0023347184062004092 0 0.00085279662162065508 0 0.0021640405058860781 0.016295285224914552 0.0034657359123229981 0.0034657359123229981 -0.0034657359123229981 -0.0052888911962509152 0 5.5489381775259975e-05 0.0015124014019966127 0.0031406438350677491 -0.00091172076761722562 0 -0.0019999434798955917 0 0 0.00054127287119627005 -0.00046533981338143349 -0.0015806123614311219 -7.4887723894789818e-06 -0.0030476748943328857 0 -0.0011563682183623313
leaf_weight=20 25 29 36 21 24 23 27 37 26 25 21 30 23 22 25 35 23 37 20 20 22 33 21 23 21 29 26 27 34 22 38 31 20 23 33 27 29 20 21 23 31 20 21 22 22 23 29 22 24 20 21 20 20
leaf_count=20 25 29 36 21 24 23 27 37 26 25 21 30 23 22 25 35 23 37 20 20 22 33 21 23 21 29 26 27 34 22 38 31 20 23 33 27 29 20 21 23 31 20 21 22 22 23 29 22 24 20 21 20 20
internal_value=-5.1207e-05 0.000514706 -0.000889292 -0.000365566 -5.25394e-05 0.000359589 -0.000219378 -0.000408163 0.00183673 7.35294e-05 0.000320665 -0.00023569 -0.0026378 -0.000841121 0.000675676 -0.00181818 -0.00133721 -0.00174497 -0.00226562 0.0013253 -5.81395e-05 0.00214286 -0.0021831 -0.0012 0.00254717 0.00207692 -0.00182353 -0.0019697 -0.00247664 0.000523256 -0.000234375 0.00104167 0.00119048 0.00165323 0.00118812 -0.001 -0.00313953 0.000460526 0.00192708 0.000795455 0.00288462 -0.000121951 0.000793651 -0.00271186 -0.00047619 -0.000581395 0.00336207 -0.00328767 -0.00392157 -0.00214286 -0.0037013 -0.000121951 -0.0045122
internal_weight=1367 816 551 424 571 292 547 196 245 476 421 297 127 214 111 55 172 149 128 83 86 63 71 50 159 130 85 132 107 86 64 72 42 124 101 50 86 76 96 44 52 41 63 59 42 43 58 73 51 49 77 41 41
internal_count=1367 816 551 424 571 292 547 196 245 476 421 297 127 214 111 55 172 149 128 83 86 63 71 50 159 130 85 132 107 86 64 72 42 124 101 50 86 76 96 44 52 41 63 59 42 43 58 73 51 49 77 41 41
is_linear=0
shrinkage=0.005


Tree=1
num_leaves=51
num_cat=0
split_feature=29 20 29 70 72 5 98 64 13 70 39 33 78 29 13 22 28 72 20 5 91 81 14 74 78 19 83 30 14 14 60 29 77 23 41 40 78 8 14 64 40 39 56 5 19 66 82 97 78 10
split_gain=26.134 19.4182 15.9212 14.2153 22.0311 14.288 14.1589 11.8797 11.6519 11.5842 11.4628 10.5604 12.7887 15.3785 11.8311 9.65857 8.93393 12.4096 8.82887 7.46277 9.35157 7.22439 6.98392 8.14545 7.49618 6.87719 7.12141 6.38528 6.8122 9.41222 6.57809 6.16967 5.90235 6.375 5.67326 5.49094 4.84899 4.79077 4.5273 4.32316 4.15806 4.04076 3.76684 3.62963 3.54292 3.1543 2.94795 2.51958 2.03626 0.123077
threshold=93.750000000000014 2740.2500000000005 59.750000000000007 958.65000000000009 962.50000000000011 3014.5800000000004 0.66319444444444453 1486.5455000000002 3641.4500000000003 735.00000000000011 173.25000000000003 34.250000000000007 819.59330208333347 83.250000000000014 3403.4500000000003 89.250000000000014 23.475000000000005 925.40000000000009 1687.2500000000002 2539.4650000000006 34633.477118750008 3934.8919517302875 15883.800000000001 1238.3076145833336 1306.5532187500005 1094.3500000000001 2116.9000000000001 45.750000000000007 21577.750000000004 20550.650000000005 1.0410000000000001 80.750000000000014 3727.1164452657263 99.250000000000014 59.750000000000007 53.750000000000007 1640.3312118055558 421.3864473684211 13642.450000000003 1024.1005000000002 75.250000000000014 138.25000000000003 1.0000000180025095e-35 4141.4800000000005 532.60000000000002 813.40300000000013 0.085000000000000034 0.093750000000000014 1267.8950069444447 35257.55000000001
decision_type=2 2 2 2 2 2 2 2 2 2 2 2 2 2 2 2 2 2 2 2 2 2 2 2 2 2 2 2 2 2 2 2 2 2 2 2 2 2 2 2 2 2 2 2 2 2 2 2 2 2
left_child=1 2 -1 4 9 15 11 -8 44 10 25 12 -7 -14 -15 21 42 39 19 -12 27 -5 24 -24 -19 26 -4 -21 29 30 32 -9 -29 -34 -16 -33 -37 40 -2 -18 -10 43 -13 -3 -6 -11 -43 -27 -40 -42
right_child=38 41 3 5 8 6 7 31 37 45 18 16 13 14 34 -17 17 22 -20 20 -22 -23 23 -25 -26 47 -28 28 -30 -31 -32 35 33 -35 -36 36 -38 -39 48 -41 49 46 -44 -45 -46 -47 -48 -49 -50 -51
leaf_value=0.0034789581403136252 0 -0.029881276071816686 -0.00093244221210479739 3.3421705011278395e-07 -0.0012327481433749199 0.00010676870299503207 -0.0011823747828602791 0.00063383730459026994 -0.002201717841392383 1.1122614890336989e-05 -9.760120511054994e-06 0.0010564646869897843 -0.0018450012259185315 0.0006709962766617536 -0.00066438898928463459 -0.00087045140508562331 0.00088224045038223277 -0.00055942192685324698 0.0011530021950602531 0.0034123206362128254 -0.0012009851604700087 -0.00037713147029280666 0 0.0014103330060839653 0.00023893336169421672 -0.0034392914563417436 0.0013479449555277823 0.0023705640584230424 0.0029072710871696473 -0.0021219475262565543 -0.00091764120012521736 -0.00010755104944109916 -0.0013953424263745545 8.6130981333553799e-06 0 6.684341002255679e-07 0 -1.8413456855341794e-07 0.00051027681380510332 0.030947316344548021 -0.0030988637447357183 0 0.0017491834145970642 -0.00037418800909072163 2.3266990669071675e-06 0.00074499408146366482 -0.0030324365198612212 -0.0034570715725421907 0.0012735794326290491 -0.0018827620455878786
leaf_weight=30 23 27 33 30 20 32 25 25 24 20 29 31 24 33 21 30 25 24 20 31 26 23 35 20 23 37 24 28 23 20 34 25 24 27 39 37 29 22 23 32 32 22 26 27 21 39 21 20 31 20
leaf_count=30 23 27 33 30 20 32 25 25 24 20 29 31 24 33 21 30 25 24 20 31 26 23 35 20 23 37 24 28 23 20 34 25 24 27 39 37 29 22 23 32 32 22 26 27 21 39 21 20 31 20
internal_value=-0.000102414 -0.000271318 -9.63956e-05 -0.000189166 -0.000749129 0.000356537 0.000671937 -0.000673759 -0.00248201 -0.000195402 -0.000518617 0.00119178 0.000167785 -0.000598291 0.000322581 -0.00156627 0.00189815 0.00128931 5.72519e-05 -0.000206612 0.000117371 -0.000283019 0.000245098 0.00145455 -0.00117021 -0.00184211 -0.000614035 0.000508021 9.61538e-05 -0.000338346 0.000221239 0 0.00101266 0 -0.001 -0.000604396 0.000151515 -0.00341837 0.00272727 0.00315789 -0.00401316 -0.00242268 0.00359649 -0.00333333 -0.000243902 0.00186441 -0.00127907 -0.00307018 0.00351852 -0.00480769
internal_weight=1367 1290 1193 1163 574 589 506 141 139 435 376 365 149 117 93 83 216 159 262 242 213 53 102 55 47 114 57 187 156 133 113 116 79 51 60 91 66 98 77 57 76 97 57 54 41 59 43 57 54 52
internal_count=1367 1290 1193 1163 574 589 506 141 139 435 376 365 149 117 93 83 216 159 262 242 213 53 102 55 47 114 57 187 156 133 113 116 79 51 60 91 66 98 77 57 76 97 57 54 41 59 43 57 54 52
is_linear=0
shrinkage=0.005


Tree=2
num_leaves=53
num_cat=0
split_feature=72 96 20 97 76 7 45 73 64 100 89 99 66 20 30 98 8 91 65 72 27 19 94 14 0 30 1 13 27 88 66 76 45 4 94 76 45 20 13 7 8 45 4 27 58 73 35 27 97 65 3 20
split_gain=20.0789 15.3899 12.0934 12.376 11.7577 11.462 10.6957 9.01827 12.8343 11.614 13.1569 11.5651 9.08878 9.0534 8.38346 8.04293 8.30091 9.80501 7.54977 7.44085 8.87859 7.41999 7.23866 7.11032 6.81687 6.12666 7.32485 7.25219 8.48817 6.97888 6.92713 5.9491 5.75314 4.84 4.78025 6.143 4.47884 4.47219 9.40822 7.25366 4.43251 4.42768 4.24363 4.20779 3.94592 5.90947 3.6 3.42857 2.92196 2.48438 2.20742 1.67828
threshold=1499.0870000000002 1.0000000180025095e-35 2774.5500000000006 0.093750000000000014 29080.858333333334 520.43500000000006 24527.500000000004 1278.9145000000001 1299.8000000000002 0.53125000000000011 1678.60363125 0.052083333333333336 1486.5455000000002 1166.1000000000001 70.750000000000014 0.29513888888888895 417.94876244665727 29764.253537500004 28585.550000000007 751.6495000000001 69.250000000000014 972.70000000000016 590740.03835687519 13292.300000000001 35850.650000000009 22.000000000000004 17098.647500000003 12936.100000000002 99.250000000000014 7729.260416666667 1.0000000180025095e-35 31376.243750000001 23444.000000000004 2261.3600000000001 572245.99971531273 40496.812500000007 23648.500000000004 1892.7 3985.1500000000005 80.010000000000005 411.90065789473687 22806.000000000004 10423.125000000002 36.250000000000007 -0.6830127018922193 854.15900000000011 26.625000000000004 58.250000000000007 0.17708333333333334 30054.300000000003 13108.800000000001 874.50000000000011
decision_type=2 2 2 2 2 2 2 2 2 2 2 2 2 2 2 2 2 2 2 2 2 2 2 2 2 2 2 2 2 2 2 2 2 2 2 2 2 2 2 2 2 2 2 2 2 2 2 2 2 2 2 2
left_child=1 4 3 43 5 41 21 8 9 10 13 -9 -13 14 -6 48 23 -18 -11 25 -21 22 -5 -17 -20 -3 27 28 29 33 -31 -8 -24 -27 35 -28 -34 38 47 -39 -15 -1 -32 -2 -16 -46 -22 -23 -10 -4 -43 -25
right_child=2 19 49 6 7 -7 31 11 15 18 -12 12 -14 40 44 16 17 -19 24 20 46 37 32 51 -26 26 34 -29 -30 30 42 -33 36 -35 -36 -37 -38 39 -40 -41 -42 50 -44 -45 45 -47 -48 -49 -50 -51 -52 -53
leaf_value=0.0007936784209710895 -0.0010349139547329396 0.0010837659725751727 -0.017346366260490846 0.00024880437579553107 -2.7063643559813504e-06 -4.5059598961961453e-07 0.0021693733283393085 -0.00061277986625209451 0.0007548825275152922 0.0029600033565610646 0.00083110853757755831 -0.00074758430257067081 0.00037036833055317401 0.00059908609203336528 -0.0013637371082976461 0.00011980481746559963 0.00061913869565818457 -0.0012460259298030288 -5.7650109753012654e-06 1.5227093551948201e-06 -0.032343633649170977 -0.00090912907419167467 -1.6528893727809189e-06 0.0017296944846245459 0.001285869824886322 -1.0820202529430391e-05 0.0034485455069518649 -0.00016183188063651326 0.0029764443828538063 -1.1852820292115211e-05 -4.4112022519111635e-06 4.0344591484870758e-05 6.6676301497500395e-07 -0.0034546664649574088 -1.1852820292115211e-05 -4.0403502210974707e-06 -0.0016171406627344259 -0.00034213433959009125 -0.00066106704433821148 2.3181178170372733e-05 -3.7249704073183241e-06 0.00074126911105634643 0.00078184616320673382 -0.003876442089349614 -6.0295342444442222e-07 -0.0014127361907018932 -0.0022092902075275776 0 0.0023299583720192314 -0.0019722527838237584 0.000742898325892631 0.0014823027941258623
leaf_weight=32 22 32 22 28 37 24 22 29 21 23 21 20 23 24 23 30 24 22 22 22 20 21 39 20 21 25 23 34 29 23 21 39 39 20 36 22 20 28 29 26 37 25 26 28 20 21 20 21 27 30 33 21
leaf_count=32 22 32 22 28 37 24 22 29 21 23 21 20 23 24 23 30 24 22 22 22 20 21 39 20 21 25 23 34 29 23 21 39 39 20 36 22 20 28 29 26 37 25 26 28 20 21 20 21 27 30 33 21
internal_value=-9.50988e-05 0.000304302 -0.00101449 -0.000690608 0.000791667 0.00223684 -0.000320513 0.000452675 0.000736715 2.00803e-05 -0.000628415 -0.00118056 0.000465116 -0.00111111 -0.0020297 0.00181818 0.00111111 -0.000543478 0.00181818 -0.000524079 -0.00209677 -0.000776892 7.93651e-05 0.0021831 0.000581395 -0.000189003 -0.000444015 -0.00101124 -0.000520833 -0.00113043 -0.000142857 0.00155738 -0.000561224 -0.00266667 0.000802469 0.00188889 0.000423729 -0.00164 -0.00246479 -0.000555556 0.000409836 0.00305556 0.000957447 -0.003 -0.003125 -0.00219512 -0.0035 -0.000952381 0.00354167 -0.00326923 0.00387931 0.00353659
internal_weight=1367 953 414 362 600 114 312 486 414 249 183 72 43 162 101 165 117 46 66 353 62 251 126 71 43 291 259 178 144 115 70 61 98 45 81 45 59 125 71 54 61 90 47 50 64 41 40 42 48 52 58 41
internal_count=1367 953 414 362 600 114 312 486 414 249 183 72 43 162 101 165 117 46 66 353 62 251 126 71 43 291 259 178 144 115 70 61 98 45 81 45 59 125 71 54 61 90 47 50 64 41 40 42 48 52 58 41
is_linear=0
shrinkage=0.005


Tree=3
num_leaves=53
num_cat=0
split_feature=34 20 68 66 66 89 31 16 93 37 41 17 32 68 16 6 77 2 2 30 20 13 36 42 16 46 68 81 13 30 38 70 66 13 93 17 6 38 23 17 2 31 36 75 38 66 89 80 38 68 6 2
split_gain=15.8999 34.6255 15.8598 15.7298 13.2045 16.8221 13.6955 12.0002 11.9324 11.4052 9.72257 8.52903 8.25089 7.82866 7.33968 6.96348 7.04074 9.05785 6.79865 5.91802 5.86701 6.71384 11.1254 7.10248 8.08934 7.28994 6.9592 6.76376 6.11647 6.06061 5.79331 5.98475 8.46886 5.62645 7.04348 5.47937 5.45835 7.80066 5.50894 5.43254 5.24787 4.92601 4.57415 4.3917 4.12067 3.86634 4.15181 4.08265 3.77143 3.44627 2.95918 0.921951
threshold=79.750000000000014 1280.3500000000001 1499.4500000000003 1.0000000180025095e-35 856.91950000000008 1510.5682312500001 11.925000000000002 4781.7000000000007 395.22375000000005 25.250000000000004 70.250000000000014 168.55000000000004 81.750000000000014 1380.8500000000001 6595.9500000000007 2775.9150000000004 4001.6695332754302 3385.8720000000003 2976.7500000000005 65.250000000000014 1565.1000000000001 1964.4000000000003 85.250000000000014 98.599998474121108 6233.4000000000005 101.09999847412111 951.00000000000011 4355.0145251271724 10239.550000000001 96.250000000000014 10.225000000000001 1107.5070000000003 905.63250000000005 3553.8500000000004 422.69473684210533 219.70000000000002 5594.4900000000007 4.7250000000000014 91.250000000000014 28.100000000000005 2758.3000000000006 7.2750000000000012 72.250000000000014 275.14037834895652 8.4750000000000032 1395.4000000000003 1290.0217687500001 33116.416666666679 8.1250000000000018 1099.9500000000003 4304.0950000000003 2869.9440000000004
decision_type=2 2 2 2 2 2 2 2 2 2 2 2 2 2 2 2 2 2 2 2 2 2 2 2 2 2 2 2 2 2 2 2 2 2 2 2 2 2 2 2 2 2 2 2 2 2 2 2 2 2 2 2
left_child=1 3 4 14 5 48 7 -6 -2 -10 11 30 -9 36 -1 -4 33 42 40 -14 21 43 29 -24 25 26 -25 28 -26 -23 31 32 -5 -17 -35 45 38 -38 -12 -33 -15 -22 -18 -11 51 46 -27 -47 -3 -8 -44 -39
right_child=8 2 15 10 6 -7 49 12 9 20 13 -13 19 18 -16 16 17 -19 -20 -21 41 22 23 24 27 35 -28 -29 -30 -31 -32 39 -34 34 -36 -37 37 44 -40 -41 -42 -43 50 -45 -46 47 -48 -49 -50 -51 -52 -53
leaf_value=-0.0015842112967412924 -0.002172248177463431 -0.00017850948019871541 -0.029645137860155147 0.00098375976827114707 0.0032814680383909263 0.00025197659942979356 -5.7017948161481766e-06 -0.0003033155549983213 1.2404914306174034e-05 -3.3338150748750197e-09 0.00090788588646337513 0.007064103474647308 0.00039724836746799061 -1.186402361607179e-06 0.00014918765641637046 3.8877232157713152e-05 -0.00098648132072182127 1.743902232714464e-05 -7.1620159166692977e-05 0.0023183085801591354 -5.7057468738406899e-06 -5.8705594122875502e-07 -0.00094738165821473864 0.0035977814882587455 0.00087367370544243379 -0.00041105796869924521 -0.0003585483638026431 -0.00057487206919938432 -1.9773998392303475e-06 0.00013180368595113744 -2.64723507099814e-06 0.00034628081285811494 -0.00012973660704365653 -0.00082294787680035452 0.00025828773807486929 -0.0030072538880346667 8.1897515529522204e-06 0.00066709289056723702 -2.7034622818368956e-05 0.00069445388359736686 6.7624415005623008e-05 2.3150655715726318e-06 -0.001361543920499997 -2.459354182276875e-05 0.0011619385660380265 -1.3701541416849943e-05 -0.0021075238661529354 1.8215403760550544e-06 -0.0034303269418167722 -1.9558699430141132e-05 -0.0030877625182408708 0.014680486099920667
leaf_weight=24 32 20 29 24 37 20 25 30 28 20 20 36 27 21 21 31 21 24 22 31 39 33 32 26 27 28 20 24 20 33 20 28 28 23 23 34 32 21 21 36 25 21 29 21 20 25 26 21 22 26 20 20
leaf_count=24 32 20 29 24 37 20 25 30 28 20 20 36 27 21 21 31 21 24 22 31 39 33 32 26 27 28 20 24 20 33 20 28 28 23 23 34 32 21 21 36 25 21 29 21 20 25 26 21 22 26 20 20
internal_value=-9.50988e-05 0.000320887 -0.0006621 0.00134845 0.000210084 -0.00177419 0.000909091 0.0018 -0.000794118 -0.000596234 0.00168449 0.00255814 0.000795455 0.000940594 -0.00144444 -0.0017 -0.00131579 -0.00223404 -0.000441176 0.00189655 -0.000788889 -0.00101282 -0.000787966 -0.00121908 -0.000936255 -0.0015 0.000217391 0.000492958 0.00159574 0.00106061 0.00198529 0.00241379 0.00115385 -0.000194805 -0.00130435 -0.00208955 0.00164179 0.00231183 0.000121951 0.0034375 0.000652174 0.000666667 -0.00314286 -0.00292683 0.00336066 -0.0015 -0.00240741 -0.000434783 -0.00357143 -0.00127451 -0.00397959 0.00426829
internal_weight=1367 857 438 419 238 62 176 125 510 478 374 172 88 202 45 200 171 94 68 58 450 390 349 283 251 180 46 71 47 66 136 116 52 77 46 134 134 93 41 64 46 60 70 41 61 100 54 46 42 51 49 41
internal_count=1367 857 438 419 238 62 176 125 510 478 374 172 88 202 45 200 171 94 68 58 450 390 349 283 251 180 46 71 47 66 136 116 52 77 46 134 134 93 41 64 46 60 70 41 61 100 54 46 42 51 49 41
is_linear=0
shrinkage=0.005


Tree=4
num_leaves=54
num_cat=0
split_feature=33 33 80 68 87 80 8 64 6 78 24 87 91 78 35 58 45 24 42 8 35 68 87 68 22 100 3 24 6 22 3 76 22 17 78 68 66 76 38 84 84 42 7 66 81 8 7 83 17 35 81 33 11
split_gain=22.7002 14.6332 14.4144 11.9908 16.4115 13.3628 12.8357 11.4456 11.5215 9.27927 9.13742 9.06043 7.75357 7.54349 9.18974 8.74418 8.58413 7.5188 6.84321 7.68408 8.68881 7.04261 6.81687 6.6944 11.6364 6.61174 6.56451 6.3247 6.3 8.94807 7.14286 13.7455 6.95195 6.28877 5.84996 5.21341 6.09884 7.46617 5.19697 9.54545 4.92308 4.77457 4.69866 4.6571 6.19635 4.36883 4.14848 4.14138 3.53743 3.37398 3.26212 2.91429 1.78129
threshold=224.75000000000003 34.250000000000007 25596.186458333341 1460.1105000000002 0.73958333333333337 27697.011805555561 417.37513888888896 1117.0440000000001 2827.7500000000005 438.2365069444445 5.5750000000000011 0.86458333333333337 33768.591162500008 1465.2778229166668 24.875000000000004 0.93301270189221952 23449.500000000004 10.975000000000001 362.92500305175787 404.44289285714291 26.175000000000004 875.40000000000009 0.072916666666666671 886.18300000000011 86.750000000000014 0.86458333333333348 13655.800000000001 7.2250000000000005 10086.050000000001 89.250000000000014 15054.344500000001 40072.177083333336 84.750000000000014 35.800000000000004 214.11903819444447 1089.9175000000002 1274.7500000000002 33990.11041666667 6.8750000000000009 985.99948958333346 1280.7921770833334 117.57500076293947 36.480000000000004 0.10200000000000002 4182.2746060945983 420.66763157894746 948.0200000000001 2278.7000000000012 32.850000000000009 24.275000000000002 4314.5365759526239 99.000000000000014 35190.600000000006
decision_type=2 2 2 2 2 2 2 2 2 2 2 2 2 2 2 2 2 2 2 2 2 2 2 2 2 2 2 2 2 2 2 2 2 2 2 2 2 2 2 2 2 2 2 2 2 2 2 2 2 2 2 2 2
left_child=1 3 -3 4 5 -1 50 9 41 11 -8 34 23 14 -10 35 -15 -18 19 21 33 22 -11 26 38 -13 -7 -12 29 32 -30 -32 -22 -21 -4 40 -37 51 39 -25 -16 -9 -31 47 -45 -29 -35 -36 -23 -47 52 -38 -5
right_child=-2 2 7 6 -6 12 10 8 13 18 27 25 -14 16 15 -17 17 -19 -20 20 28 48 -24 24 -26 -27 -28 45 30 42 31 -33 -34 46 43 36 37 -39 -40 -41 -42 -43 -44 44 -46 49 -48 -49 -50 -51 -52 -53 -54
leaf_value=0.00084288530541288837 0.00058483104223640736 0.0006787544266638909 -9.5329210273634999e-06 -0.0028014485289887371 -0.0034332882675901602 -3.5862448195375742e-07 0.00044667848736827914 -0.00037636369957711553 0.018531551121059583 0.00048007912228342222 -0.0034161359151983345 -0.00026092279083919878 0.00081693469131267633 -1.3127320132868959e-06 0.00028107398396126247 0.00047111032857637445 -6.1535957187415415e-07 0.00061591695860361878 0.00096108130442069094 1.0430390370333247e-07 2.3080383542081111e-06 -0.0020391256090644141 -0.0012952819768410101 0.0032410154490007492 0.00062938939822552011 1.3269727538318377e-06 -0.0019229348411184605 -0.00060279777951177725 -0.0013087875474358155 -0.0010622674208757741 0.0031207038401567621 -0.00092759178115752773 0.0018977835156735424 -0.0033891327925225766 0.0017049127221983856 -0.00026228380031757093 0.00016730910867373273 -0.0010963456712704818 -0.0015846204353449991 -0.00042557093319762449 0.0032220898128707321 1.029182842778013e-07 1.9170109684237532e-06 0.0022480492396258962 -1.2425140436682385e-05 -0.001174449012414661 -9.0833555513387138e-05 0.029261960830187714 -0.00090963963832701783 6.8753699760940704e-06 -0.0020476567746553387 0.00040797865436962156 -0.00029009605576137126
leaf_weight=24 25 32 21 22 20 28 21 28 28 22 20 23 21 20 26 37 38 32 22 24 30 32 21 20 33 28 26 22 21 21 20 22 31 24 26 20 30 22 24 22 26 23 23 39 20 21 20 21 34 34 32 21 24
leaf_count=24 25 32 21 22 20 28 21 28 28 22 20 23 21 20 26 37 38 32 22 24 30 32 21 20 33 28 26 22 21 21 20 22 31 24 26 20 30 22 24 22 26 23 23 39 20 21 20 21 34 34 32 21 24
internal_value=-0.000120702 -0.000208644 0.000140086 -0.000990338 -0.000183486 0.000252525 -0.00188776 2.23214e-05 0.000726496 -0.000431193 -0.000847458 0.000505618 -0.000229885 0.0011 0.00161905 0.00120879 -0.000111111 0.000714286 -0.000885559 -0.00105797 -0.000550847 -0.00215596 -0.000581395 -0.000620915 0.000151515 -0.00127451 -0.00203704 -0.00149485 5.95238e-05 0.000809524 -0.00119048 0 0.00204918 -0.00205882 0.00122047 0.000655172 -5.37634e-05 0.000616438 -0.00106061 0 0.00192308 -0.00147059 -0.000909091 0.00169811 0.000762712 -0.000844156 -0.00318182 0.00287234 -0.00318182 -9.09091e-05 -0.00346154 0.00166667 -0.0026087
internal_weight=1367 1342 928 414 218 198 196 896 351 545 118 178 174 300 210 182 90 70 367 345 236 109 43 153 99 51 54 97 168 105 63 42 61 68 127 145 93 73 66 42 52 51 44 106 59 77 44 47 66 55 78 51 46
internal_count=1367 1342 928 414 218 198 196 896 351 545 118 178 174 300 210 182 90 70 367 345 236 109 43 153 99 51 54 97 168 105 63 42 61 68 127 145 93 73 66 42 52 51 44 106 59 77 44 47 66 55 78 51 46
is_linear=0
shrinkage=0.005


end of trees

feature_importances:
disp_wind_evening_mw=11
smp_lag_96=9
smp_lag_336=9
cloud_cover_danang=8
wind_speed_hcmc=8
smp_rolling_mean_72h=8
disp_hydro_midday_mw=7
disp_hydro_evening_mw=7
hydro_water_level_m=6
disp_solar_midday_mw=6
usd_vnd=6
smp_north_lag_48=6
hydro_plant_discharge_m3s=5
disp_solar_evening_mw=5
temperature_hcmc=5
direct_radiation_hcmc=5
coal_proxy_price=5
smp_lag_50=5
smp_north_lag_336=5
load_rolling_mean_24h=5
load_rolling_std_24h=5
load_rolling_mean_72h=5
load_central_mw=4
hydro_spill_discharge_m3s=4
humidity_hanoi=4
wind_speed_hanoi=4
diffuse_radiation_hanoi=4
temperature_danang=4
humidity_danang=4
direct_radiation_danang=4
load_rolling_std_72h=4
load_total_mw=3
load_south_mw=3
hydro_inflow_m3s=3
hydro_total_discharge_m3s=3
disp_wind_midday_mw=3
smp_south_lag_336=3
smp_yesterday_mean=3
smp_yesterday_zero_ratio=3
solar_gen_proxy=3
residual_load_proxy=3
hydro_depletion_index=3
margin_temp_interaction=3
spike_prob_24h=3
spike_prob_72h=3
cloud_cover_hanoi=2
wind_speed_danang=2
humidity_hcmc=2
shortwave_radiation_hcmc=2
diffuse_radiation_hcmc=2
brent_price=2
sin_month=2
load_lag_50=2
smp_rolling_std_24h=2
load_ramp_lag48=2
is_spike=2
zero_prob_72h=2
load_north_mw=1
disp_total_midday_mw=1
disp_total_evening_mw=1
direct_radiation_hanoi=1
shortwave_radiation_danang=1
diffuse_radiation_danang=1
cloud_cover_hcmc=1
dxy_index=1
sin_dow=1
smp_lag_48=1
smp_lag_49=1
smp_south_lag_48=1
smp_rolling_mean_24h=1
price_spread_ns_lag48=1
hydro_discharge_rolling_24h=1
is_zero=1
zero_prob_24h=1

parameters:
[boosting: gbdt]
[objective: regression_l1]
[metric: l1]
[tree_learner: serial]
[device_type: cpu]
[data_sample_strategy: bagging]
[data: ]
[valid: ]
[num_iterations: 3000]
[learning_rate: 0.005]
[num_leaves: 127]
[num_threads: -1]
[seed: 42]
[deterministic: 0]
[force_col_wise: 0]
[force_row_wise: 0]
[histogram_pool_size: -1]
[max_depth: -1]
[min_data_in_leaf: 20]
[min_sum_hessian_in_leaf: 0.001]
[bagging_fraction: 0.8]
[pos_bagging_fraction: 1]
[neg_bagging_fraction: 1]
[bagging_freq: 5]
[bagging_seed: 400]
[bagging_by_query: 0]
[feature_fraction: 0.5]
[feature_fraction_bynode: 1]
[feature_fraction_seed: 30056]
[extra_trees: 0]
[extra_seed: 12879]
[early_stopping_round: 0]
[early_stopping_min_delta: 0]
[first_metric_only: 0]
[max_delta_step: 0]
[lambda_l1: 0]
[lambda_l2: 0]
[linear_lambda: 0]
[min_gain_to_split: 0]
[drop_rate: 0.1]
[max_drop: 50]
[skip_drop: 0.5]
[xgboost_dart_mode: 0]
[uniform_drop: 0]
[drop_seed: 17869]
[top_rate: 0.2]
[other_rate: 0.1]
[min_data_per_group: 100]
[max_cat_threshold: 32]
[cat_l2: 10]
[cat_smooth: 10]
[max_cat_to_onehot: 4]
[top_k: 20]
[monotone_constraints: ]
[monotone_constraints_method: basic]
[monotone_penalty: 0]
[feature_contri: ]
[forcedsplits_filename: ]
[refit_decay_rate: 0.9]
[cegb_tradeoff: 1]
[cegb_penalty_split: 0]
[cegb_penalty_feature_lazy: ]
[cegb_penalty_feature_coupled: ]
[path_smooth: 0]
[interaction_constraints: ]
[verbosity: -1]
[saved_feature_importance_type: 0]
[use_quantized_grad: 0]
[num_grad_quant_bins: 4]
[quant_train_renew_leaf: 0]
[stochastic_rounding: 1]
[linear_tree: 0]
[max_bin: 255]
[max_bin_by_feature: ]
[min_data_in_bin: 3]
[bin_construct_sample_cnt: 200000]
[data_random_seed: 175]
[is_enable_sparse: 1]
[enable_bundle: 1]
[use_missing: 1]
[zero_as_missing: 0]
[feature_pre_filter: 1]
[pre_partition: 0]
[two_round: 0]
[header: 0]
[label_column: ]
[weight_column: ]
[group_column: ]
[ignore_column: ]
[categorical_feature: ]
[forcedbins_filename: ]
[precise_float_parser: 0]
[parser_config_file: ]
[objective_seed: 16083]
[num_class: 1]
[is_unbalance: 0]
[scale_pos_weight: 1]
[sigmoid: 1]
[boost_from_average: 1]
[reg_sqrt: 0]
[alpha: 0.9]
[fair_c: 1]
[poisson_max_delta_step: 0.7]
[tweedie_variance_power: 1.5]
[lambdarank_truncation_level: 30]
[lambdarank_norm: 1]
[label_gain: ]
[lambdarank_position_bias_regularization: 0]
[eval_at: ]
[multi_error_top_k: 1]
[auc_mu_weights: ]
[num_machines: 1]
[local_listen_port: 12400]
[time_out: 120]
[machine_list_filename: ]
[machines: ]
[gpu_platform_id: -1]
[gpu_device_id: -1]
[gpu_use_dp: 0]
[num_gpu: 1]

end of parameters

pandas_categorical:null
