tree
version=v4
num_class=1
num_tree_per_iteration=1
label_index=0
max_feature_idx=100
objective=regression_l1
feature_names=load_total_mw load_north_mw load_central_mw load_south_mw hydro_inflow_m3s hydro_total_discharge_m3s hydro_plant_discharge_m3s hydro_spill_discharge_m3s hydro_water_level_m disp_total_installed_mw disp_total_midday_mw disp_total_evening_mw disp_hydro_installed_mw disp_hydro_midday_mw disp_hydro_evening_mw disp_solar_installed_mw disp_solar_midday_mw disp_solar_evening_mw disp_wind_installed_mw disp_wind_midday_mw disp_wind_evening_mw temperature_hanoi humidity_hanoi cloud_cover_hanoi wind_speed_hanoi shortwave_radiation_hanoi direct_radiation_hanoi diffuse_radiation_hanoi temperature_danang humidity_danang cloud_cover_danang wind_speed_danang shortwave_radiation_danang direct_radiation_danang diffuse_radiation_danang temperature_hcmc humidity_hcmc cloud_cover_hcmc wind_speed_hcmc shortwave_radiation_hcmc direct_radiation_hcmc diffuse_radiation_hcmc coal_proxy_price brent_price gas_proxy_price usd_vnd dxy_index is_weekend is_workday is_holiday is_tet is_pre_holiday is_post_holiday season sin_hour cos_hour sin_dow cos_dow sin_month cos_month smp_lag_48 load_lag_48 smp_lag_49 load_lag_49 smp_lag_50 load_lag_50 smp_lag_96 load_lag_96 smp_lag_336 load_lag_336 smp_north_lag_48 smp_south_lag_48 smp_north_lag_336 smp_south_lag_336 smp_rolling_mean_24h smp_rolling_std_24h load_rolling_mean_24h load_rolling_std_24h smp_rolling_mean_72h smp_rolling_std_72h load_rolling_mean_72h load_rolling_std_72h price_spread_ns_lag48 load_ramp_lag48 smp_yesterday_mean smp_yesterday_max smp_yesterday_min smp_yesterday_zero_ratio hydro_discharge_rolling_24h solar_gen_proxy wind_gen_proxy residual_load_proxy thermal_margin_proxy hydro_depletion_index margin_temp_interaction is_spike is_zero spike_prob_24h spike_prob_72h zero_prob_24h zero_prob_72h
feature_infos=[16738.400000000001:43669.699999999997] [8141:23529.633000000002] [1030.2:4920.1390000000001] [6568.3000000000002:17620.469000000001] [-24696.790000000001:52718.32] [261.23000000000002:27182.77] [243.56999999999999:14362.75] [11.359999999999999:15398] [386.1925:23252.132105263157] none [14491.4:47673.900000000001] [19152.799999999999:47033.400000000001] none [-3952.3000000000002:18862.5] [6035.6999999999998:23435.200000000001] none [0:8134.5] [0:344.30000000000001] none [0:4273.1999999999998] [0:4263.3999999999996] [7.5:32.299999999999997] [31:99] [0:100] [0.55000000000000004:30.25] [3.5:282] [0:208.5] [3.5:150.5] [16.050000000000001:33.25] [52:99.5] [0:100] [0.80000000000000004:50] [7:306.5] [0:234] [7:146] [20.600000000000001:31.300000000000001] [56:98] [0:100] [0.5:24] [16:265] [0:198] [16:133.5] [63.700000762939453:438.35000610351562] [55.099998474121087:127.98000335693359] [1.5750000476837158:9.6800003051757795] [22394.345703125:26405] [89.639999389648438:114.11000061035156] [0:1] [0:1] [0:1] [0:1] [0:1] [0:1] [1:4] none none [-0.97492791218182362:0.97492791218182362] [-0.90096886790241903:1] [-1:1] [-1:1] [0:1778.5999999999999] [16738.400000000001:43669.699999999997] [0:1778.5999999999999] [16515.5:40602.099999999999] [0:1778.5999999999999] [15251.9:39424.300000000003] [0:1778.5999999999999] [16738.400000000001:43669.699999999997] [0:1778.5999999999999] [16738.400000000001:43669.699999999997] [0:1778.5999999999999] [0:1778.5999999999999] [0:1778.5999999999999] [0:1778.5999999999999] [0:1778.5999999999999] [0:869.78656539635756] [15840.402083333332:48300.345833333326] [1494.0634266859377:7412.3475695858406] [0.069944444444444434:1778.5999999999999] [0:822.68470809772941] [15990.384722222221:45267.230555555558] [2009.5728777065494:7328.5193476692311] [-1602.3:1778.5999999999999] [-2000.7000000000007:5250.3000000000029] [0:1778.5999999999999] [0:1778.5999999999999] [0:1778.5999999999999] [0:1] [919.52208333333328:41870.738333333335] [112.0236:1855.3908750000001] [124.17300000000002:5960.3040000000001] [13767.265887500002:40395.97834999999] [13155.821650000013:39784.534112499998] [386.1925:23252.132105263157] [371342.92174875003:1122197.6812312501] [0:1] [0:1] [0:1] [0:1] [0:1] [0:1]
tree_sizes=4326 4596

Tree=0
num_leaves=52
num_cat=0
split_feature=20 28 73 40 68 64 95 16 68 14 93 42 61 93 92 70 4 45 83 89 84 16 20 77 62 73 84 20 63 30 40 28 71 7 30 40 89 70 35 94 7 89 63 93 16 11 66 75 70 14 0
split_gain=25.5879 34.1384 22.7592 20.1273 16.0028 15.4776 14.1754 13.2425 12.2743 8.45578 7.80078 7.79193 7.53016 10.7572 6.95822 6.30022 5.99652 5.74693 5.72653 5.63638 5.24303 5.14473 5.9169 6.8837 4.88758 4.86218 4.85891 4.79596 4.61932 7.20503 4.37797 4.25139 4.20956 4.14138 4.02094 3.99976 4.07628 3.89126 3.67182 3.14456 2.81977 2.58107 2.56206 2.52993 2.51243 2.15641 1.88218 1.42593 1.35396 1.24615 1.00087
threshold=2178.4000000000005 24.575000000000006 1348.0445000000002 155.75000000000003 748.22150000000011 1200.4300000000001 1.0000000180025095e-35 6031.2000000000016 1187.0635000000002 17691.150000000005 421.07184210526322 139.87500000000003 32158.850000000002 416.57000000000005 22153.428281250006 1509.0000000000002 9490.3000000000011 23517.500000000004 1740.8499999999988 764.91114375000006 1071.4945000000002 6267.6000000000013 739.40000000000009 4101.6899105505945 910.45150000000012 982.96400000000006 657.31262500000014 2882.9000000000005 27880.800000000003 67.750000000000014 87.750000000000014 22.825000000000006 1103.7940000000003 831.82500000000016 93.250000000000014 173.25000000000003 1654.0984687500002 1258.1020000000001 26.325000000000006 818554.85683156271 328.28000000000003 1612.0896187500002 30727.850000000002 413.89078947368426 5368.3000000000002 36436.200000000004 0.10200000000000002 420.96124295223416 1246.8845000000003 13872.200000000003 29774.100000000002
decision_type=2 2 2 2 2 2 2 2 2 2 2 2 2 2 2 2 2 2 2 2 2 2 2 2 2 2 2 2 2 2 2 2 2 2 2 2 2 2 2 2 2 2 2 2 2 2 2 2 2 2 2
left_child=1 2 10 4 6 12 11 17 24 14 19 21 28 20 -7 31 -13 -4 -17 -1 33 26 -23 46 -2 35 30 -20 29 -6 43 48 37 -14 45 36 41 50 -36 -31 -18 -5 -27 -3 -12 -16 -24 -30 -10 -34 -21
right_child=8 3 7 25 5 9 -8 -9 15 -11 44 16 13 -15 34 18 40 -19 27 32 -22 22 23 -25 -26 42 -28 -29 47 39 -32 -33 49 -35 38 -37 -38 -39 -40 -41 -42 -43 -44 -45 -46 -47 -48 -49 -50 -51 -52
leaf_value=0.00045708440244197847 -0.00012410943396389484 0 -0.00070475809276103973 0.00083276982186362145 0 0.00039397072046995165 0.0041696071624755865 0.00022390509024262429 -0.028949143886566164 0.00042050983756780624 -0.00011580814607441426 -0.00056343343108892444 -0.0013494889438152313 0.0047151517868041989 0 0 0.027617294788360596 0 0 0.00077808469533920295 0 -9.4300052151083949e-05 0.025760674476623537 0 0.0021664001047611236 0 0 -0.0015552469342947006 -0.0011265303939580918 -0.00049607256427407263 -0.029491240978240966 -0.00091468669474124907 0.00044848958030343057 -0.00011061157332733274 -0.00032966226339340213 0.0013568077981472016 0 0.0003216402977705002 0 -0.031094071865081788 0 0.0012702178955078126 0 -0.0003024448221549392 0.00070770196616649634 0 0.00032171871513128283 -0.0052057898044586184 -0.0012853166460990906 0.0014217297732830047 0.00042177047580480579
leaf_weight=36 32 20 35 34 20 21 31 34 27 24 21 24 21 20 26 25 21 23 23 22 24 25 23 30 29 27 33 20 21 28 26 34 20 26 25 33 21 33 27 21 26 26 20 26 20 39 21 33 25 45 20
leaf_count=36 32 20 35 34 20 21 31 34 27 24 21 24 21 20 26 25 21 23 23 22 24 25 23 30 29 27 33 20 21 28 26 34 20 26 25 33 21 33 27 21 26 26 20 26 20 39 21 33 25 45 20
internal_value=9.50988e-05 0.000390625 0.0018123 -0.000130486 -0.000505865 -0.00119681 0.000343137 -0.000271739 -0.00148837 -3.08642e-05 0.00269585 -1.81818e-05 -0.00207944 -0.000989011 -0.000507246 -0.00224026 0.00140845 -0.00172414 -0.00110294 0.00315341 -0.00190141 -0.000514706 0.00030303 0.00101351 0.000409836 0.00145963 -0.00128571 -0.0022093 -0.00288618 -0.00202899 -0.00201389 -0.00313953 0.00360714 -0.00287234 -0.000982906 0.00201754 0.00141975 0.0028 -0.00201923 -0.00306122 0.00244681 0.00208333 0.000106383 -0.00108696 0.000731707 -0.000153846 0.00227273 -0.00398148 -0.00403846 0.00453846 0.00380952
internal_weight=1367 1152 309 843 682 376 306 92 215 162 217 275 214 91 138 154 71 58 68 176 71 204 99 74 61 161 105 43 123 69 72 86 140 47 117 114 81 75 52 49 47 60 47 46 41 65 44 54 52 65 42
internal_count=1367 1152 309 843 682 376 306 92 215 162 217 275 214 91 138 154 71 58 68 176 71 204 99 74 61 161 105 43 123 69 72 86 140 47 117 114 81 75 52 49 47 60 47 46 41 65 44 54 52 65 42
is_linear=0
shrinkage=0.005


Tree=1
num_leaves=53
num_cat=0
split_feature=72 96 33 28 72 64 14 41 32 72 20 32 90 8 5 22 8 83 8 3 19 81 16 19 28 64 16 0 94 16 72 78 74 39 13 24 53 90 83 3 19 74 28 30 5 32 41 81 66 20 90 1
split_gain=21.8618 27.5 16.9505 15.4467 12.9052 11.1457 10.1822 10.792 10.1705 9.87885 9.65547 9.12168 8.75246 16.6176 8.27485 13.0714 7.3633 8.42916 7.86726 7.28083 6.46694 6.38118 5.92593 5.78614 5.84557 5.56099 5.50433 5.45684 6.20419 5.83843 5.71096 5.26891 10.6736 6.51455 5.2 4.5046 6.69746 4.43657 4.34189 4.23345 4.22402 4.1006 4.03333 6.02083 3.5173 3.48178 4.80769 3.38645 2.025 1.89894 1.97699 0.245455
threshold=1463.7500000000002 1.0000000180025095e-35 28.250000000000004 22.675000000000001 1.1070000000000004 800.50000000000011 12826.750000000002 109.75000000000001 288.75000000000006 1682.1500000000003 229.00000000000003 71.750000000000014 1843.9690500000004 417.37513888888896 3325.8400000000006 63.750000000000007 422.78380116959073 2462.6500000000019 412.14865384615388 16054.800500000001 503.05000000000007 4498.202004765365 4403.1000000000013 1630.9000000000003 26.025000000000002 349.75200000000007 6084.1500000000005 33280.700000000004 557472.08952906274 6533.5500000000002 850.57450000000006 389.77854166666674 123.46572916666669 158.25000000000003 3498.8000000000006 9.9250000000000025 2.5000000000000004 1210.6867500000003 2045.4000000000017 13900.300000000001 966.75000000000011 545.01223958333355 25.125000000000004 61.250000000000007 10397.695000000002 86.750000000000014 48.250000000000007 3790.7909348124731 344.35000000000008 2666.2500000000005 1173.4348500000003 14004.900000000003
decision_type=2 2 2 2 2 2 2 2 2 2 2 2 2 2 2 2 2 2 2 2 2 2 2 2 2 2 2 2 2 2 2 2 2 2 2 2 2 2 2 2 2 2 2 2 2 2 2 2 2 2 2 2
left_child=1 3 12 14 19 -4 8 11 10 22 -5 39 38 -14 -1 -16 17 27 20 21 -19 25 -7 24 -11 31 -12 30 -29 -30 51 32 -3 -33 -26 36 -6 -24 49 -8 -35 -42 43 -39 -23 46 -17 -32 -22 50 -2 -13
right_child=2 4 5 6 35 9 7 -9 -10 23 26 16 13 -15 15 45 -18 18 -20 -21 48 44 37 -25 34 -27 -28 28 29 -31 47 33 -34 40 -36 -37 -38 42 -40 -41 41 -43 -44 -45 -46 -47 -48 -49 -50 -51 -52 -53
leaf_value=0 -0.00047056885380297899 -6.6805276146624225e-05 -0.001034209231287241 -0.00082384588792920111 -0.002676345532014966 -0.00054816930461674929 2.4803628213703632e-06 -0.00059217223562300209 0.0015336813095957042 2.6028949022293092e-05 0.00025508428900502622 0.0030921021283895245 -0.0016444685935974122 0.00057384999785572294 -0.0010415644321590662 0.00080022034198045722 -1.1475292500108482e-05 -0.00040136698000133036 0.0022491495179012421 6.2054716981947424e-07 -2.1453725005267186e-05 -0.0017919083403423429 0 -0.00073496841494925336 0 0.00019427256658673288 -1.3816037401556971e-05 0.002480979232862592 0.0012404542505741118 -1.9836282078176736e-05 0 -0.029224173372355292 0.0031586936763313136 -8.12867630214896e-05 -0.00019797028703615071 -0.029999758387636397 2.4803628213703632e-06 4.975186847150326e-06 -0.00015290195979177952 -0.0013765301790088413 -5.2574692934285855e-06 7.3656810863758436e-05 0 0.00084532007784582667 -1.2242275354219602e-05 0.0014146211244165897 0.00048244735673069961 0.0005769481446594 0.0010614385914988816 -0.03199402668662369 -0.0023898314123507588 0.0039457600831985474
leaf_weight=25 20 20 39 29 26 20 21 22 20 29 32 20 23 36 20 20 20 22 25 34 20 23 28 20 32 39 20 23 29 23 24 21 32 38 20 27 23 24 37 20 28 20 32 24 22 43 32 28 20 21 27 24
leaf_count=25 20 20 39 29 26 20 21 22 20 29 32 20 23 36 20 20 20 22 25 34 20 23 28 20 32 39 20 23 29 23 24 21 32 38 20 27 23 24 37 20 28 20 32 24 22 43 32 28 20 21 27 24
internal_value=6.218e-05 0.000491979 -0.000868056 0.00115979 -0.000609065 -9.32836e-05 0.000701357 0.00111437 -0.000693069 0.000327511 -0.00148148 0.00134796 -0.00213415 -0.00059322 0.00260714 0.00317391 0.00167266 0.00189922 0.000632184 -0.000108303 -0.000322581 -0.000411523 0.00125 -0.000841584 -0.000246914 -2.52525e-05 -0.000192308 0.00254386 0.00153333 0.000576923 0.00333333 -0.000440252 0.000865385 -0.00107477 -0.00125 -0.00243421 -0.00153061 0.00171296 -0.003 -0.000853659 -0.000465116 0.000520833 0.0023125 0.00322917 -0.00211111 0.00394737 0.00307692 0.00221154 0.000875 -0.00375 -0.00319149 0.00465909
internal_weight=1367 935 432 582 353 268 442 341 101 229 81 319 164 59 140 115 278 258 87 277 62 243 128 101 81 198 52 171 75 52 96 159 52 107 52 76 49 108 105 41 86 48 80 48 45 95 52 52 40 68 47 44
internal_count=1367 935 432 582 353 268 442 341 101 229 81 319 164 59 140 115 278 258 87 277 62 243 128 101 81 198 52 171 75 52 96 159 52 107 52 76 49 108 105 41 86 48 80 48 45 95 52 52 40 68 47 44
is_linear=0
shrinkage=0.005


end of trees

feature_importances:
disp_solar_midday_mw=6
disp_wind_evening_mw=5
temperature_danang=5
smp_north_lag_336=4
hydro_water_level_m=3
disp_hydro_evening_mw=3
disp_wind_midday_mw=3
cloud_cover_danang=3
shortwave_radiation_danang=3
direct_radiation_hcmc=3
smp_lag_50=3
smp_north_lag_48=3
load_ramp_lag48=3
solar_gen_proxy=3
wind_gen_proxy=3
hydro_depletion_index=3
load_total_mw=2
load_south_mw=2
hydro_total_discharge_m3s=2
hydro_spill_discharge_m3s=2
diffuse_radiation_hcmc=2
load_lag_49=2
smp_lag_96=2
smp_lag_336=2
smp_south_lag_336=2
smp_rolling_mean_24h=2
load_rolling_std_72h=2
smp_yesterday_mean=2
margin_temp_interaction=2
load_north_mw=1
hydro_inflow_m3s=1
disp_total_evening_mw=1
disp_hydro_midday_mw=1
humidity_hanoi=1
wind_speed_hanoi=1
direct_radiation_danang=1
temperature_hcmc=1
shortwave_radiation_hcmc=1
coal_proxy_price=1
usd_vnd=1
season=1
load_lag_48=1
smp_lag_49=1
smp_south_lag_48=1
smp_rolling_std_24h=1
load_rolling_std_24h=1
smp_rolling_mean_72h=1
thermal_margin_proxy=1
is_spike=1
is_zero=1

parameters:
[boosting: gbdt]
[objective: regression_l1]
[metric: l1]
[tree_learner: serial]
[device_type: cpu]
[data_sample_strategy: bagging]
[data: ]
[valid: ]
[num_iterations: 3000]
[learning_rate: 0.005]
[num_leaves: 127]
[num_threads: -1]
[seed: 42]
[deterministic: 0]
[force_col_wise: 0]
[force_row_wise: 0]
[histogram_pool_size: -1]
[max_depth: -1]
[min_data_in_leaf: 20]
[min_sum_hessian_in_leaf: 0.001]
[bagging_fraction: 0.8]
[pos_bagging_fraction: 1]
[neg_bagging_fraction: 1]
[bagging_freq: 5]
[bagging_seed: 400]
[bagging_by_query: 0]
[feature_fraction: 0.5]
[feature_fraction_bynode: 1]
[feature_fraction_seed: 30056]
[extra_trees: 0]
[extra_seed: 12879]
[early_stopping_round: 0]
[early_stopping_min_delta: 0]
[first_metric_only: 0]
[max_delta_step: 0]
[lambda_l1: 0]
[lambda_l2: 0]
[linear_lambda: 0]
[min_gain_to_split: 0]
[drop_rate: 0.1]
[max_drop: 50]
[skip_drop: 0.5]
[xgboost_dart_mode: 0]
[uniform_drop: 0]
[drop_seed: 17869]
[top_rate: 0.2]
[other_rate: 0.1]
[min_data_per_group: 100]
[max_cat_threshold: 32]
[cat_l2: 10]
[cat_smooth: 10]
[max_cat_to_onehot: 4]
[top_k: 20]
[monotone_constraints: ]
[monotone_constraints_method: basic]
[monotone_penalty: 0]
[feature_contri: ]
[forcedsplits_filename: ]
[refit_decay_rate: 0.9]
[cegb_tradeoff: 1]
[cegb_penalty_split: 0]
[cegb_penalty_feature_lazy: ]
[cegb_penalty_feature_coupled: ]
[path_smooth: 0]
[interaction_constraints: ]
[verbosity: -1]
[saved_feature_importance_type: 0]
[use_quantized_grad: 0]
[num_grad_quant_bins: 4]
[quant_train_renew_leaf: 0]
[stochastic_rounding: 1]
[linear_tree: 0]
[max_bin: 255]
[max_bin_by_feature: ]
[min_data_in_bin: 3]
[bin_construct_sample_cnt: 200000]
[data_random_seed: 175]
[is_enable_sparse: 1]
[enable_bundle: 1]
[use_missing: 1]
[zero_as_missing: 0]
[feature_pre_filter: 1]
[pre_partition: 0]
[two_round: 0]
[header: 0]
[label_column: ]
[weight_column: ]
[group_column: ]
[ignore_column: ]
[categorical_feature: ]
[forcedbins_filename: ]
[precise_float_parser: 0]
[parser_config_file: ]
[objective_seed: 16083]
[num_class: 1]
[is_unbalance: 0]
[scale_pos_weight: 1]
[sigmoid: 1]
[boost_from_average: 1]
[reg_sqrt: 0]
[alpha: 0.9]
[fair_c: 1]
[poisson_max_delta_step: 0.7]
[tweedie_variance_power: 1.5]
[lambdarank_truncation_level: 30]
[lambdarank_norm: 1]
[label_gain: ]
[lambdarank_position_bias_regularization: 0]
[eval_at: ]
[multi_error_top_k: 1]
[auc_mu_weights: ]
[num_machines: 1]
[local_listen_port: 12400]
[time_out: 120]
[machine_list_filename: ]
[machines: ]
[gpu_platform_id: -1]
[gpu_device_id: -1]
[gpu_use_dp: 0]
[num_gpu: 1]

end of parameters

pandas_categorical:null
