tree
version=v4
num_class=1
num_tree_per_iteration=1
label_index=0
max_feature_idx=100
objective=regression_l1
feature_names=load_total_mw load_north_mw load_central_mw load_south_mw hydro_inflow_m3s hydro_total_discharge_m3s hydro_plant_discharge_m3s hydro_spill_discharge_m3s hydro_water_level_m disp_total_installed_mw disp_total_midday_mw disp_total_evening_mw disp_hydro_installed_mw disp_hydro_midday_mw disp_hydro_evening_mw disp_solar_installed_mw disp_solar_midday_mw disp_solar_evening_mw disp_wind_installed_mw disp_wind_midday_mw disp_wind_evening_mw temperature_hanoi humidity_hanoi cloud_cover_hanoi wind_speed_hanoi shortwave_radiation_hanoi direct_radiation_hanoi diffuse_radiation_hanoi temperature_danang humidity_danang cloud_cover_danang wind_speed_danang shortwave_radiation_danang direct_radiation_danang diffuse_radiation_danang temperature_hcmc humidity_hcmc cloud_cover_hcmc wind_speed_hcmc shortwave_radiation_hcmc direct_radiation_hcmc diffuse_radiation_hcmc coal_proxy_price brent_price gas_proxy_price usd_vnd dxy_index is_weekend is_workday is_holiday is_tet is_pre_holiday is_post_holiday season sin_hour cos_hour sin_dow cos_dow sin_month cos_month smp_lag_48 load_lag_48 smp_lag_49 load_lag_49 smp_lag_50 load_lag_50 smp_lag_96 load_lag_96 smp_lag_336 load_lag_336 smp_north_lag_48 smp_south_lag_48 smp_north_lag_336 smp_south_lag_336 smp_rolling_mean_24h smp_rolling_std_24h load_rolling_mean_24h load_rolling_std_24h smp_rolling_mean_72h smp_rolling_std_72h load_rolling_mean_72h load_rolling_std_72h price_spread_ns_lag48 load_ramp_lag48 smp_yesterday_mean smp_yesterday_max smp_yesterday_min smp_yesterday_zero_ratio hydro_discharge_rolling_24h solar_gen_proxy wind_gen_proxy residual_load_proxy thermal_margin_proxy hydro_depletion_index margin_temp_interaction is_spike is_zero spike_prob_24h spike_prob_72h zero_prob_24h zero_prob_72h
feature_infos=[16738.400000000001:43669.699999999997] [8141:23529.633000000002] [1030.2:4920.1390000000001] [6568.3000000000002:17620.469000000001] [-24696.790000000001:52718.32] [261.23000000000002:27182.77] [243.56999999999999:14362.75] [11.359999999999999:15398] [386.1925:23252.132105263157] none [14491.4:47673.900000000001] [19152.799999999999:47033.400000000001] none [-3952.3000000000002:18862.5] [6035.6999999999998:23435.200000000001] none [0:8134.5] [0:344.30000000000001] none [0:4273.1999999999998] [0:4263.3999999999996] [7.5:32.299999999999997] [31:99] [0:100] [0.55000000000000004:30.25] [3.5:282] [0:208.5] [3.5:150.5] [16.050000000000001:33.25] [52:99.5] [0:100] [0.80000000000000004:50] [7:306.5] [0:234] [7:146] [20.600000000000001:31.300000000000001] [56:98] [0:100] [0.5:24] [16:265] [0:198] [16:133.5] [63.700000762939453:438.35000610351562] [55.099998474121087:127.98000335693359] [1.5750000476837158:9.6800003051757795] [22394.345703125:26405] [89.639999389648438:114.11000061035156] [0:1] [0:1] [0:1] [0:1] [0:1] [0:1] [1:4] none none [-0.97492791218182362:0.97492791218182362] [-0.90096886790241903:1] [-1:1] [-1:1] [0:1778.5999999999999] [16738.400000000001:43669.699999999997] [0:1778.5999999999999] [16515.5:40602.099999999999] [0:1778.5999999999999] [15251.9:39424.300000000003] [0:1778.5999999999999] [16738.400000000001:43669.699999999997] [0:1778.5999999999999] [16738.400000000001:43669.699999999997] [0:1778.5999999999999] [0:1778.5999999999999] [0:1778.5999999999999] [0:1778.5999999999999] [0:1778.5999999999999] [0:869.78656539635756] [15840.402083333332:48300.345833333326] [1494.0634266859377:7412.3475695858406] [0.069944444444444434:1778.5999999999999] [0:822.68470809772941] [15990.384722222221:45267.230555555558] [2009.5728777065494:7328.5193476692311] [-1602.3:1778.5999999999999] [-2000.7000000000007:5250.3000000000029] [0:1778.5999999999999] [0:1778.5999999999999] [0:1778.5999999999999] [0:1] [919.52208333333328:41870.738333333335] [112.0236:1855.3908750000001] [124.17300000000002:5960.3040000000001] [13767.265887500002:40395.97834999999] [13155.821650000013:39784.534112499998] [386.1925:23252.132105263157] [371342.92174875003:1122197.6812312501] [0:1] [0:1] [0:1] [0:1] [0:1] [0:1]
tree_sizes=4331 4470 4472 4517

Tree=0
num_leaves=54
num_cat=0
split_feature=72 62 70 72 64 93 70 77 89 46 43 68 66 73 69 75 28 28 11 70 66 19 69 11 4 56 14 94 26 69 25 40 89 38 0 45 83 83 30 4 77 11 72 71 19 11 93 69 20 64 25 28 80
split_gain=30.8308 16.3478 16.0909 11.0652 11.6666 11.1853 7.90769 7.54507 6.89913 6.36586 6.4381 6.03263 5.49853 6.69394 5.37774 5.98114 7.244 5.30641 5.21289 6.18463 7.58464 5.7157 4.97671 6.3375 4.97436 4.9 4.78728 4.59236 4.52472 4.16362 4.00302 3.69682 3.51589 3.35281 2.91212 2.81977 2.42441 3.76962 2.63996 3.26793 3.23864 2.81281 2.67273 2.26541 2.22952 1.76024 1.75325 1.65682 1.58169 0.876365 0.88658 0.760345 0.689068
threshold=1461.4575000000002 1499.9900000000002 1502.0000000000002 830.31600000000014 1156.8100000000002 402.99322619047626 1096.0000000000002 3574.9728870616432 950.45023125000012 105.09499740600587 85.814998626708999 963.64250000000015 1311.2710000000002 1099.9500000000003 33591.350000000006 244.37814655833992 21.325000000000006 25.025000000000002 31368.300000000003 466.56050000000005 1367.9500000000003 773.55000000000007 30092.400000000005 33526.000000000007 2571.4850000000006 1.0000000180025095e-35 14591.750000000002 540716.10782437527 8.7500000000000018 31618.450000000001 107.25000000000001 84.750000000000014 810.42073125000013 7.075000000000002 32062.100000000002 23411.000000000004 814.15000000000157 1715.4000000000035 98.250000000000014 10691.905000000001 4389.4608435773489 42405.850000000013 0.99700000000000011 780.68250000000012 420.55000000000001 31632.400000000005 415.61934210526323 30326.550000000003 1065.6000000000001 0.75000000000000011 164.50000000000003 28.225000000000005 37215.594444444454
decision_type=2 2 2 2 2 2 2 2 2 2 2 2 2 2 2 2 2 2 2 2 2 2 2 2 2 2 2 2 2 2 2 2 2 2 2 2 2 2 2 2 2 2 2 2 2 2 2 2 2 2 2 2 2
left_child=2 22 3 5 18 26 -6 44 32 14 -11 -10 -8 -14 15 29 -17 31 -5 35 21 30 -2 -24 -25 -18 -1 -26 -13 -3 -21 -7 -9 34 -29 -20 48 46 40 -40 42 43 47 51 -4 -28 -38 -39 -19 52 -51 -41 -49
right_child=1 9 7 4 6 17 12 8 11 10 -12 28 13 -15 -16 16 25 36 19 20 -22 -23 23 24 27 -27 45 33 -30 -31 -32 -33 -34 -35 -36 -37 37 38 39 41 -42 -43 -44 -45 -46 -47 -48 49 -50 50 -52 -53 -54
leaf_value=0.00013599727186374365 0 0.00062047317624092102 0.0016811649501323701 -0.030365221500396729 0.00096437346190214157 0.031729934215545652 0.00041713401675224303 0.0011112108174711466 0.00083762407302856445 -0.0010803026333451272 0 7.3670884194143579e-05 -0.00059467639774084095 0.0014642503857612611 0 0.00088672041893005375 -0.0010034783184528352 0.00077198885381221769 -0.0026199185848236085 -0.0011857379972934723 -0.00081542402505874634 0.00087637953460216521 -0.0034657359123229981 0 -0.0023118486255407334 0 5.8377846726216377e-05 -0.0013840373605489731 -0.00021656202152371408 0 0.00057866508141160013 0 0.0019269901514053346 -0.0014403222873806954 0 0 -0.00049697385169565676 0 0 0 0 0 4.8658601008355619e-05 0 0.0011772960796952248 0.028092937469482424 0 0 0 0 0 0 0
leaf_weight=38 39 23 23 33 22 22 31 20 31 28 20 22 24 20 31 27 20 24 21 21 21 28 32 39 32 20 22 22 25 36 22 21 26 34 33 26 20 22 38 20 20 20 22 24 20 21 22 21 22 22 20 29 25
leaf_count=38 39 23 23 33 22 22 31 20 31 28 20 22 24 20 31 27 20 24 21 21 21 28 32 39 32 20 22 22 25 36 22 21 26 34 33 26 20 22 38 20 20 20 22 24 20 21 22 21 22 22 20 29 25
internal_value=-3.65764e-06 -0.00110092 0.000510204 0.00020288 -0.000613383 0.000646465 0.000773196 0.00191617 0.00129032 -7.31707e-05 -0.00166667 0.000384615 0 -0.00113636 0.000414013 0.000873016 -0.000149254 0.00031401 -0.00139535 -0.000971223 -0.000217391 0.00056338 -0.00201299 -0.00234375 -0.0019375 -0.0015 0.00234568 -0.00243802 -0.000744681 0.0020339 -0.000581395 0.00197674 0.00282609 -0.00185393 -0.00109091 -0.00244681 0.000121294 -3.07692e-05 0.000176678 -0.000343511 0.000625 0.00016129 0.000909091 0.000616438 0.00372093 0.00348837 -0.00142857 0.000590909 0.00119565 0.000284091 -0.000238095 0 0.00076087
internal_weight=1367 436 931 764 269 495 97 167 124 205 48 78 75 44 157 126 67 414 172 139 92 71 231 192 160 40 81 121 47 59 43 43 46 89 55 47 371 325 283 131 152 93 132 73 43 43 42 110 46 88 42 49 46
internal_count=1367 436 931 764 269 495 97 167 124 205 48 78 75 44 157 126 67 414 172 139 92 71 231 192 160 40 81 121 47 59 43 43 46 89 55 47 371 325 283 131 152 93 132 73 43 43 42 110 46 88 42 49 46
is_linear=0
shrinkage=0.005


Tree=1
num_leaves=54
num_cat=0
split_feature=72 96 1 94 70 70 22 23 41 74 5 82 91 41 98 0 81 97 66 14 98 98 77 94 22 72 3 64 24 8 23 28 32 0 20 70 29 82 74 16 39 19 77 40 20 40 83 23 78 23 24 24 98
split_gain=17.0925 11.2633 9.87172 11.8377 11.5869 10.0756 11.929 9.52454 12.1578 9.45754 9.46294 8.57143 8.05463 8.03137 7.87247 7.79047 6.28527 5.93135 6.26408 5.59908 5.5616 7.55033 5.45201 7.42857 7.14286 5.22738 9.1413 8.21163 4.68343 4.30325 4.05585 3.80446 3.78611 4.85031 6.94568 5.63478 4.01111 3.60195 3.18466 3.48378 4.30448 3.10625 4.01575 3.08899 2.90609 4.04037 2.63043 2.5 2.38042 2.21154 1.3417 1.27384 1.225
threshold=1461.4575000000002 1.0000000180025095e-35 13926.85 640459.81931656273 911.64450000000011 1429.8730000000003 89.750000000000014 95.750000000000014 71.750000000000014 1299.3150729166668 2862.2600000000007 400.31350000000003 32434.656268750008 70.750000000000014 0.71180555555555569 33254.80000000001 3582.0754461511301 0.031250000000000007 962.50000000000011 12635.400000000001 0.50347222222222232 0.26041666666666669 4204.3369398779751 651248.88823781267 76.250000000000014 896.37400000000014 15174.600000000002 1041.7850000000001 5.7250000000000005 417.1629302987198 32.750000000000007 22.275000000000002 265.25000000000006 25479.450000000001 371.45000000000005 904.24250000000018 76.250000000000014 938.45000000000016 794.40696875000015 5169.2000000000007 155.25000000000003 1728.2500000000002 4116.7781212913096 102.25000000000001 896.70000000000016 129.75000000000003 2045.4000000000017 99.750000000000014 393.52606250000002 89.250000000000014 9.5250000000000021 6.825000000000002 0.29513888888888895
decision_type=2 2 2 2 2 2 2 2 2 2 2 2 2 2 2 2 2 2 2 2 2 2 2 2 2 2 2 2 2 2 2 2 2 2 2 2 2 2 2 2 2 2 2 2 2 2 2 2 2 2 2 2 2
left_child=1 2 3 20 -5 6 16 30 11 10 52 -9 14 -8 28 41 -4 -12 -19 -6 21 -1 23 24 -20 26 46 -27 -11 -26 -7 -30 33 -3 -35 38 47 -21 39 -36 -41 42 50 -15 45 -42 -18 -34 -46 -28 -16 -50 -2
right_child=9 32 5 4 19 7 13 8 -10 12 17 -13 -14 43 15 -17 25 18 22 37 -22 -23 -24 -25 29 27 49 -29 31 -31 -32 -33 36 34 35 -37 -38 -39 -40 40 44 -43 -44 -45 48 -47 -48 -49 51 -51 -52 -53 -54
leaf_value=-0.0011798093073070049 -0.0021251171231269836 2.4848692584782837e-06 0.029132793385781407 -5.4147297888994215e-05 0.00011034774482250213 0.0019682593070901931 0.00073831609711050988 0.0028675612420086512 -0.00021547921141609549 0.0010163719113916159 -0.0016925917277112602 0.00020474614629056306 -0.0012208839549683035 -0.00078370311604812756 -0.0018611241877079011 0 0.030997156715393066 6.1608499847352504e-06 -0.0017514295583590867 0.01582552569080144 -0.00097405854498401818 0.00054153606723994019 -0.0015789757668972016 -0.0013764106044545771 0 -0.00043060274035669867 0 0.00059085853341966867 -0.00011684389039874076 0.00074369616806507115 0.0016318021687678991 7.340751308947802e-05 0 -0.0003193952327535953 0 -4.3818976730108258e-06 1.2424346292391419e-06 0.0014836961016291752 0 0 -3.8599442690610885e-06 2.7007565833628179e-06 0 0 0 0 8.4285587072372442e-05 0 0 0 -4.9178276397287845e-05 0 -0.016332323195971547
leaf_weight=39 20 29 32 36 20 25 34 28 25 20 22 20 24 26 21 29 23 36 21 20 20 23 39 28 20 34 20 23 23 22 34 30 20 22 33 23 32 22 22 27 21 20 21 25 25 26 23 20 21 26 20 32 20
leaf_count=39 20 29 32 36 20 25 34 28 25 20 22 20 24 26 21 29 23 36 21 20 20 23 39 28 20 34 20 23 23 22 34 30 20 22 33 23 32 22 22 27 21 20 21 25 25 26 23 20 21 26 20 32 20
internal_value=-0.000146306 0.000236305 0.00066609 -0.000305556 0.000867347 0.00110553 0.000545113 0.00223485 0.0010274 -0.000963303 -0.00166667 0.0025 -0.000192308 -0.001 0.000163043 -0.000675676 0.00127072 -0.00119681 -0.000873494 0.00217742 -0.00170732 -0.000967742 -0.00138462 -0.000714286 0.000238095 0.000838926 0.00157609 -0.000350877 0.00143836 0.00142857 0.00372881 0.000660377 -0.000467422 -0.000729537 -0.000952381 -0.000695652 0.000555556 0.00321429 -0.000434783 -0.000648649 -0.000328947 -0.00146341 -0.00201613 -0.0022549 -0.00072 -0.00170213 0.00315217 -0.0005 -0.000128205 0 -0.00292683 0.000471698 -0.003875
internal_weight=1367 931 578 180 98 398 266 132 73 436 228 48 208 85 184 111 181 188 166 62 82 62 130 91 63 149 92 57 73 42 59 53 353 281 252 230 72 42 207 185 152 82 62 51 125 47 46 40 78 46 41 53 40
internal_count=1367 931 578 180 98 398 266 132 73 436 228 48 208 85 184 111 181 188 166 62 82 62 130 91 63 149 92 57 73 42 59 53 353 281 252 230 72 42 207 185 152 82 62 51 125 47 46 40 78 46 41 53 40
is_linear=0
shrinkage=0.005


Tree=2
num_leaves=53
num_cat=0
split_feature=26 69 93 72 64 97 1 94 40 5 0 69 98 3 1 35 20 20 22 94 14 45 1 88 4 20 26 22 73 89 100 72 66 27 69 35 84 27 72 96 76 98 20 30 78 19 84 65 58 3 26 88
split_gain=19.2926 17.2894 16.2587 13.2591 12.0863 9.55563 8.5427 7.62605 7.53988 7.90714 6.80082 8.62523 7.81385 6.11711 9.89807 6.83767 5.94616 6.22503 8.58656 6.22286 5.85508 5.19847 5.67987 5.15572 5.7619 4.89634 4.8321 4.76707 7.21902 8.25634 7.44092 4.57276 4.51768 4.375 4.2686 4.15807 3.97259 4.2185 3.85524 3.52548 4.3917 3.33979 3.31855 2.91005 2.65629 2.63118 2.32584 2.23184 2.22308 2.11542 1.99275 1.31047
threshold=143.25000000000003 23297.600000000002 392.9500000000001 1461.4575000000002 1489.7000000000003 0.40625000000000006 13098.231500000002 615147.63983750029 114.75000000000001 5184.3900000000012 33652.350000000006 32501.300000000003 0.21875000000000003 13647.050000000001 13016.673000000001 26.425000000000004 2882.9000000000005 841.05000000000007 89.750000000000014 609273.42682781268 18322.750000000004 23482.500000000004 14155.150000000003 9648.6277083333352 4392.6500000000005 2178.4000000000005 24.750000000000004 85.250000000000014 790.14750000000015 1034.4679312500002 0.32291666666666669 980.8850000000001 1057.3755000000003 89.750000000000014 31854.100000000002 26.125000000000004 1474.7934791666669 27.750000000000004 1758.1000000000001 1.0000000180025095e-35 34617.064583333347 0.17708333333333334 605.80000000000007 95.250000000000014 1067.5954583333335 966.75000000000011 485.3996145833334 26265.250000000004 -0.6830127018922193 14167.6 72.750000000000014 9404.6285416666688
decision_type=2 2 2 2 2 2 2 2 2 2 2 2 2 2 2 2 2 2 2 2 2 2 2 2 2 2 2 2 2 2 2 2 2 2 2 2 2 2 2 2 2 2 2 2 2 2 2 2 2 2 2 2
left_child=1 7 -3 4 13 10 -6 -1 36 -10 11 32 -12 14 15 47 17 19 21 -7 26 -19 -23 24 -2 27 -16 34 30 -30 -29 41 -5 46 -15 -28 37 -8 -24 40 -36 -31 -21 -13 -34 -35 51 -4 -22 -20 -47 -32
right_child=23 2 3 5 6 16 8 -9 9 -11 12 43 -14 25 20 -17 -18 18 49 42 48 22 38 -25 -26 -27 35 28 29 31 33 -33 44 45 39 -37 -38 -39 -40 -41 -42 -43 -44 -45 -46 50 -48 -49 -50 -51 -52 -53
leaf_value=0.00013952780181076377 1.9299721345305443e-08 -0.028772832097057954 -0.00031455628535908181 6.8820530222728858e-06 -4.4588891820749266e-06 1.4048495359020307e-07 0.016236638366163243 0.016154378690039738 -8.252878109167795e-06 0.0022149881549252894 5.128797196084634e-05 -0.003165298039466143 -0.0016164660526220686 -1.2606221054506022e-05 0 8.5759321784134969e-06 -0.0012228472800706513 -0.00094597070245724176 2.448450927622617e-06 -1.7019695229828355e-05 0 5.3488818798214194e-05 -0.0004717763312659226 0 0.029708497801208513 -4.1111611835658553e-06 0.0014189591247027384 -0.00014021189128377953 0.0014153909793151542 0 0 -0.0001198701506207326 -0.0006771022121221759 -2.3364314436912538e-07 8.3864159137010571e-05 2.2535249590873719e-05 0.00013235463785009279 0.0022165044448117263 0 0 0.0011168674765257164 3.9185155802406379e-06 -0.0018518185667693616 -0.032467814325913787 -0.00062231745010102172 0 0 -0.00038282773104682559 -3.1060865730978549e-09 0.00088699560132808988 0 0
leaf_weight=21 27 27 27 27 23 20 22 30 20 21 22 21 20 20 32 26 23 22 21 27 32 25 22 34 36 39 26 30 31 25 20 36 22 26 21 37 31 38 24 31 20 21 23 33 24 24 30 20 20 22 22 23
leaf_count=21 27 27 27 27 23 20 22 30 20 21 22 21 20 20 32 26 23 22 21 27 32 25 22 34 36 39 26 30 31 25 20 36 22 26 21 37 31 38 24 31 20 21 23 33 24 24 30 20 20 22 22 23
internal_value=-0.00013899 -0.00030315 -0.000422477 -0.00033557 3.77834e-05 -0.0010804 0.00129032 0.00254902 0.0017803 0 -0.00198225 -0.00255906 -0.000238095 -0.000266041 0.000409091 -0.00109589 -0.000414847 -0.000145631 0.000477941 -0.00135714 0.00115646 -0.000376344 0.00028169 0.00201031 0.00285714 -0.000620525 0.00189474 -0.000447368 -0.000763889 0.000221239 -0.0014 -0.000609756 -0.00143836 -0.000931034 0.000543478 0.00269841 0.00258242 0.00333333 -0.00076087 0.00111111 0.00207317 0.000434783 -0.0023 -0.00407407 -0.0023913 -0.00180556 -6.84932e-05 -0.00223404 -0.000192308 0.00232558 -0.00108696 -0.000813953
internal_weight=1367 1270 1219 1192 794 398 155 51 132 41 169 127 42 639 220 73 229 206 136 70 147 93 71 97 63 419 95 380 288 113 175 82 73 145 92 63 91 60 46 72 41 46 50 54 46 72 73 47 52 43 46 43
internal_count=1367 1270 1219 1192 794 398 155 51 132 41 169 127 42 639 220 73 229 206 136 70 147 93 71 97 63 419 95 380 288 113 175 82 73 145 92 63 91 60 46 72 41 46 50 54 46 72 73 47 52 43 46 43
is_linear=0
shrinkage=0.005


Tree=3
num_leaves=52
num_cat=0
split_feature=6 62 68 21 91 23 31 69 93 36 77 2 68 32 89 17 69 13 77 20 77 70 31 91 75 42 23 24 61 16 85 21 16 31 42 36 7 80 35 13 59 38 17 2 91 66 21 2 61 42 16
split_gain=12.2828 13.955 14.7966 12.794 11.0656 10.5695 12.8007 9.36213 9.32952 8.74507 8.08724 7.33628 8.60942 7.03761 6.80625 8.99215 6.60833 5.8369 7.81357 7.81073 5.96514 5.76519 8.42949 6.11991 7.05668 5.71713 5.55347 6.43266 5.46878 5.31981 5.09769 5.00718 6.08977 4.68829 7.16873 4.61233 9.74819 7.44546 4.96488 4.61098 4.25533 4.29078 3.78242 3.36111 3.23498 3.11111 3.02525 3.5612 2.77692 2.26553 1.6
threshold=3338.6300000000006 1500.4775000000002 851.55000000000007 29.925000000000004 30508.738306250001 95.750000000000014 9.8250000000000011 27359.450000000004 393.90722222222229 88.250000000000014 3189.0902185087102 2287.0000000000005 1661.6500000000003 256.25000000000006 694.89639375000013 234.45000000000002 32530.500000000004 1827.2500000000002 3727.1164452657263 870.40000000000009 4189.6215367364521 914.30200000000013 9.4250000000000025 27495.510543750006 613.19033560353489 310.42500305175787 81.250000000000014 10.975000000000001 34183.750000000007 5900.8000000000011 1399.2500000000002 18.275000000000002 6240.9500000000016 8.4750000000000014 124.12500000000001 79.750000000000014 26.845000000000002 30170.898611111112 24.925000000000004 9483.5500000000011 -0.68301270189221952 5.5750000000000011 143.00000000000003 3284.2000000000003 30553.478087500003 1509.9500000000003 27.775000000000002 3305.8500000000004 31168.550000000003 105.45000076293947 5763.2000000000016
decision_type=2 2 2 2 2 2 2 2 2 2 2 2 2 2 2 2 2 2 2 2 2 2 2 2 2 2 2 2 2 2 2 2 2 2 2 2 2 2 2 2 2 2 2 2 2 2 2 2 2 2 2
left_child=4 2 3 21 16 6 45 -7 -4 10 50 -12 14 25 -13 35 31 -9 -19 -20 -21 22 23 30 44 33 -6 43 -26 -8 -2 -1 -33 34 39 37 -37 -16 -38 -11 -23 -42 -18 -28 -25 -3 47 -46 -35 -48 -10
right_child=1 5 8 -5 26 7 29 17 9 13 11 12 -14 -15 15 -17 42 18 19 20 -22 40 -24 24 28 -27 27 -29 -30 -31 -32 32 -34 48 -36 36 38 -39 -40 -41 41 -43 -44 -45 46 -47 49 -49 -50 -51 -52
leaf_value=-0.0012194338002536609 0.0013151511906783109 0.0015532141324890486 -0.028628967936572661 0.0043690813693603916 1.5130690775302357e-07 0.030861700322007621 -0.00019401034365633472 -9.1841873319295709e-05 0.0029424424425694997 -0.00063426159729627787 -0.002944371482889451 -0.00085871673270948579 -0.0015103703704515776 5.3525267103570517e-05 4.4886604284291111e-06 -2.4950517818797381e-07 -0.0020471853741885126 -0.0011509046885897407 -7.96660120357129e-05 0.00053847925366984448 0.0004576451950729243 0.0014349889316940423 -3.7654844743479044e-06 -1.2475258909398691e-07 -1.2164650252088905e-07 5.3769476450246301e-06 0 1.0233968533575535e-08 0 0.00075013108760397878 0 1.2850555347127375e-05 -0.00034560007404997015 -0.0017809069152585849 6.5524468125295253e-06 -0.00037128658367191209 -1.0403013952970505e-05 0.0025167780871201482 1.3969680166666678e-05 -1.9592577901203189e-08 0.0010339069699808379 -6.7174210517269784e-06 -4.1697955759663162e-05 -6.367913260466012e-06 1.5530432865489273e-11 0.0014575679317342433 0 0 -0.0011611616461596488 0 0.00029402147930843365
leaf_weight=34 27 28 21 25 32 23 28 31 20 20 22 20 27 21 20 27 25 29 35 24 27 22 34 38 22 22 20 26 39 23 25 26 27 32 27 25 20 29 39 29 20 27 30 25 28 36 25 23 20 22 20
leaf_count=34 27 28 21 25 32 23 28 31 20 20 22 20 27 21 20 27 25 29 35 24 27 22 34 38 22 22 20 26 39 23 25 26 27 32 27 25 20 29 39 29 20 27 30 25 28 36 25 23 20 22 20
internal_value=-8.77835e-05 0.00013369 -0.000190931 0.000543767 -0.00110204 0.00109155 0.00226087 0.000295858 -0.000791757 -0.000636364 -7.43494e-05 -0.000436681 -0.000144928 -0.00152047 0.00025 0.00059375 -0.00200704 -0.000171233 0.000347826 0.00110465 0.00235294 0.000298295 -1.76678e-05 0.000301205 -0.000101523 -0.0019 0.000145631 -0.000633803 0.00131148 0.000392157 0.00182692 -0.00114943 -0.000188679 -0.00230469 -0.00151316 0.00112782 0.000416667 0.00234694 0.00152542 -0.00265306 0.0015942 0.000744681 -0.00336364 -0.00177778 -0.000735294 0.00375 -0.000255102 0.000588235 -0.00346154 -0.00117021 0.002
internal_weight=1367 1122 838 377 245 284 115 169 461 440 269 229 207 171 180 160 142 146 115 86 51 352 283 249 197 150 103 71 61 51 52 87 53 128 76 133 84 49 59 49 69 47 55 45 136 64 98 51 52 47 40
internal_count=1367 1122 838 377 245 284 115 169 461 440 269 229 207 171 180 160 142 146 115 86 51 352 283 249 197 150 103 71 61 51 52 87 53 128 76 133 84 49 59 49 69 47 55 45 136 64 98 51 52 47 40
is_linear=0
shrinkage=0.005


end of trees

feature_importances:
load_lag_336=9
disp_wind_evening_mw=8
smp_north_lag_336=8
smp_north_lag_48=7
load_rolling_std_24h=7
cloud_cover_hanoi=6
spike_prob_72h=6
smp_lag_96=5
margin_temp_interaction=5
load_total_mw=4
load_north_mw=4
disp_total_evening_mw=4
disp_solar_midday_mw=4
disp_wind_midday_mw=4
humidity_hanoi=4
wind_speed_hanoi=4
direct_radiation_hanoi=4
temperature_danang=4
direct_radiation_hcmc=4
smp_lag_50=4
solar_gen_proxy=4
residual_load_proxy=4
hydro_depletion_index=4
load_central_mw=3
load_south_mw=3
hydro_inflow_m3s=3
disp_hydro_evening_mw=3
temperature_hanoi=3
wind_speed_danang=3
temperature_hcmc=3
coal_proxy_price=3
smp_lag_336=3
load_ramp_lag48=3
hydro_total_discharge_m3s=2
disp_hydro_midday_mw=2
disp_solar_evening_mw=2
shortwave_radiation_hanoi=2
diffuse_radiation_hanoi=2
cloud_cover_danang=2
shortwave_radiation_danang=2
humidity_hcmc=2
wind_speed_hcmc=2
diffuse_radiation_hcmc=2
usd_vnd=2
load_lag_48=2
smp_lag_49=2
smp_south_lag_336=2
smp_rolling_mean_24h=2
smp_rolling_std_24h=2
smp_rolling_mean_72h=2
load_rolling_mean_72h=2
price_spread_ns_lag48=2
smp_yesterday_mean=2
hydro_discharge_rolling_24h=2
is_zero=2
spike_prob_24h=2
hydro_plant_discharge_m3s=1
hydro_spill_discharge_m3s=1
hydro_water_level_m=1
humidity_danang=1
shortwave_radiation_hcmc=1
brent_price=1
dxy_index=1
sin_dow=1
sin_month=1
cos_month=1
load_lag_50=1
smp_south_lag_48=1
load_rolling_mean_24h=1
load_rolling_std_72h=1
smp_yesterday_max=1
zero_prob_72h=1

parameters:
[boosting: gbdt]
[objective: regression_l1]
[metric: l1]
[tree_learner: serial]
[device_type: cpu]
[data_sample_strategy: bagging]
[data: ]
[valid: ]
[num_iterations: 3000]
[learning_rate: 0.005]
[num_leaves: 127]
[num_threads: -1]
[seed: 42]
[deterministic: 0]
[force_col_wise: 0]
[force_row_wise: 0]
[histogram_pool_size: -1]
[max_depth: -1]
[min_data_in_leaf: 20]
[min_sum_hessian_in_leaf: 0.001]
[bagging_fraction: 0.8]
[pos_bagging_fraction: 1]
[neg_bagging_fraction: 1]
[bagging_freq: 5]
[bagging_seed: 400]
[bagging_by_query: 0]
[feature_fraction: 0.5]
[feature_fraction_bynode: 1]
[feature_fraction_seed: 30056]
[extra_trees: 0]
[extra_seed: 12879]
[early_stopping_round: 0]
[early_stopping_min_delta: 0]
[first_metric_only: 0]
[max_delta_step: 0]
[lambda_l1: 0]
[lambda_l2: 0]
[linear_lambda: 0]
[min_gain_to_split: 0]
[drop_rate: 0.1]
[max_drop: 50]
[skip_drop: 0.5]
[xgboost_dart_mode: 0]
[uniform_drop: 0]
[drop_seed: 17869]
[top_rate: 0.2]
[other_rate: 0.1]
[min_data_per_group: 100]
[max_cat_threshold: 32]
[cat_l2: 10]
[cat_smooth: 10]
[max_cat_to_onehot: 4]
[top_k: 20]
[monotone_constraints: ]
[monotone_constraints_method: basic]
[monotone_penalty: 0]
[feature_contri: ]
[forcedsplits_filename: ]
[refit_decay_rate: 0.9]
[cegb_tradeoff: 1]
[cegb_penalty_split: 0]
[cegb_penalty_feature_lazy: ]
[cegb_penalty_feature_coupled: ]
[path_smooth: 0]
[interaction_constraints: ]
[verbosity: -1]
[saved_feature_importance_type: 0]
[use_quantized_grad: 0]
[num_grad_quant_bins: 4]
[quant_train_renew_leaf: 0]
[stochastic_rounding: 1]
[linear_tree: 0]
[max_bin: 255]
[max_bin_by_feature: ]
[min_data_in_bin: 3]
[bin_construct_sample_cnt: 200000]
[data_random_seed: 175]
[is_enable_sparse: 1]
[enable_bundle: 1]
[use_missing: 1]
[zero_as_missing: 0]
[feature_pre_filter: 1]
[pre_partition: 0]
[two_round: 0]
[header: 0]
[label_column: ]
[weight_column: ]
[group_column: ]
[ignore_column: ]
[categorical_feature: ]
[forcedbins_filename: ]
[precise_float_parser: 0]
[parser_config_file: ]
[objective_seed: 16083]
[num_class: 1]
[is_unbalance: 0]
[scale_pos_weight: 1]
[sigmoid: 1]
[boost_from_average: 1]
[reg_sqrt: 0]
[alpha: 0.9]
[fair_c: 1]
[poisson_max_delta_step: 0.7]
[tweedie_variance_power: 1.5]
[lambdarank_truncation_level: 30]
[lambdarank_norm: 1]
[label_gain: ]
[lambdarank_position_bias_regularization: 0]
[eval_at: ]
[multi_error_top_k: 1]
[auc_mu_weights: ]
[num_machines: 1]
[local_listen_port: 12400]
[time_out: 120]
[machine_list_filename: ]
[machines: ]
[gpu_platform_id: -1]
[gpu_device_id: -1]
[gpu_use_dp: 0]
[num_gpu: 1]

end of parameters

pandas_categorical:null
