tree
version=v4
num_class=1
num_tree_per_iteration=1
label_index=0
max_feature_idx=100
objective=regression_l1
feature_names=load_total_mw load_north_mw load_central_mw load_south_mw hydro_inflow_m3s hydro_total_discharge_m3s hydro_plant_discharge_m3s hydro_spill_discharge_m3s hydro_water_level_m disp_total_installed_mw disp_total_midday_mw disp_total_evening_mw disp_hydro_installed_mw disp_hydro_midday_mw disp_hydro_evening_mw disp_solar_installed_mw disp_solar_midday_mw disp_solar_evening_mw disp_wind_installed_mw disp_wind_midday_mw disp_wind_evening_mw temperature_hanoi humidity_hanoi cloud_cover_hanoi wind_speed_hanoi shortwave_radiation_hanoi direct_radiation_hanoi diffuse_radiation_hanoi temperature_danang humidity_danang cloud_cover_danang wind_speed_danang shortwave_radiation_danang direct_radiation_danang diffuse_radiation_danang temperature_hcmc humidity_hcmc cloud_cover_hcmc wind_speed_hcmc shortwave_radiation_hcmc direct_radiation_hcmc diffuse_radiation_hcmc coal_proxy_price brent_price gas_proxy_price usd_vnd dxy_index is_weekend is_workday is_holiday is_tet is_pre_holiday is_post_holiday season sin_hour cos_hour sin_dow cos_dow sin_month cos_month smp_lag_48 load_lag_48 smp_lag_49 load_lag_49 smp_lag_50 load_lag_50 smp_lag_96 load_lag_96 smp_lag_336 load_lag_336 smp_north_lag_48 smp_south_lag_48 smp_north_lag_336 smp_south_lag_336 smp_rolling_mean_24h smp_rolling_std_24h load_rolling_mean_24h load_rolling_std_24h smp_rolling_mean_72h smp_rolling_std_72h load_rolling_mean_72h load_rolling_std_72h price_spread_ns_lag48 load_ramp_lag48 smp_yesterday_mean smp_yesterday_max smp_yesterday_min smp_yesterday_zero_ratio hydro_discharge_rolling_24h solar_gen_proxy wind_gen_proxy residual_load_proxy thermal_margin_proxy hydro_depletion_index margin_temp_interaction is_spike is_zero spike_prob_24h spike_prob_72h zero_prob_24h zero_prob_72h
feature_infos=[16738.400000000001:43669.699999999997] [8141:23529.633000000002] [1030.2:4920.1390000000001] [6568.3000000000002:17620.469000000001] [-24696.790000000001:52718.32] [261.23000000000002:27182.77] [243.56999999999999:14362.75] [11.359999999999999:15398] [386.1925:23252.132105263157] none [14491.4:47673.900000000001] [19152.799999999999:47033.400000000001] none [-3952.3000000000002:18862.5] [6035.6999999999998:23435.200000000001] none [0:8134.5] [0:344.30000000000001] none [0:4273.1999999999998] [0:4263.3999999999996] [7.5:32.299999999999997] [31:99] [0:100] [0.55000000000000004:30.25] [3.5:282] [0:208.5] [3.5:150.5] [16.050000000000001:33.25] [52:99.5] [0:100] [0.80000000000000004:50] [7:306.5] [0:234] [7:146] [20.600000000000001:31.300000000000001] [56:98] [0:100] [0.5:24] [16:265] [0:198] [16:133.5] [63.700000762939453:438.35000610351562] [55.099998474121087:127.98000335693359] [1.5750000476837158:9.6800003051757795] [22394.345703125:26405] [89.639999389648438:114.11000061035156] [0:1] [0:1] [0:1] [0:1] [0:1] [0:1] [1:4] none none [-0.97492791218182362:0.97492791218182362] [-0.90096886790241903:1] [-1:1] [-1:1] [0:1778.5999999999999] [16738.400000000001:43669.699999999997] [0:1778.5999999999999] [16515.5:40602.099999999999] [0:1778.5999999999999] [15251.9:39424.300000000003] [0:1778.5999999999999] [16738.400000000001:43669.699999999997] [0:1778.5999999999999] [16738.400000000001:43669.699999999997] [0:1778.5999999999999] [0:1778.5999999999999] [0:1778.5999999999999] [0:1778.5999999999999] [0:1778.5999999999999] [0:869.78656539635756] [15840.402083333332:48300.345833333326] [1494.0634266859377:7412.3475695858406] [0.069944444444444434:1778.5999999999999] [0:822.68470809772941] [15990.384722222221:45267.230555555558] [2009.5728777065494:7328.5193476692311] [-1602.3:1778.5999999999999] [-2000.7000000000007:5250.3000000000029] [0:1778.5999999999999] [0:1778.5999999999999] [0:1778.5999999999999] [0:1] [919.52208333333328:41870.738333333335] [112.0236:1855.3908750000001] [124.17300000000002:5960.3040000000001] [13767.265887500002:40395.97834999999] [13155.821650000013:39784.534112499998] [386.1925:23252.132105263157] [371342.92174875003:1122197.6812312501] [0:1] [0:1] [0:1] [0:1] [0:1] [0:1]
tree_sizes=4350 4286 4269 4492 4680 4630 4798 4795 4541 4532 4725 4635 4621 4713 4802 4682 4800 4709

Tree=0
num_leaves=54
num_cat=0
split_feature=72 70 64 26 93 46 80 64 98 70 70 72 20 11 73 83 75 80 98 16 35 93 0 25 77 14 14 92 46 45 7 68 38 11 61 63 24 70 69 28 7 14 43 73 78 14 14 30 93 77 93 24 93
split_gain=28.1368 21.4475 17.0902 8.60942 12.4401 9.5563 7.16911 6.72238 6.38336 6.27135 9.10674 7.6366 6.56818 6.09579 7.70417 6.31166 5.92358 7.41908 7.66018 6.81677 6.53948 5.81155 5.75073 5.59664 5.42943 4.93682 5.12247 4.93339 4.89983 4.52867 4.48565 4.33377 4.29333 4.17014 3.76633 3.62647 3.56229 3.43947 3.30676 5.04167 3.0819 3.03777 2.86091 3.22165 2.82159 2.6815 2.61288 2.5 2.01394 2.06057 1.6254 1.52727 1.29612
threshold=1461.4575000000002 1502.0000000000002 1229.3685000000003 133.75000000000003 393.23111111111115 90.680000305175795 35640.403819444451 1.1055000000000004 0.58680555555555569 775.03800000000012 1096.0000000000002 960.50000000000011 837.55000000000007 37188.850000000006 1055.8750000000002 2267.0500000000015 236.5974118198188 32443.802430555563 0.62847222222222232 6336.0000000000009 25.625000000000004 410.74342105263162 30972.550000000003 88.750000000000014 3465.963612588333 15679.150000000003 13842.300000000001 23104.636006250006 103.7150001525879 23562.500000000004 22.145000000000007 1.0660000000000003 7.075000000000002 38007.650000000009 27099.750000000004 28693.550000000003 6.8750000000000009 1325.9045000000003 32479.700000000004 28.075000000000006 1713.4450000000004 16698.700000000004 74.270000457763686 880.20000000000016 1163.8964131944447 17876.650000000005 18224.450000000004 99.750000000000014 415.56486842105267 3948.0107885982438 410.48802631578951 8.4250000000000025 416.18426386913239
decision_type=2 2 2 2 2 2 2 2 2 2 2 2 2 2 2 2 2 2 2 2 2 2 2 2 2 2 2 2 2 2 2 2 2 2 2 2 2 2 2 2 2 2 2 2 2 2 2 2 2 2 2 2 2
left_child=1 3 7 4 -1 -6 36 30 33 23 11 45 -13 15 47 37 19 18 25 20 -4 -22 -20 29 35 26 -18 -10 -19 -7 -2 48 -29 -3 -9 -25 -5 -12 -31 -40 42 -36 -33 -44 -35 -11 -8 -15 49 -26 -51 -27 -50
right_child=2 8 16 6 5 9 46 34 27 10 13 12 -14 14 -16 -17 17 28 22 -21 21 -23 -24 24 31 51 -28 32 -30 38 -32 40 -34 44 41 -37 -38 -39 39 -41 -42 -43 43 -45 -46 -47 -48 -49 52 50 -52 -53 -54
leaf_value=-0.0026199185848236085 0 0.0024042706191539764 0.0002756578288972378 0 -0.0014872959256172181 -0.02989442825317383 0 -0.0013133668899536132 0.0013118495047092437 0.0012206007540225983 0.00014442518353462221 0.00059515660628676418 -0.0017264957726001739 -5.7981614954769615e-05 0.0017822501063346863 -0.00061301160603761679 0 -0.0026441386342048647 0 0.00051734482869505885 0 -0.00042340923100709916 0.00069667901843786242 0.0012637616693973541 0 0 -0.015681354254484178 0.00061395656317472455 -0.0013739787042140962 0 -0.0034657359123229981 -0.0034657359123229981 -0.00013600199483335018 0 -0.0029697084426879884 0 0.029119665622711181 -0.00016475550830364228 -0.0034881854057312012 0 0 -0.00062431901693344122 -2.6227677772112656e-05 0 0.0019301936030387879 0.030903704166412353 0 0 0 0 0 1.1970167979598046e-05 0
leaf_weight=23 24 39 21 22 29 21 20 21 31 39 32 22 22 20 24 21 21 20 21 34 32 34 22 26 26 22 20 25 33 23 33 20 21 29 37 30 27 21 25 24 24 21 22 20 22 21 26 20 23 20 36 20 35
leaf_count=23 24 39 21 22 29 21 20 21 31 39 32 22 22 20 24 21 21 20 21 34 32 34 22 26 26 22 20 25 33 23 33 20 21 29 37 30 27 21 25 24 24 21 22 20 22 21 26 20 23 20 36 20 35
internal_value=-1.82882e-05 0.00047261 -0.00106651 0.000117801 -8.22123e-05 4.64396e-05 0.00152632 -0.00253676 0.00209581 0.000178282 0.000805785 0.00192308 0.000340909 -3.62319e-05 0.00109375 -0.00101351 -0.0004 -0.000977654 -0.00031746 0.000454545 -0.000287356 -0.00106061 0.00139535 -0.000226667 0.000124113 -0.00120482 -0.00243902 0.00103896 -0.00254717 -0.00129032 -0.00122807 -0.000221239 0 0.003 -0.00348101 0.00151786 0.00285714 -9.43396e-05 -0.000694444 -0.00142857 -0.00110465 -0.00413793 -0.00169355 -0.000952381 0.00205882 0.00308333 0.000108696 -0.00025 0.000321429 -0.000182927 0.000357143 0 0.00103448
internal_weight=1367 931 436 764 669 646 95 136 167 617 242 104 44 138 64 74 300 179 126 121 87 66 43 375 282 83 41 77 53 93 57 226 46 90 79 56 49 53 72 49 86 58 62 42 51 60 46 40 140 82 56 42 58
internal_count=1367 931 436 764 669 646 95 136 167 617 242 104 44 138 64 74 300 179 126 121 87 66 43 375 282 83 41 77 53 93 57 226 46 90 79 56 49 53 72 49 86 58 62 42 51 60 46 40 140 82 56 42 58
is_linear=0
shrinkage=0.005


Tree=1
num_leaves=52
num_cat=0
split_feature=72 70 64 8 4 28 19 72 10 72 81 82 90 5 64 4 83 82 82 24 24 66 39 40 28 39 39 78 70 98 98 14 91 0 91 78 41 70 90 81 10 13 64 22 66 5 39 39 74 78 98
split_gain=22.3003 14.6213 13.9391 12.9473 11.4782 8.78789 8.55524 8.07602 9.55217 6.27296 18.6739 10.2975 6.29137 6.09524 5.95017 6.62338 5.60303 5.33045 5.28972 5.06374 4.81628 5.86599 7.57033 10.0938 4.78316 6.47895 4.20013 3.75631 6.37677 4.86442 4.77454 3.67139 3.6 3.56011 3.29252 3.2064 3.19385 3.27588 2.83137 2.7884 2.75238 2.73858 2.025 1.95345 1.87208 1.84091 1.70709 1.72549 1.4666 0.962215 0.944056
threshold=1293.9000000000003 1502.0000000000002 1213.7720000000002 419.43315789473689 4173.5700000000006 24.975000000000005 744.4000000000002 1456.5065000000002 27844.550000000003 896.37400000000014 4404.7669249715264 25.707999999999917 875.41965000000005 5788.3500000000004 1.1055000000000004 7957.6750000000002 1775.3999999999999 1397.0500000000004 132.25000000000009 7.075000000000002 5.8250000000000011 1447.9335000000003 130.25000000000003 98.250000000000014 26.675000000000004 129.25000000000003 183.75000000000003 651.30453472222246 0.96850000000000003 0.20486111111111113 0.072916666666666685 16698.700000000004 29083.456137500001 31248.250000000004 32434.656268750008 1353.4368784722224 74.250000000000014 0.99700000000000011 1347.2770500000004 4413.493523319813 40343.650000000001 4395.6500000000005 938.52550000000008 87.250000000000014 828.05000000000007 4553.2050000000008 162.25000000000003 222.75000000000003 338.91555208333341 409.99036458333336 0.23958333333333334
decision_type=2 2 2 2 2 2 2 2 2 2 2 2 2 2 2 2 2 2 2 2 2 2 2 2 2 2 2 2 2 2 2 2 2 2 2 2 2 2 2 2 2 2 2 2 2 2 2 2 2 2 2
left_child=1 9 3 14 7 41 35 45 -9 11 18 12 33 -12 15 -2 -8 26 24 -16 -10 -22 -23 -24 25 -11 -7 28 38 30 -29 42 -25 -1 -35 -3 -31 -38 40 43 -14 -6 -13 -40 -26 -4 -45 49 -41 -48 -21
right_child=2 6 4 -5 5 17 16 8 20 10 13 31 27 -15 19 -17 -18 -19 -20 50 21 22 23 32 44 -27 -28 29 -30 36 -32 -33 -34 34 -36 -37 37 -39 39 48 -42 -43 -44 46 -46 -47 47 -49 -50 -51 -52
leaf_value=-0.00015476502943783998 0 0.0026356486614793539 0.0008346470795571805 3.121595084667206e-06 -0.00025351190981455149 -3.6135389236733315e-06 -7.5455679558217525e-06 -0.00059772941172122956 0.00031731268996372817 -0.0018435984436422587 0.0013363885723054409 0.0014244035210460423 1.73848032951355e-05 1.7328679561614992e-05 -0.0016241648480179718 -0.0025504535615444184 0.0010284403167665004 2.1170461550354958e-06 -0.00043703153319656855 -0.0030773005068302156 1.1849973350763323e-05 -0.0015409797115018592 0.00051315580131486055 -0.0012875910513103009 -8.4900943934917443e-05 0.00056851936802268033 0 0 0.00065234644263982772 0 -6.1030037701129914e-06 5.5684280814602972e-07 0 0 0 0.0013086348228156567 0 0.0016169765973463655 0 0 0 -0.0015675818115239962 0.030788745199888945 0 -0.0023633601034060122 0.0032820002048974855 0 0 0 0 -0.0019034136712551117
leaf_weight=22 34 34 22 39 26 24 22 38 38 29 21 20 28 21 28 21 33 24 33 22 37 26 25 20 22 27 26 26 37 22 32 26 20 21 28 25 29 27 36 21 20 29 20 20 20 22 23 24 26 21 30
leaf_count=22 34 34 22 39 26 24 22 38 38 29 21 20 28 21 28 21 33 24 33 22 37 26 25 20 22 27 26 26 37 22 32 26 20 21 28 25 29 27 36 21 20 29 20 20 20 22 23 24 26 21 30
internal_value=5.1207e-05 0.00057598 -0.000725953 -0.00189655 -0.000185676 -0.00139535 0.00223684 0.000443548 2.45098e-05 0.000306268 -0.000520231 0.00057656 0.000313175 0.00238095 -0.00262963 -0.00136364 0.000818182 -0.00027027 -0.00145038 -0.0035 0.000542169 7.8125e-05 -0.000604396 0.000307692 -0.000867347 8.92857e-05 -0.0012 0.000561224 0.000917969 -0.000110294 -0.0012069 0.00242424 -0.00125 -0.00105634 -0.000306122 0.00355932 0.000705128 0.00133929 0.000593607 0.000292398 0.00166667 -0.00290909 0.003375 0.000685484 -0.00214286 0.00238636 0.000284091 0.000661765 -0.000744681 0.00125 -0.00442308
internal_weight=1367 816 551 174 377 129 114 248 204 702 173 529 463 42 135 55 55 74 131 80 166 128 91 65 98 56 50 392 256 136 58 66 40 71 49 59 78 56 219 171 48 55 40 124 42 44 88 68 47 44 52
internal_count=1367 816 551 174 377 129 114 248 204 702 173 529 463 42 135 55 55 74 131 80 166 128 91 65 98 56 50 392 256 136 58 66 40 71 49 59 78 56 219 171 48 55 40 124 42 44 88 68 47 44 52
is_linear=0
shrinkage=0.005


Tree=2
num_leaves=50
num_cat=0
split_feature=72 95 64 8 98 76 84 91 26 89 8 64 91 64 26 46 77 0 80 45 19 1 40 22 4 0 19 78 73 7 40 1 65 84 69 100 8 14 30 69 27 80 26 97 40 35 66 91 73
split_gain=13.2837 13.7471 13.4041 11.0633 10.6115 9.13091 9.0643 9.55682 8.43323 9.91275 7.65107 6.06565 6.00519 6.25 5.67 6.90814 6.89692 8.71272 9.55018 7.40513 6.5994 8.32558 5.60109 5.11285 8.62985 4.8776 5.48823 5.40285 8.01029 5.49812 4.75015 4.67368 8.41819 8.08752 5.53658 4.59363 5.42892 4.41659 4.06255 4.00495 5.26753 5.11114 3.83623 3.66073 3.55879 2.92747 2.78278 2.60125 1.44632
threshold=1365.6245000000001 1.0000000180025095e-35 1229.3685000000003 419.86210526315796 0.19791666666666671 26900.043750000001 1283.7127291666668 24833.884287500001 92.750000000000014 1034.4679312500002 392.9500000000001 1.0060000000000002 30439.583681250002 1034.6500000000003 22.250000000000004 91.055000305175795 3283.891832300641 34296.55000000001 28111.163888888888 23244.500000000004 518.10000000000014 13156.950000000003 162.25000000000003 71.750000000000014 3669.8650000000002 30785.850000000002 1344.0500000000004 1365.127371527778 1332.2380000000003 17.645000000000007 48.250000000000007 13541.500000000002 33223.150000000009 752.4710729166668 34051.950000000004 0.21875000000000003 417.69184210526322 16548.550000000003 96.750000000000014 32226.900000000005 94.750000000000014 37802.949305555558 9.2500000000000018 0.11458333333333336 80.750000000000014 26.225000000000005 344.35000000000008 29738.636975000005 337.61300000000006
decision_type=2 2 2 2 2 2 2 2 2 2 2 2 2 2 2 2 2 2 2 2 2 2 2 2 2 2 2 2 2 2 2 2 2 2 2 2 2 2 2 2 2 2 2 2 2 2 2 2 2
left_child=1 10 3 5 -4 -2 23 -8 9 30 -1 -7 13 -11 15 -12 17 18 -16 37 21 -17 35 -6 -25 26 -9 -27 -29 42 -3 44 33 34 -33 -21 39 -18 -35 -37 43 -42 -30 48 -22 -13 -34 -32 -41
right_child=2 8 4 -5 6 11 7 25 -10 12 14 45 -14 -15 16 20 19 -19 -20 22 31 -23 -24 24 -26 27 -28 28 29 -31 47 32 46 38 -36 36 -38 -39 -40 40 41 -43 -44 -45 -46 -47 -48 -49 -50
leaf_value=-0.0024868607563506813 0 8.2099332747748125e-07 0.00019315417859645096 3.1059871092438702e-06 -0.003462747265264392 -0.00071034652586281308 0.00059331301122985314 -0.00016644497635780135 0.0035838124709147963 6.5569194430281645e-08 -0.0021064506142167375 -0.016095084725476862 0.0014569836149103941 -1.3178243307396771e-05 1.3012668907642367e-05 0.0015575509900953622 0 0 0.029782828568667173 0.00035080931655876336 -1.3921070203650743e-09 0 0.00022890863921260461 -0.00093890543678734693 2.9886470586061477e-06 0.00028395500575378538 0.00013966299154981969 -0.00038311630370706549 -3.0260257705231199e-06 0.00025903977300249971 0.00071958311030454933 -3.2617322131991386e-06 0 3.7364695617725368e-08 0 7.7382514718919991e-07 -2.9072104892693464e-06 -0.00025467600009124728 0.00048488062802655619 0 -3.2617322131991386e-06 0 2.1064609242603184e-06 0 -0.0001941753804004402 -0.002464913689404726 -0.0007042501841424964 0.035925978981884196 1.5863919133320453e-05
leaf_weight=29 25 23 31 33 27 34 20 30 35 20 24 28 21 25 25 23 34 25 33 38 24 37 24 28 29 33 22 28 28 26 33 23 26 20 24 38 28 26 22 26 28 27 33 31 22 37 20 21 20
leaf_count=29 25 23 31 33 27 34 20 30 35 20 24 28 21 25 25 23 34 25 33 38 24 37 24 28 29 33 22 28 28 26 33 23 26 20 24 38 28 26 22 26 28 27 33 31 22 37 20 21 20
internal_value=4.75494e-05 0.000417143 -0.000609756 -0.00181529 -4.47761e-05 -0.0025 -0.000328947 0.000204545 0.0016573 0.00111888 0.00010043 -0.00318182 -0.00030303 -0.00133333 0.000209581 -0.000358491 0.000583127 0.00186747 0.00293103 0.00025 -0.000103734 0.00133333 0.000615385 -0.00172619 -0.000877193 -0.000125 -0.00144231 0.000337838 -0.000173913 0.000574713 0.00233766 -0.00058011 -0.000111111 0.000786517 -0.000638298 0.000381356 7.57576e-05 -0.00133333 0.00238095 0.000411765 0 -0.00118182 -0.000245902 0.000844156 -0.00195652 -0.00407692 -0.00184783 0.00314815 0.00173913
internal_weight=1367 875 492 157 335 124 304 220 178 143 697 99 66 45 668 265 403 83 58 320 241 60 260 84 57 200 52 148 115 87 77 181 135 89 47 236 198 60 42 170 132 55 61 77 46 65 46 54 46
internal_count=1367 875 492 157 335 124 304 220 178 143 697 99 66 45 668 265 403 83 58 320 241 60 260 84 57 200 52 148 115 87 77 181 135 89 47 236 198 60 42 170 132 55 61 77 46 65 46 54 46
is_linear=0
shrinkage=0.005


Tree=3
num_leaves=52
num_cat=0
split_feature=6 70 33 68 38 7 21 68 91 81 93 19 81 2 91 93 16 16 7 77 69 38 37 81 31 35 66 69 75 75 36 21 20 37 80 80 6 38 81 16 81 81 35 31 16 13 14 61 80 93 13
split_gain=13.8997 15.2849 10.175 9.77106 11.3412 9.66733 8.49606 8.45608 8.29327 9.15648 7.92991 8.55013 13.1311 8.10163 7.4334 7.12261 6.94626 9.13345 6.70172 6.66783 6.53125 5.86667 5.82549 5.81826 7.47285 7.68772 6.66036 6.23536 6.06516 5.04846 5.01961 13.4639 5.34434 4.95702 4.82142 4.56877 8.00425 5.00192 4.69902 4.73766 4.51977 4.19506 4.04802 3.6 3.52083 3.33064 3.15976 2.90068 8.92358 2.97171 2.87234
threshold=3445.5550000000007 1454.9000000000003 34.250000000000007 1599.8500000000001 3.4750000000000005 20.485000000000003 24.775000000000002 1231.4915000000003 27587.816956250001 4656.3041848313678 392.69958333333335 102.25000000000001 3531.0252885185018 2263.5000000000005 24673.997500000001 411.98921052631584 5965.4500000000016 6194.1500000000005 55.920000000000009 4481.2233847935731 32775.100000000006 6.4250000000000016 72.250000000000014 4214.2484788522961 13.625000000000002 26.975000000000005 1398.6000000000001 33944.250000000007 258.10596929874441 340.54833860055095 87.750000000000014 23.225000000000005 1053.7500000000002 99.250000000000014 36664.746875000004 34560.837847222225 7783.4150000000009 5.2750000000000012 4375.2417768354198 5890.7000000000007 4122.2672144531443 3814.0189553576706 26.625000000000004 11.625000000000002 6580.9500000000007 6706.0500000000002 13347.1 31980.600000000002 29988.479513888891 415.47881578947374 3098.9000000000005
decision_type=2 2 2 2 2 2 2 2 2 2 2 2 2 2 2 2 2 2 2 2 2 2 2 2 2 2 2 2 2 2 2 2 2 2 2 2 2 2 2 2 2 2 2 2 2 2 2 2 2 2 2
left_child=2 3 20 4 18 16 15 33 43 30 -6 -12 29 -14 42 -5 -4 -18 -2 44 21 -1 -19 24 25 41 28 -27 -25 -13 32 -32 46 45 -20 37 -37 -30 -38 -40 -34 -16 -15 -9 -7 50 -10 48 -43 -49 -3
right_child=1 7 5 6 10 19 -8 8 9 -11 11 12 13 14 23 -17 17 22 34 -21 -22 -23 -24 26 -26 27 -28 -29 35 -31 31 -33 40 -35 -36 36 38 -39 39 -41 -42 47 -44 -45 -46 -47 -48 49 -50 -51 -52
leaf_value=2.5679486659449758e-05 0 0.0016424460857962769 -8.8032002839893102e-05 -0.030762131506543344 -0.0024525891209577024 7.3151935442241683e-07 1.6308661065995694e-08 0.00017305568155179612 -2.3483545920834731e-05 7.8332578170374053e-05 -0.00025573184737905861 0.0019325521899684682 -0.002399596684517424 6.5449263357570731e-06 0.00047039634465327487 -0.0006978555396390543 4.5991579037393982e-06 -3.4913147076635504e-06 -0.00066525778142756094 -0.00020214104056982528 -0.033390766344400344 -0.00075816248097931144 0 -0.00046342569161738733 -0.00085810244548937783 -3.3427632415946577e-06 0.0014983198201839454 0 -6.2403446639490455e-06 1.9453003494325094e-05 -0.0014808064187831736 3.5562498082466477e-06 0.0002676397957936756 0.00018145126774444246 0 1.0848389706608433e-05 1.4536052446346733e-08 1.8756325518293307e-06 -6.4062086241319782e-08 0 2.9422347022918897e-08 0.00051725129190814039 0.00056207885563104413 0.00032897209335293196 1.6228725458589615e-05 0.0018560330101048434 1.6037149849420528e-06 0 -0.0010336215676217302 1.4536052446346733e-08 0.0031265751080531631
leaf_weight=24 35 20 31 22 21 24 31 36 20 33 21 29 30 24 21 36 20 37 38 21 32 20 35 20 24 34 21 30 20 34 22 26 27 25 23 23 25 32 22 35 32 21 21 24 24 20 23 30 20 21 27
leaf_count=24 35 20 31 22 21 24 31 36 20 33 21 29 30 24 21 36 20 37 38 21 32 20 35 20 24 34 21 30 20 34 22 26 27 25 23 23 25 32 22 35 32 21 21 24 24 20 23 30 20 21 27
internal_value=6.94952e-05 0.000318471 -0.000951493 -7.19895e-05 0.000133333 -0.000338542 -0.00162921 0.00120896 0.000720165 0.000191257 0.000397237 0.000510753 0.000633147 0.000348101 0.000518018 -0.00275862 -0.00117886 -0.00048913 -0.00145833 0.00115942 -0.0025 -0.00125 -0.00131944 0.000300752 -0.000298507 5.64972e-05 0.000909091 -0.00132813 0.00059322 0.00277778 -0.000333333 -0.00166667 0.000294118 0.0025 -0.00245902 0.000923567 0.00152381 -0.000288462 0.000792683 0 0.00127119 0.000840708 0.00244444 0.00233333 0.0021875 0.00320896 -0.00104651 0.000380435 -0.000609756 0.00117647 0.00393617
internal_weight=1367 1099 268 764 675 192 89 335 243 183 579 558 537 474 444 58 123 92 96 69 76 44 72 399 201 177 198 64 177 63 150 48 102 92 61 157 105 52 82 57 59 113 45 60 48 67 43 92 41 51 47
internal_count=1367 1099 268 764 675 192 89 335 243 183 579 558 537 474 444 58 123 92 96 69 76 44 72 399 201 177 198 64 177 63 150 48 102 92 61 157 105 52 82 57 59 113 45 60 48 67 43 92 41 51 47
is_linear=0
shrinkage=0.005


Tree=4
num_leaves=53
num_cat=0
split_feature=26 93 6 60 78 68 36 78 68 11 85 58 4 4 4 6 83 3 66 33 4 81 83 35 33 66 81 24 78 43 33 11 33 33 93 68 60 87 66 24 6 4 100 44 17 91 81 6 3 11 7 8
split_gain=12.2742 18.0472 11.7797 15.8554 10.1947 8.47854 10.6785 8.84094 9.58437 8.83204 8.74619 8.34244 7.89667 13.4078 11.3604 13.2185 7.74201 8.32148 10.5906 7.3257 7.88741 7.2 7.10015 6.60313 6.57618 6.49842 6.61609 5.67804 5.66744 7.69802 5.63333 5.60764 5.23261 5.17677 5.52719 6.4214 5.3043 5.73009 4.78307 5.56954 4.86111 4.41527 4.39074 4.34051 4.08333 4.04739 3.80501 3.53282 3.44949 2.91382 2.45125 0.9
threshold=133.75000000000003 392.9500000000001 3242.9000000000005 1502.0000000000002 486.00646527777781 1602.2500000000002 79.750000000000014 1251.7147569444446 900.05000000000007 34648.30000000001 1034.8650000000002 1.0000000180025095e-35 9641.8250000000025 7640.6750000000011 3997.4950000000003 4483.2700000000013 814.15000000000157 14439.800000000001 1047.5920000000003 127.25000000000001 11072.195000000002 4129.5162443718127 1334.5999999999988 26.875000000000004 152.25000000000003 1293.8450000000003 4342.0159293825909 9.6750000000000025 668.89652430555566 76.075000762939467 77.750000000000014 36163.650000000001 54.750000000000007 126.25000000000001 408.81564102564107 1.0000000180025095e-35 1099.9500000000003 0.36458333333333343 1699.0500000000002 5.7250000000000005 4513.8250000000016 8480.465000000002 0.57291666666666674 3.3194999694824223 118.10000000000001 28918.342793750006 4146.1584429981513 1955.2500000000002 15282.230500000003 37313.200000000004 17.685000000000006 416.38465504978672
decision_type=2 2 2 2 2 2 2 2 2 2 2 2 2 2 2 2 2 2 2 2 2 2 2 2 2 2 2 2 2 2 2 2 2 2 2 2 2 2 2 2 2 2 2 2 2 2 2 2 2 2 2 2
left_child=1 -1 4 5 50 6 22 8 10 -9 -8 33 13 14 38 -16 -10 41 24 -2 28 -7 -4 25 -19 -6 31 -24 -21 -30 51 -27 45 36 -35 -36 37 -12 39 -5 44 46 -39 -34 -41 -17 -18 -25 -13 -40 -3 -23
right_child=19 2 3 12 23 21 7 9 16 -11 11 48 -14 -15 15 32 17 18 -20 20 -22 30 27 47 -26 26 -28 -29 29 -31 -32 -33 43 34 35 -37 -38 42 49 40 -42 -43 -44 -45 -46 -47 -48 -49 -50 -51 -52 -53
leaf_value=-0.0029354523429544932 -3.5488153047394007e-09 1.6308661065995694e-08 0.0010415365079987054 0.0017011737512537069 2.4490920352118482e-05 9.6350168903358276e-09 3.5212509207124821e-06 -4.8193751273166362e-06 7.4423715155981435e-06 0.00064346420834364654 0.0023214656275649939 -6.9571581736268534e-06 -4.19759150153875e-06 0.0013173012445142462 -0.0016777248647770748 5.9677220329628756e-06 -0.0030529226142878047 -3.9499642617697832e-08 0.00051718025048425368 0.0011086743006780023 0 -0.0025571737132794527 0.0012372668070434033 -1.7785888551961086e-06 -0.030066440574442785 -0.0010852305620126068 -0.0010883287729190605 -0.00011021161814891865 0.0030947227433681958 -5.7846787012023852e-07 -0.00020812436930832539 1.274715483422526e-05 1.4961232257320921e-06 -1.75372627236261e-06 -3.6340131115866832e-11 1.2844690472027289e-08 -5.898201665027085e-08 -7.2680262231733664e-11 -3.4501280879095489e-05 -1.3125487457808939e-05 0.0021967978096933205 -0.0016771679577592385 3.5212509207124821e-06 0.00033415455566397764 0.00042399207163306362 -0.00047309194114989866 -0.0001682632439153799 -0.0010267718475373167 0 2.2239315800183677e-06 -1.8287983860560421e-09 -0.001399580657419709
leaf_weight=26 21 24 22 33 28 30 27 20 20 22 27 38 24 32 28 20 24 32 20 23 33 20 32 26 22 27 36 27 30 22 20 22 26 21 30 39 26 33 20 24 36 32 23 24 24 21 22 24 21 21 22 20
leaf_count=26 21 24 22 33 28 30 27 20 20 22 27 38 24 32 28 20 24 32 20 23 33 20 32 26 22 27 36 27 30 22 20 22 26 21 30 39 26 33 20 24 36 32 23 24 24 21 22 24 21 21 22 20
internal_value=4.38917e-05 -0.000109047 -2.06271e-05 0.000204387 -0.00110048 -0.000238806 -1.72414e-05 -0.000290581 -0.000492341 0.00190476 7.01754e-05 -0.000213178 0.0010961 0.00131068 0.000956679 -0.000210084 -0.00142442 -0.00180921 -0.000608108 0.00151163 0.00203704 -0.00166667 0.00166667 -0.00168712 -0.00175926 -0.0010177 -0.00170588 0.000762712 0.00293333 0.00201923 -0.00266667 -0.000510204 0.000714286 0.000276382 -0.000611111 7.24638e-05 0.00100917 0.00162651 0.00183544 0.00235043 0.00166667 -0.00294872 0.000714286 0.0018 0.000625 -0.000609756 -0.00195652 -0.0032 -0.00186441 0.000365854 0.000978261 -0.00375
internal_weight=1367 1238 1212 1003 209 670 580 499 457 42 285 258 333 309 277 119 172 152 74 129 108 90 81 163 54 113 85 59 75 52 60 49 91 199 90 69 109 83 158 117 84 78 56 50 48 41 46 50 59 41 46 40
internal_count=1367 1238 1212 1003 209 670 580 499 457 42 285 258 333 309 277 119 172 152 74 129 108 90 81 163 54 113 85 59 75 52 60 49 91 199 90 69 109 83 158 117 84 78 56 50 48 41 46 50 59 41 46 40
is_linear=0
shrinkage=0.005


Tree=5
num_leaves=52
num_cat=0
split_feature=64 72 72 46 35 76 31 76 46 32 80 43 1 0 94 77 39 74 41 27 37 36 80 85 5 6 69 31 27 41 5 74 25 82 61 82 14 21 72 39 86 74 1 83 3 27 86 37 88 3 1
split_gain=16.8665 13.855 13.515 12.4518 14.162 12.0794 11.7467 11.744 10.7677 10.2851 13.6898 12.3148 11.1631 9.51363 8.17918 8.36598 10.0087 8.67566 7.77313 10.4943 14.2599 11.9104 7.18091 7.09193 7.03961 10.8914 6.70635 6.61969 7.68458 11.0762 6.44341 6.23075 6.14818 5.58502 5.2181 4.66667 4.61261 4.5045 4.34215 4.89491 4.94777 4.71694 4.01569 3.82966 3.76696 3.6 3.23617 2.96609 2.77714 2.3251 0.121569
threshold=1167.0760000000002 928.10000000000014 1281.3185000000001 103.564998626709 26.475000000000005 42767.90833333334 9.0250000000000021 25720.388541666671 106.5550003051758 238.25000000000003 33562.340972222235 87.944999694824233 15232.350000000002 33798.450000000004 658575.46202125028 4320.4594539783393 231.75000000000003 605.04143750000014 99.750000000000014 42.250000000000007 98.250000000000014 78.250000000000014 32161.356250000001 1202.0915000000002 3639.3400000000006 4284.7850000000008 30227.000000000004 3.5750000000000006 54.750000000000007 76.750000000000014 2473.7200000000007 1388.7148541666668 218.25000000000003 840.40000000000009 27322.350000000002 -0.045499999999999978 17623.850000000002 24.925000000000004 1134.7030000000002 212.75000000000003 1.0405000000000002 1177.4658229166669 17765.750000000004 1939.950000000001 13846.550000000001 89.750000000000014 636.85100000000011 96.250000000000014 8259.0756250000013 14769.250000000002 13901.000000000002
decision_type=2 2 2 2 2 2 2 2 2 2 2 2 2 2 2 2 2 2 2 2 2 2 2 2 2 2 2 2 2 2 2 2 2 2 2 2 2 2 2 2 2 2 2 2 2 2 2 2 2 2 2
left_child=1 5 8 7 33 6 9 -3 30 11 12 23 47 26 15 16 17 45 19 21 27 22 46 -1 -23 -26 35 -21 -29 31 -2 -30 34 -5 -9 -8 -25 -38 39 40 41 -32 -39 -27 -42 -12 -4 -11 49 50 -36
right_child=2 3 18 4 -6 -7 13 32 -10 10 14 -13 -14 -15 -16 -17 -18 -19 -20 20 -22 24 -24 36 25 43 -28 28 29 -31 38 -33 -34 -35 48 -37 37 42 -40 -41 44 -43 -44 -45 -46 -47 -48 -49 -50 -51 -52
leaf_value=3.6340131115866832e-13 -5.6964935228361215e-07 1.4376394842544268e-05 0.00052092817579390573 -3.1304249610985408e-06 0.00011144377564718981 2.3742642719347933e-08 -1.011339615069159e-07 -0.0016245121047726374 -2.2877919627403002e-06 0.00015497897874371965 1.8170065557933416e-13 7.4494159576512916e-06 0.0035404322261871784 5.0711819878384862e-06 -1.0930435889869155e-06 -3.0345955462338072e-06 -1.1445431960630231e-06 -6.4223452360136449e-11 -0.00016548078974063185 0.0008070672641530245 0.00043435188070438754 -0.001214729617603614 -0.00040042378476120211 -5.707311198406097e-06 4.9555521046286496e-05 -8.0865775189824453e-06 -8.8804009428658129e-07 0.00032281604675589096 -0.00013697478457958126 2.2345186585080742e-06 0.00010413630414669513 -0.00029392213553489083 -0.00012331651355198072 -0.0014083547324253184 -0.0032451965461232713 0.029929009467305732 -5.7195092419899371e-07 -9.7666620133450062e-08 0.0012844709308456892 0.0018928108656478366 0.0006894327341767537 0.029686327334134024 -1.848193200385235e-08 -0.0010896670087762301 -4.2262265572848898e-05 4.1716899572451825e-08 0.0028356235542565966 -3.7483421136243035e-06 -0.029929433011821899 -0.0012117247124216227 -0.0027774864188718934
leaf_weight=25 22 23 33 33 29 20 21 34 29 20 20 30 32 39 37 20 21 22 28 20 37 29 24 37 34 34 30 23 25 29 27 24 21 20 20 21 20 34 27 32 27 20 20 30 23 20 21 21 21 24 31
leaf_count=25 22 23 33 33 29 20 21 34 29 20 20 30 32 39 37 20 21 22 28 20 37 29 24 37 34 34 30 23 25 29 27 24 21 20 20 21 20 34 27 32 27 20 20 30 23 20 21 21 21 24 31
internal_value=-4.39883e-05 -0.000535248 0.000585284 -0.00148438 0.000121951 -5.88235e-05 -0.000214286 -0.00224138 0.00161836 -0.000633245 9.38967e-05 -0.00156627 0.00184932 0.00121622 -0.000821429 -9.70874e-05 0.00060241 0.0016129 3.83632e-05 0.00023416 0.00120253 -0.000512195 0.00102564 -0.00220588 -0.00145669 -0.000816327 0.000138889 0.000371901 -0.000148515 -0.000897436 0.00207865 -0.00234694 -0.00274834 -0.00141509 -0.00315385 0.00142857 -0.00274775 -0.00202703 0.0024359 0.00205426 0.00149485 0.00265957 -0.00277778 -0.00203125 0.0004 0.003 0.00203704 0.000121951 -0.00375 -0.0042 -0.00480392
internal_weight=1364 766 598 256 82 510 490 174 207 379 213 166 73 111 140 103 83 62 391 363 158 205 78 136 127 98 72 121 101 78 178 49 151 53 130 42 111 74 156 129 97 47 54 64 50 40 54 41 96 75 51
internal_count=1364 766 598 256 82 510 490 174 207 379 213 166 73 111 140 103 83 62 391 363 158 205 78 136 127 98 72 121 101 78 178 49 151 53 130 42 111 74 156 129 97 47 54 64 50 40 54 41 96 75 51
is_linear=0
shrinkage=0.005


Tree=6
num_leaves=54
num_cat=0
split_feature=60 24 72 33 90 20 33 39 39 34 46 67 72 16 23 34 29 23 69 4 13 7 78 97 8 23 85 85 95 21 4 80 29 4 85 10 64 75 23 39 10 30 77 68 90 7 23 23 90 10 24 100 29
split_gain=18.4339 17.0412 12.7298 10.1441 10.2492 10.7241 9.3645 8.83115 9.94042 10.6966 9.27975 11.6031 8.92091 8.67006 8.32661 15.9968 7.97598 7.28428 7.23783 9.11879 7.07991 6.6511 6.57895 9.08891 5.79884 5.5615 5.53007 10.1478 5.78652 6.16529 7.107 8.1209 5.3739 8.24551 4.95869 4.9 4.75426 4.68272 4.51547 4.41938 4.30233 6.30806 4.29374 4.12208 4.10894 4.05409 6.26411 3.93818 4.58182 3.77912 3.36229 2.5 2.02341
threshold=1503.1500000000003 3.0750000000000006 1674.7500000000002 57.250000000000007 2551.7551500000004 1784.9000000000003 109.75000000000001 117.25000000000001 221.75000000000003 116.25000000000001 96.125000000000014 35127.350000000006 1341.3900000000001 4461.1000000000013 86.250000000000014 73.750000000000014 65.250000000000014 99.250000000000014 30745.100000000002 3038.0050000000006 3693.6500000000005 998.23000000000013 1409.1918194444445 0.98958333333333337 412.8120512820513 43.250000000000007 1132.7165000000002 1346.0205000000003 1.0000000180025095e-35 27.375000000000004 2648.7600000000002 38869.122569444451 81.250000000000014 3669.8650000000002 1399.2500000000002 33049.500000000007 894.1880000000001 504.67051009573669 99.250000000000014 143.75000000000003 31262.650000000005 73.750000000000014 3813.8160972606615 1128.1815000000004 1446.6154500000005 164.35500000000005 51.500000000000007 42.750000000000007 1744.6306500000003 31616.000000000004 8.3750000000000018 0.11458333333333334 89.750000000000014
decision_type=2 2 2 2 2 2 2 2 2 2 2 2 2 2 2 2 2 2 2 2 2 2 2 2 2 2 2 2 2 2 2 2 2 2 2 2 2 2 2 2 2 2 2 2 2 2 2 2 2 2 2 2 2
left_child=2 -2 7 18 5 22 -6 10 9 13 50 12 24 25 15 37 -10 -4 47 49 -18 34 40 44 -12 -9 -16 -28 29 30 43 32 -32 -34 -22 -35 -27 -15 -31 51 -5 -42 -36 -29 -24 46 -17 -3 -49 -20 -1 -21 -19
right_child=1 3 17 4 6 -7 -8 8 16 -11 11 -13 -14 14 26 45 20 52 19 39 21 -23 23 -25 -26 36 27 28 -30 38 31 -33 33 35 42 -37 -38 -39 -40 -41 41 -43 -44 -45 -46 -47 -48 48 -50 -51 -52 -53 -54
leaf_value=-0.00059234861810919558 -5.1680514743664092e-06 -1.8357834668107088e-05 -0.00059328401508991263 0.0019707603373322431 4.0827900268975606e-05 -0.00036771617972475952 -1.5152561265323844e-05 6.5413101859052177e-06 -0.00079485393566199839 -3.1826328294574471e-06 3.6131963513476795e-06 -2.3302076625547886e-06 -0.015904617272057268 1.4593537910037205e-06 1.7309327133314808e-05 1.1718241571034038e-08 -2.4342512132221099e-06 -0.0018296610564235772 -1.2337984748576155e-07 -0.00043183770480032538 -6.6816087507596703e-06 -1.1388204800827081e-06 3.7327110497387956e-05 0.00017051034151226524 1.6105903559697412e-05 -0.0017171824299509887 -5.5521598261641767e-06 9.4379620080758977e-09 0.00061787814465562069 0.00099494105593037345 -5.841939054471757e-06 1.5100479169592884e-08 -0.00027397372286691444 0.00081752957071845296 4.9771849676720958e-08 -0.00013752671721726774 -1.1987965854431577e-05 1.7221739969339895e-05 3.9075065714515749e-08 -1.0632544467924403e-05 0.0020465406150796763 4.9406141670903759e-06 0.00083716170409479582 0.00053277985237789899 -1.3591218527694192e-06 -2.3519817241748774e-06 -8.738239121437994e-05 6.1613669009768422e-06 0.0030217668335572835 0.0011905015589030693 -0.029596899242656207 -0.0010265270267316013 -0.0010510661137233344
leaf_weight=27 24 20 26 37 20 24 22 21 21 30 21 21 20 38 32 20 32 26 21 20 24 31 21 31 20 29 20 20 36 22 30 23 21 20 29 20 36 29 31 39 22 21 25 22 20 27 23 35 20 22 32 20 20
leaf_count=27 24 20 26 37 20 24 22 21 21 30 21 21 20 38 32 20 32 26 21 20 24 31 21 31 20 29 20 20 36 22 30 23 21 20 29 20 36 29 31 39 22 21 25 22 20 27 23 35 20 22 32 20 20
internal_value=-8.06452e-05 0.000763098 -0.000481081 0.001 0.00174312 0.00227273 -0.00047619 -0.000310668 -8.42697e-05 0.000236364 -0.0014539 -0.000365854 0.000737705 0.000403846 0.000691244 -0.000328467 -0.00117284 -0.0025 0.000177665 -0.00057377 -0.000744681 -0.000137615 0.00276316 0.00166667 0.00207317 -0.00104651 0.00116162 0.000924528 0.00120408 0.000885167 0.000384615 -0.000263158 -0.000934066 -8.19672e-05 0.000641026 0.00125 -0.00176923 0.00141791 0.00235849 -0.00158228 0.00375 0.00267442 0.00148148 0.00214286 0.000121951 -0.002 -0.00104651 0.0014 0.00209091 0.00127907 -0.0029661 -0.00275 -0.00369565
internal_weight=1364 439 925 415 218 176 42 853 712 550 141 82 61 520 434 137 162 72 197 122 141 109 152 72 41 86 297 265 245 209 156 114 91 61 78 40 65 67 53 79 80 43 54 42 41 70 43 75 55 43 59 40 46
internal_count=1364 439 925 415 218 176 42 853 712 550 141 82 61 520 434 137 162 72 197 122 141 109 152 72 41 86 297 265 245 209 156 114 91 61 78 40 65 67 53 79 80 43 54 42 41 70 43 75 55 43 59 40 46
is_linear=0
shrinkage=0.005


Tree=7
num_leaves=54
num_cat=0
split_feature=3 7 60 72 81 72 91 38 83 38 40 91 60 19 22 20 36 67 46 28 33 68 78 81 8 21 24 78 13 43 99 41 68 7 25 8 11 21 13 67 67 5 25 40 67 16 46 67 67 98 38 3 60
split_gain=13.06 11.9669 11.7338 14.5329 12.6567 12.4714 9.04172 9.02394 8.79154 8.75782 8.7216 8.10469 8.07464 7.42737 7.28067 8.24648 7.77316 6.33153 8.38667 7.92948 8.54823 7.87731 7.83699 7.33359 9.91308 9.02894 8.82461 7.23996 11.2226 6.31321 6.13113 6.44235 5.90648 8.23595 8.37934 8.09491 5.7035 5.63353 5.58072 5.4214 5.95893 5.37103 9.52881 5.60667 4.62857 4.60783 4.45455 3.83449 3.80581 3.50303 3.12 1.6 1.10929
threshold=15860.650000000003 17.625000000000004 1499.4500000000003 1361.0500000000002 3739.1029556432354 1285.0135000000002 31370.442512500002 5.5750000000000011 1678.1000000000006 5.5750000000000011 135.25000000000003 30394.618075000002 1.0020000000000002 793.90000000000009 89.750000000000014 716.05000000000007 82.250000000000014 26617.400000000005 101.18500137329103 25.525000000000002 98.250000000000014 889.95000000000016 426.73918750000007 3486.0098714538781 398.60444444444448 28.025000000000002 6.9750000000000005 498.94161111111117 10020.300000000001 74.034999847412124 0.13541666666666671 59.250000000000007 888.66700000000003 1014.6900000000002 56.750000000000007 411.59644736842114 39249.350000000006 18.675000000000004 3804.2000000000003 35625.700000000004 33112.05000000001 2188.8200000000002 49.250000000000007 120.75000000000001 32852.55000000001 6233.4000000000005 104.63000106811525 31886.800000000007 25155.500000000004 0.62847222222222232 6.0750000000000011 14281.900000000001 1256.0785000000003
decision_type=2 2 2 2 2 2 2 2 2 2 2 2 2 2 2 2 2 2 2 2 2 2 2 2 2 2 2 2 2 2 2 2 2 2 2 2 2 2 2 2 2 2 2 2 2 2 2 2 2 2 2 2 2
left_child=2 -2 3 17 38 8 7 30 -4 10 -3 14 -6 50 16 -16 49 21 23 37 22 -1 -21 25 -25 -19 36 28 -22 -14 31 -7 35 34 -34 -28 -26 -20 -5 40 47 -11 -43 -44 -15 52 -30 -29 -23 -9 -10 -18 -31
right_child=1 9 5 4 12 6 -8 11 13 41 -12 -13 29 44 15 -17 51 18 19 20 27 48 -24 24 26 -27 32 39 46 45 -32 -33 33 -35 -36 -37 -38 -39 -40 -41 -42 42 43 -45 -46 -47 -48 -49 -50 -51 -52 -53 -54
leaf_value=-2.7170315518680887e-06 0.0013197820681685605 4.3866062038815421e-08 -7.3524715589266454e-06 0.00046656765151406056 -0.00057186059864315793 0.00082431322962912281 -7.9391151809079019e-06 -0.0010309763025499851 0.0020274436210242345 2.4948000588760328e-07 -3.6132667878063955e-05 0.0004312609623604166 -0.00039404341099664254 0.0014238144166539004 -7.5659283595185016e-05 0.00036727960006753524 -0.0016431888149004651 -0.0010870032826057177 4.0383728470097794e-06 3.0205641393367885e-08 -4.0262459100963961e-06 9.687347709208125e-06 -1.138042724461471e-05 -0.0015887616682397107 -4.1623046655366346e-06 0.015842696088271956 1.1508981868220078e-05 0.00015092574143309585 -1.2017397061154395e-06 -0.030551695588942839 -4.3155235311725079e-06 0.0001409593411450121 -0.0020496878842396417 -0.00044174004998697824 0.0003220204430144995 -3.4085005350963057e-09 -8.6354976199363154e-08 0.00035928615905837335 -0.001412308185626273 -4.4150116871333587e-08 0.0022830953066783973 -2.4694200322695648e-05 0.00032111936282237504 4.9061506580025393e-09 -4.0625743711812364e-06 -0.0020818465008571345 4.8519049734585e-06 -2.2880678556024667e-06 0.0015527272852802296 0.00011367879840945444 0.0012685713937065652 -0.0008443303365014927 -0.0017692945486726108
leaf_weight=25 23 29 28 20 29 22 36 20 26 23 23 22 24 24 22 29 20 30 27 22 26 20 36 32 25 26 30 22 22 36 32 36 22 20 21 28 28 30 21 20 26 22 25 24 21 26 22 21 21 24 24 20 31
leaf_count=25 23 29 28 20 29 22 36 20 26 23 23 22 24 24 22 29 20 30 27 22 26 20 36 32 25 26 30 22 22 36 32 36 22 20 21 28 28 30 21 20 26 22 25 24 21 26 22 21 21 24 24 20 31
internal_value=-8.79765e-05 0.00121302 -0.000271967 -0.000627376 -0.00184492 0.000418719 -0.000159011 0.000182186 0.00174797 0.000684932 -0.000961538 -0.000541401 -0.00253425 0.00247368 -0.001 0.000490196 -0.00190476 -0.000249169 -0.000429104 0.000182482 -0.000253456 0.00121212 -0.00189655 -0.0010687 -0.00150485 0.000535714 -0.00103448 0.000345912 -0.000857143 -0.00311966 0.00144444 0.00241379 -0.000289256 -0.00134921 -0.000116279 0.000862069 -0.00273585 0.00184211 0.000609756 0.00129213 0.00195652 0.00159574 0.000915493 0.00214286 0.001 -0.00370968 0.000681818 0.000813953 0.00256098 -0.000454545 0.0038 -0.0035 -0.00440299
internal_weight=1364 169 1195 789 187 406 283 247 123 146 52 157 146 95 135 51 84 602 536 274 217 66 58 262 206 56 174 159 70 117 90 58 121 63 43 58 53 57 41 89 69 94 71 49 45 93 44 43 41 44 50 40 67
internal_count=1364 169 1195 789 187 406 283 247 123 146 52 157 146 95 135 51 84 602 536 274 217 66 58 262 206 56 174 159 70 117 90 58 121 63 43 58 53 57 41 89 69 94 71 49 45 93 44 43 41 44 50 40 67
is_linear=0
shrinkage=0.005


Tree=8
num_leaves=51
num_cat=0
split_feature=64 72 19 46 72 8 62 2 80 17 25 78 8 3 92 35 92 31 1 79 31 25 97 44 83 24 8 11 19 11 35 17 89 41 69 11 19 31 69 27 17 83 19 89 34 3 27 78 21 41
split_gain=9.53286 15.0429 13.1787 11.508 12.9244 10.5888 10.0132 9.33797 8.71914 11.0901 10.9059 10.3251 8.06409 11.0333 8.00128 7.71675 9.21818 10.1879 9.9305 7.64641 8.29648 11.6883 9.89011 8.50694 8.11385 7.51578 7.39434 9.84548 7.34783 8.8643 7.05575 6.92091 6.99081 6.6749 6.49472 6.01667 5.64818 4.9 4.8962 4.63108 4.02588 3.79665 3.79 6.75983 5.75568 3.51054 3.41759 2.57198 2.45125 2.1
threshold=1150.2500000000002 1558.9120000000003 1235.4000000000003 104.08499908447267 1101.3500000000001 416.63022048364161 927.11450000000013 2597.5000000000005 41859.182291666679 13.950000000000001 238.75000000000003 806.66815277777789 414.79644736842107 14844.900000000001 24587.522081250008 25.875000000000004 21082.637550000007 3.6250000000000004 14931.1 652.48210789594395 10.275000000000002 162.25000000000003 0.17708333333333334 2.9344999790191655 1901.7999999999995 6.7250000000000005 405.44100793650802 36098.850000000006 852.70000000000016 38294.400000000001 26.575000000000006 50.850000000000001 1213.00554375 67.250000000000014 35139.200000000004 38748.500000000007 109.90000000000002 9.8250000000000011 29805.600000000002 84.250000000000014 68.100000000000009 1853.0499999999995 1979.3000000000002 1262.0158687500002 49.750000000000007 15348.200000000003 80.750000000000014 467.61490972222231 26.675000000000004 74.250000000000014
decision_type=2 2 2 2 2 2 2 2 2 2 2 2 2 2 2 2 2 2 2 2 2 2 2 2 2 2 2 2 2 2 2 2 2 2 2 2 2 2 2 2 2 2 2 2 2 2 2 2 2 2
left_child=3 2 19 4 8 37 15 -4 9 26 11 30 28 42 35 -5 -17 -18 46 20 21 22 -2 -24 -25 -20 27 36 45 -30 31 -11 -33 -32 -27 -9 -1 49 -13 48 -37 -22 43 44 -14 -3 -19 -41 -35 -6
right_child=1 12 7 6 5 -7 -8 14 -10 10 -12 38 13 -15 -16 16 17 18 25 -21 41 -23 23 24 -26 34 -28 -29 29 -31 33 32 -34 39 -36 40 -38 -39 -40 47 -42 -43 -44 -45 -46 -47 -48 -49 -50 -51
leaf_value=-1.1611534980284039e-05 0.0010834058859107041 -2.6888314438910429e-06 -0.00015323616643380698 -1.7742718104593249e-05 -0.0022532883521041605 1.4511009196618028e-05 0.00031951376600826317 0.00086057924632812173 1.1798858386168099e-07 -6.3556778516643584e-08 0.0030943712264436562 -0.00044171171461267021 -4.5719603319217343e-06 0.00018681680008530939 0.0013563371037224276 -4.1638832174862889e-06 0.0013857574464987176 -5.1446221575746564e-06 -5.8284551952619752e-07 -1.2702594536436139e-06 0.00050595100911990821 0.0016609240378748433 -5.5759939016714319e-05 0.0017939053059993579 -0.00016873463299207816 1.2046593675394848e-05 0.00058459829532486133 -0.00025570004587176936 2.6173424134594115e-06 -0.00074640315451406623 5.5973942028091744e-09 8.1514555240920257e-06 -2.3043205366676343e-08 -7.072322682906221e-06 1.4888722448460658e-08 -7.8511704545190653e-06 0.00071736673444970504 -0.0025392064926123216 -0.0024613325612620504 -4.9686683949136308e-06 1.7370230002560974e-05 0.0011989589163093615 0.00043495678454667899 7.8646319023328404e-05 -0.00099602513957739326 -4.0716757797020258e-05 -3.0524674573664034e-08 6.6985069005827355e-11 -4.5625644541289448e-06 -0.0013735098763086146
leaf_weight=21 26 22 31 38 28 23 39 20 21 26 30 23 35 20 24 33 22 23 20 34 24 28 36 35 29 27 20 22 24 22 23 26 27 22 20 31 30 36 37 23 29 33 28 20 31 24 20 22 24 32
leaf_count=21 26 22 31 38 28 23 39 20 21 26 30 23 35 20 24 33 22 23 20 34 24 28 36 35 29 27 20 22 24 22 23 26 27 22 20 31 30 36 37 23 29 33 28 20 31 24 20 22 24 32
internal_value=-0.000153959 0.000313531 0.000921053 -0.000527704 -0.000949612 -0.00239496 0.000371901 -0.000333333 -0.000516373 -0.000691489 -0.00118375 -0.00152174 -0.000707965 7.46269e-05 0.000384615 -7.38916e-05 0.000393939 0.000984848 0.000363636 0.00161224 0.00196682 0.00136364 0.000714286 0 0.00109375 0.00156716 0.000806452 6.84932e-05 -0.00184783 -0.000434783 -0.000958549 0.000189873 0.00122642 -0.00175439 0.00265957 -0.000375 0.00127451 -0.003125 -0.00333333 -0.00236264 -0.00116667 0.00359649 -0.000526316 -0.00104651 -0.00181818 -0.00326087 -0.00151163 -0.00122222 -0.00347826 -0.004
internal_weight=1364 606 380 758 516 119 242 135 397 376 283 253 226 134 104 203 165 132 110 245 211 154 126 100 64 67 93 73 92 46 193 79 53 114 47 80 51 96 60 91 60 57 114 86 66 46 43 45 46 60
internal_count=1364 606 380 758 516 119 242 135 397 376 283 253 226 134 104 203 165 132 110 245 211 154 126 100 64 67 93 73 92 46 193 79 53 114 47 80 51 96 60 91 60 57 114 86 66 46 43 45 46 60
is_linear=0
shrinkage=0.005


Tree=9
num_leaves=51
num_cat=0
split_feature=96 81 30 68 1 25 75 32 71 70 88 70 70 64 32 4 14 71 30 80 80 24 14 23 71 89 83 89 24 38 35 88 5 16 25 24 24 89 80 78 36 88 68 87 5 43 3 82 38 5
split_gain=19.7623 12.998 11.9103 10.0888 8.2382 14.1981 9.0507 8.62105 8.21553 7.94163 13.0649 7.78087 9.39345 8.49898 7.56278 7.31433 9.45375 12.7059 9.07563 6.80431 11.5739 6.5155 6.18459 9.97085 9.05825 6.10424 5.96002 5.73678 7.14581 5.57231 6.33481 6.79323 5.39243 5.33333 5.0113 6.32218 7.48366 4.9572 8.40468 6.36672 6.31504 4.9017 4.43149 6.23371 4.32 4.02042 3.50831 3.41379 2.38095 1.71163
threshold=1.0000000180025095e-35 3486.0098714538781 82.750000000000014 1390.1885000000002 13926.85 88.250000000000014 478.0589815176711 269.75000000000006 1099.9500000000003 0.85550000000000004 12188.746249999998 1554.6185000000003 1.0025000000000002 1465.8170000000002 221.25000000000003 2530.7750000000005 14152.650000000003 1408.6660000000004 70.250000000000014 38467.45798611112 36770.98923611112 7.4250000000000016 20921.800000000007 63.750000000000007 0.99950000000000017 1440.55348125 1558.6000000000006 1227.0084937500001 11.975000000000001 3.7750000000000004 27.125000000000004 6426.2900000000009 7871.3700000000017 5880.2500000000009 84.750000000000014 7.075000000000002 12.725000000000001 1433.55200625 37627.223263888896 389.77854166666674 85.750000000000014 9482.9725000000017 1097.1170000000004 0.19791666666666671 6035.0400000000009 68.919998168945327 14468.950000000003 5.2034999999999636 4.8250000000000011 4446.6500000000005
decision_type=2 2 2 2 2 2 2 2 2 2 2 2 2 2 2 2 2 2 2 2 2 2 2 2 2 2 2 2 2 2 2 2 2 2 2 2 2 2 2 2 2 2 2 2 2 2 2 2 2 2
left_child=1 2 47 4 5 6 8 19 -3 22 29 12 -5 -13 34 18 49 21 -14 20 25 -18 23 -2 45 27 -4 28 42 -11 31 -31 -33 -27 35 -15 44 38 40 -39 -25 -9 43 -6 -37 -24 -23 -1 -44 -17
right_child=9 3 26 11 7 -7 -8 41 -10 10 -12 13 15 14 -16 16 17 -19 -20 -21 -22 46 24 37 -26 33 -28 -29 -30 30 -32 32 -34 -35 -36 36 -38 39 -40 -41 -42 -43 48 -45 -46 -47 -48 -49 -50 -51
leaf_value=0.002806539147185946 -3.1349887081824384e-06 0.00013927723266006731 -0.00013531770041860729 5.1617042699164507e-05 -6.0316282403683398e-06 -0.00030568435455980081 0.0007032579271067502 4.6788568142787302e-06 -0.00075778208957891181 -0.016604267381328069 8.5854117709168599e-06 0.00021555598919289722 0.00014062963199909807 -6.6203814703172996e-05 -1.4914974564007706e-06 -0.002473291393152078 -0.00018134390301203097 0.00036111548003167583 -0.0008981743942211006 1.1306314841341471e-05 -1.2543195897003122e-05 -0.030020155999218669 -1.5555852801622141e-08 1.5475955713558365e-05 5.8870468059084635e-09 0.00069731617469288908 1.7587168103301224e-05 -2.0264920145140907e-07 -5.7534464542911108e-06 0.00036912150134116973 -0.0012467332072905735 -0.0017257049951051654 -5.6911183977861179e-06 0.028284240365473393 0.00026343115523034486 0.00053230919033266425 -0.00018007200258336371 1.0915327270288968e-08 3.3185872589829225e-06 -2.6148198812222093e-06 -2.2538146940538095e-06 -1.7624285659068041e-05 0.0017997816976034939 1.8003644562907866e-05 -1.8587772387153076e-06 -4.9438250529390629e-06 -0.0012074351186186101 0.00053711625032228322 0.0010283820377569796 -0.0015192840103083432
leaf_weight=22 24 34 22 37 25 34 31 37 21 26 25 22 21 33 33 23 32 27 30 34 20 22 20 20 27 20 32 26 30 21 34 29 24 30 34 30 28 38 25 24 33 21 21 21 20 23 21 36 21 20
leaf_count=22 24 34 22 37 25 34 31 37 21 26 25 22 21 33 33 23 32 27 30 34 20 22 20 20 27 20 32 26 30 21 34 29 24 30 34 30 28 38 25 24 33 21 21 21 20 23 21 36 21 20
internal_value=-0.000109971 0.000272915 0.001875 6.40279e-05 0.000610329 -0.0005 0.000581395 0.00104575 -0.000636364 -0.00105598 -0.00191824 -0.000473441 -0.00109442 0.00025 -0.00011236 -0.00153061 -0.00210345 -0.00127451 9.80392e-05 0.00145161 0.0011215 -0.00233333 -0.000470085 6.09756e-05 -0.00171429 0.00149485 0.000185185 0.000972222 0.00144068 -0.00253731 -0.00203704 -0.00121622 -0.00216981 0.003 0.00037931 -0.000135135 0.000641026 0.000571429 0.00141026 -0.000483871 0.000283019 -0.000689655 0.00215909 0.00108696 0.0018 -0.00313953 -0.00360465 0.00344828 0.00333333 -0.00406977
internal_weight=1364 971 112 859 426 120 86 306 55 393 159 433 233 200 178 196 145 102 51 248 214 75 234 164 70 194 54 144 118 134 108 74 53 50 145 111 78 140 78 62 53 58 88 46 50 43 43 58 42 43
internal_count=1364 971 112 859 426 120 86 306 55 393 159 433 233 200 178 196 145 102 51 248 214 75 234 164 70 194 54 144 118 134 108 74 53 50 145 111 78 140 78 62 53 58 88 46 50 43 43 58 42 43
is_linear=0
shrinkage=0.005


Tree=10
num_leaves=53
num_cat=0
split_feature=93 60 68 93 0 76 92 30 36 29 20 37 73 74 36 56 68 94 86 97 0 30 46 67 87 71 30 30 76 76 88 37 94 22 40 90 46 73 31 73 0 65 20 77 76 24 97 74 31 3 70 24
split_gain=13.8391 10.2634 14.171 10.7083 12.1725 9.72109 10.0198 9.66517 9.30335 9.1348 9.06342 8.96044 8.08116 8.10382 7.86482 7.55954 7.42164 8.56441 7.0718 6.30367 8.58282 8.90227 9.21021 7.11759 6.45933 6.28375 6.20943 17.1631 6.15766 7.56307 6.08042 7.63899 6.89855 5.89091 7.27576 5.81818 5.71154 5.627 5.39042 6.70723 5.3741 5.23893 5.18426 4.40014 4.29196 4.27055 4.10871 3.93782 3.6 2.61905 1.9451 1.68592
threshold=392.9500000000001 1500.1820000000002 1104.9500000000003 404.34522619047624 33173.950000000004 28457.655208333337 34381.402400000014 99.750000000000014 85.250000000000014 89.750000000000014 825.20000000000016 71.750000000000014 967.25000000000011 752.4710729166668 87.250000000000014 -1.0000000180025095e-35 1341.2500000000002 562364.5653525003 880.30950000000018 0.32291666666666669 34183.750000000007 73.750000000000014 104.57500076293947 36071.850000000013 0.61458333333333337 1050.4615000000001 87.750000000000014 96.250000000000014 31601.369791666668 33722.146875000006 5229.8825000000006 81.250000000000014 632274.74505062529 84.250000000000014 103.75000000000001 1471.4500500000006 103.29500198364259 1.3660000000000003 8.6750000000000025 0.99950000000000017 32226.900000000005 27784.400000000005 269.00000000000006 3840.0919833557564 32890.289583333346 11.025000000000002 0.30208333333333343 1490.5771979166668 5.8750000000000009 15089.250000000002 686.34850000000017 7.7250000000000005
decision_type=2 2 2 2 2 2 2 2 2 2 2 2 2 2 2 2 2 2 2 2 2 2 2 2 2 2 2 2 2 2 2 2 2 2 2 2 2 2 2 2 2 2 2 2 2 2 2 2 2 2 2 2
left_child=-1 3 7 26 5 6 8 47 -5 28 15 18 19 48 49 37 17 -12 -11 20 -6 24 23 36 -22 -15 40 -28 30 44 31 -4 -32 -29 -35 -25 -23 -7 39 -19 41 42 -2 -31 -30 -45 50 51 -14 -13 -18 -3
right_child=1 2 9 4 12 10 -8 -9 -10 11 16 14 13 25 -16 -17 46 38 -20 -21 21 22 -24 35 -26 -27 27 33 29 43 32 -33 -34 34 -36 -37 -38 -39 -40 -41 -42 -43 -44 45 -46 -47 -48 -49 -50 -51 -52 -53
leaf_value=-0.0025256328675940928 1.3022554620489805e-05 0.0032578822135112956 -0.00055213010531396888 0.0010232401275681946 1.225862971984881e-05 2.0229073424259901e-06 -0.0011639395617772164 -2.3384117254833915e-06 -0.00056212067216899304 -0.00062670980252345387 2.747903479680128e-05 0.0020932690637344219 6.1326725766549603e-05 -0.00048557253738994686 -1.2014357187766776e-06 3.6984320542224976e-05 -0.031474884029635726 5.8576115718789211e-09 0.00025565376455519536 -1.4207010104251181e-06 -3.2200517899082478e-06 -7.6227080430529687e-06 7.6430730508944268e-05 -5.1446498661724263e-08 -1.3419748180295623e-08 0.00025164689506871772 -0.00060748018858185063 -8.0755319860284955e-05 -7.009565309247005e-06 7.7284012602082603e-06 -2.0138999922536125e-06 7.5236986113927605e-06 0.00078938413562166078 4.9404383510028317e-06 0.00071633815237794084 1.1314134454416104e-06 -4.9267898973034662e-07 -0.0022788786169721537 -0.00013705917461704611 -0.00014840846359797901 0.00077688533705042387 -0.00023439260520386254 0.00073376728055710193 -4.5535308057535929e-06 -0.0015201009965466448 1.1017282270143447e-06 -0.0006746182554305466 0.0012428522291112838 2.4354336743347595e-07 0.0020230715874071156 -0.029750259502483476 0.029821000036139769
leaf_weight=37 36 21 26 25 35 26 20 27 21 31 26 20 20 33 20 20 20 37 25 32 24 26 27 22 33 26 30 20 22 21 28 28 23 24 20 22 22 21 28 34 23 21 22 32 21 21 37 20 20 22 31 26
leaf_count=37 36 21 26 25 35 26 20 27 21 31 26 20 20 33 20 20 20 37 25 32 24 26 27 22 33 26 30 20 22 21 28 28 23 24 20 22 22 21 28 34 23 21 22 32 21 21 37 20 20 22 31 26
internal_value=-9.22509e-05 -7.58725e-06 0.00062212 -0.000316742 -0.000610465 -0.00127168 0.000454545 0.00234043 0.00173913 0.000147059 -0.00167857 0.00127119 5.84795e-05 0.00126263 0.00258065 -7.46269e-05 -0.0021831 -0.0014 -0.000178571 -0.000432099 -0.000118483 -0.000568182 0.000210084 -0.000543478 -0.00219298 8.47458e-05 0.000714286 -0.000212766 -0.00045045 -0.00123932 0.000428571 -0.000740741 0.00166667 0.00125 0.00227273 0.000909091 -0.001875 -0.00117021 -0.00207071 -0.00133803 0.00156863 0.000949367 0.00172414 -0.00027027 -0.00290698 -0.00103774 -0.00329545 0.00335821 0.003 0.00380952 -0.00421569 0.00414894
internal_weight=1355 1318 434 884 688 346 66 94 46 340 280 118 342 99 62 67 213 125 56 243 211 176 119 92 57 59 196 94 222 117 105 54 51 64 44 44 48 47 99 71 102 79 58 74 43 53 88 67 40 42 51 47
internal_count=1355 1318 434 884 688 346 66 94 46 340 280 118 342 99 62 67 213 125 56 243 211 176 119 92 57 59 196 94 222 117 105 54 51 64 44 44 48 47 99 71 102 79 58 74 43 53 88 67 40 42 51 47
is_linear=0
shrinkage=0.005


Tree=11
num_leaves=52
num_cat=0
split_feature=93 79 21 5 64 46 72 30 98 83 83 22 20 71 39 28 21 33 39 28 56 21 98 72 91 30 30 10 91 1 77 1 66 91 66 24 23 10 100 100 46 98 84 57 58 57 66 71 22 17 22
split_gain=13.6366 12.1171 11.0816 9.60617 11.2742 10.2864 12.5736 8.72143 8.4649 7.98106 12.7106 10.1819 8.94806 8.09593 7.68197 7.79846 7.64545 7.63296 7.79221 7.57343 7.48915 7.11169 6.98909 6.55728 6.22273 6.21579 5.81818 5.59963 5.39937 6.2657 5.80325 6.5045 5.33968 5.28079 5.24305 5.10417 5.01466 4.84269 6.58978 8.34454 4.4588 5.94443 4.32 4.29592 4.27111 4.06 3.9075 3.60668 2.5 2.30476 1.92358
threshold=392.9500000000001 619.75692165551743 29.875000000000004 3291.3550000000005 1299.8000000000002 106.68500137329103 1540.0555000000002 60.750000000000007 0.12847222222222224 2687.0499999999997 1708.6999999999991 90.750000000000014 841.05000000000007 337.61300000000006 114.25000000000001 29.775000000000002 26.075000000000006 60.250000000000007 160.25000000000003 26.675000000000004 1.0000000180025095e-35 23.725000000000005 0.11458333333333334 0.96500000000000008 24123.701043750003 69.750000000000014 99.250000000000014 33438.750000000007 32270.535662500002 15895.950000000003 4076.5077576887334 14127.300000000001 1503.4000000000003 28713.282918750003 1097.1170000000004 7.375 79.250000000000014 27472.000000000004 0.12847222222222224 0.031250000000000007 103.75999832153322 0.40625000000000006 540.71876041666678 -0.56174490092936669 1.0000000180025095e-35 -0.22252093395631442 967.25000000000011 1250.2500000000002 85.250000000000014 119.05000000000001 91.750000000000014
decision_type=2 2 2 2 2 2 2 2 2 2 2 2 2 2 2 2 2 2 2 2 2 2 2 2 2 2 2 2 2 2 2 2 2 2 2 2 2 2 2 2 2 2 2 2 2 2 2 2 2 2 2
left_child=-1 2 3 8 9 6 27 21 45 10 11 12 44 -11 -12 16 34 49 -19 -13 33 -3 42 -23 -14 -22 -26 37 29 30 31 -9 -20 -8 43 -32 -7 -6 39 50 -33 -42 -18 -16 -5 -2 -15 -29 -37 -10 -39
right_child=1 7 -4 4 5 36 20 28 17 13 14 19 24 46 15 -17 22 18 32 -21 25 23 -24 -25 26 -27 -28 47 -30 -31 35 40 -34 -35 -36 48 -38 38 -40 -41 41 -43 -44 -45 -46 -47 -48 -49 -50 -51 -52
leaf_value=-0.0025130047032561227 1.0940214207623184e-07 -0.0017503352345795385 0.0029032349363035058 0.0012130944553389532 0.00089835352804075929 6.8903078409355856e-06 -0.00051914750141483789 1.149240502080963e-05 -0.0010117150044108248 -2.7973958224878793e-08 -0.0013922393358717943 1.9144336830130734e-05 -7.4976866490179434e-05 0.00024150316440573646 -0.0014296867639521354 -2.8393088697737137e-06 9.2904581162741882e-08 3.3615203654725966e-05 -0.0017598510035085207 -0.00015536943234235512 0.00088339332092530381 -2.8046116411826819e-08 0.000244054306181745 0.00017312453129158151 -2.4926107896045924e-06 1.0962195858792729e-06 0.00015570370052859348 0.00068511912983241195 -4.4078346957552837e-06 1.0608964682976129e-05 -2.1536950321041507e-05 -0.0001146461438185813 -9.1782237613186851e-07 4.4996793741015773e-05 0.00033622353930597019 -0.0030507184378080953 -0.0014300524408712009 0.00040816301060869081 -2.6449227801084362e-05 0.0030093137819285068 7.1502561504122879e-07 -0.00059378866847049363 -1.4330536696762326e-05 -2.7445626524492603e-06 0.00032043898757910967 -5.4594743174651577e-08 1.1246345875102575e-05 0.032108926963286086 -0.00063587378694006933 -0.0010337646692571238 -0.00017033110941078693
leaf_weight=37 21 22 26 25 24 21 31 37 32 31 25 22 20 33 21 38 30 21 20 26 22 24 22 31 22 31 22 22 30 36 24 21 36 33 30 20 25 21 23 26 33 20 20 37 20 22 24 27 20 28 20
leaf_count=37 21 22 26 25 24 21 31 37 32 31 25 22 20 33 21 38 30 21 20 26 22 24 22 31 22 31 22 22 30 36 24 21 36 33 30 20 25 21 23 26 33 20 20 37 20 22 24 27 20 28 20
internal_value=-0.000114391 -3.0349e-05 0.00024 0.000154004 0.000390428 0.00110429 0.00146429 -0.000880503 -0.000888889 -0.000106838 -0.000421053 0.00066879 0.00151376 0.00125 -0.00118834 -0.000858586 -0.000375 -0.00149635 -0.000454545 -0.00125 0.000213675 0.000584416 0.000833333 0.00154545 0.0003125 0.00160377 0.00136364 0.00236196 -0.00134855 -0.00106635 -0.00145714 -0.000765766 -0.00142857 -0.0009375 -0.00136364 -0.00265625 -0.00108696 0.00175439 0.00122222 0.00201493 -0.00162162 -0.000849057 -0.0002 -0.00224138 0.00322222 0.00104651 0.00236842 0.00377551 -0.00375 -0.00283333 0.000609756
internal_weight=1355 1318 1000 974 794 326 280 318 180 468 380 157 109 88 223 198 160 137 77 48 117 77 72 55 64 53 44 163 241 211 175 111 56 64 88 64 46 114 90 67 74 53 50 58 45 43 57 49 40 60 41
internal_count=1355 1318 1000 974 794 326 280 318 180 468 380 157 109 88 223 198 160 137 77 48 117 77 72 55 64 53 44 163 241 211 175 111 56 64 88 64 46 114 90 67 74 53 50 58 45 43 57 49 40 60 41
is_linear=0
shrinkage=0.005


Tree=12
num_leaves=52
num_cat=0
split_feature=8 81 42 42 6 64 72 88 32 40 72 65 97 1 75 77 26 7 26 6 4 11 45 44 67 36 61 67 40 40 100 1 16 11 16 4 97 77 86 7 30 32 32 75 44 75 19 6 36 11 41
split_gain=14.6344 18.8745 8.90529 10.0255 9.60191 11.274 10.1273 9.00694 8.22034 8.30156 10.0278 7.83297 6.92366 6.0123 5.76686 5.7213 7.18417 7.71022 6.8591 8.05234 11.484 7.47482 7.25354 7.14922 7.11358 6.75 5.47735 9.04128 5.4658 8.36934 5.90397 5.44488 5.35731 8.66275 5.43903 5.08101 4.89855 4.60909 4.55027 6.81815 7.35538 4.51194 5.92581 4.46377 4.41084 4.38863 4.23345 3.95882 5.60769 7.50183 2.86202
threshold=393.23111111111115 3549.8498914240849 345.25000000000006 103.77500152587892 2802.1850000000004 1186.4845000000003 980.8850000000001 18297.073125000003 274.25000000000006 19.250000000000004 854.40500000000009 30054.300000000003 0.46875000000000006 14748.250000000002 546.25847906775459 2549.776923768261 1.2500000000000002 1858.9600000000003 6.2500000000000009 4643.3950000000013 4208.5550000000012 33942.80000000001 24015.000000000004 2.7894999980926518 31320.550000000003 88.750000000000014 30361.100000000002 32767.450000000001 48.750000000000007 73.750000000000014 0.17013888888888892 18839.715500000002 5983.1000000000013 38294.400000000001 4976.9000000000005 11654.240000000002 0.28125000000000006 3955.0865715615796 889.29650000000004 77.480000000000004 87.750000000000014 81.750000000000014 191.25000000000003 493.67373647313809 2.7565000057220463 268.13777763094657 773.55000000000007 3515.7950000000005 89.250000000000014 37699.150000000009 80.750000000000014
decision_type=2 2 2 2 2 2 2 2 2 2 2 2 2 2 2 2 2 2 2 2 2 2 2 2 2 2 2 2 2 2 2 2 2 2 2 2 2 2 2 2 2 2 2 2 2 2 2 2 2 2 2
left_child=13 38 3 4 -3 6 31 8 9 10 -5 -10 -12 -1 -4 -11 28 18 26 32 -21 -22 23 -23 -24 44 -18 -28 -17 30 -30 35 34 -34 -20 -6 -27 -19 39 40 -2 -7 -43 -13 -26 -8 -25 -31 49 -49 -42
right_child=1 2 14 7 5 41 45 -9 11 15 12 43 -14 -15 -16 16 17 37 19 20 21 22 24 46 25 36 27 -29 29 47 -32 -33 33 -35 -36 -37 -38 -39 -40 -41 50 42 -44 -45 -46 -47 -48 48 -50 -51 -52
leaf_value=-0.029015052514302808 0.0012512537338236153 -0.00012697047734290385 0.00074681302813135589 7.1491038671489952e-06 1.3333830309553176e-05 0.0016228694445281728 -0.0018094241406391837 -5.1185932956229778e-06 0.00016355550320821513 -0.00050196222608101448 -0.030140073050915178 6.9144144551347425e-06 6.8171270839103974e-06 -0.00050556175256343113 8.3710476905797426e-07 -0.0041639194325813807 0.001266238728645623 -5.0200307191879563e-07 -0.00022598437413298789 0.0032012895904236396 0.00012012455734234082 -0.00010678889306247126 -0.00014753860883150947 -0.00039554529832040692 -8.9814416730542931e-06 5.6960535774856227e-06 -1.4584715818356398e-05 2.48837852840999e-06 -0.00051655176390776373 -0.0010429981619851634 1.7444718129689304e-05 -4.0027031623976994e-07 5.2348659728246944e-06 -5.471941162674401e-06 -0.0026049608946468066 7.0914799628829452e-06 6.734378917664349e-05 -5.7249318269721376e-05 0.0015312026132460743 0.00013958717331669473 -0.00013708641895954045 0.00029857580306015807 0.00061245627554874142 -5.2156564495436077e-06 5.9416688470346584e-07 -0.00060434124628995218 8.2629899730001265e-06 -0.00016647049128281477 -0.015693662342998762 0.0001412477771987871 1.0322830774370232e-05
leaf_weight=23 39 32 27 24 34 26 20 25 26 22 22 23 26 22 30 27 26 20 20 30 23 20 33 20 22 23 30 37 29 31 21 28 30 34 23 31 27 24 29 31 21 35 23 21 26 26 21 28 20 24 20
leaf_count=23 39 32 27 24 34 26 20 25 26 22 22 23 26 22 30 27 26 20 20 30 23 20 33 20 22 23 30 37 29 31 21 28 30 34 23 31 27 24 29 31 21 35 23 21 26 26 21 28 20 24 20
internal_value=2.58303e-05 0.000122137 -8.54701e-05 -0.000184187 0.000686275 0.00105381 0.000179856 -0.00044289 -0.000354142 -0.000504587 0.00111111 0.00128571 -0.000208333 -0.00277778 0.00184211 -0.000672938 -0.000590433 -0.000276074 -7.86517e-05 -0.000397727 0.000102041 -0.000302326 -0.000625 -0.00204918 3.81679e-05 0.000714286 0.00112903 0.000373134 -0.00144444 -0.00107843 0.0006 0.00112903 -0.00154206 -0.000625 -0.00290698 0.00192308 0.002 -0.00227273 0.00185714 0.0013964 0.000625 0.0025 0.00172414 0 -0.000625 -0.00173913 -0.000853659 -0.0018932 -0.00125 -0.000384615 -0.000853659
internal_weight=1355 1310 1170 1113 255 223 139 858 833 763 72 70 48 45 57 691 669 489 445 352 245 215 192 61 131 98 93 67 180 153 50 93 107 64 43 65 50 44 140 111 80 84 58 44 48 46 41 103 72 52 41
internal_count=1355 1310 1170 1113 255 223 139 858 833 763 72 70 48 45 57 691 669 489 445 352 245 215 192 61 131 98 93 67 180 153 50 93 107 64 43 65 50 44 140 111 80 84 58 44 48 46 41 103 72 52 41
is_linear=0
shrinkage=0.005


Tree=13
num_leaves=53
num_cat=0
split_feature=8 81 34 34 21 16 27 33 36 24 8 77 71 38 19 11 34 81 16 89 95 29 88 40 33 7 73 77 81 24 5 34 35 71 35 8 69 13 42 26 11 40 24 24 81 34 61 40 21 5 3 3
split_gain=11.6656 10.594 9.38378 8.39305 10.334 11.7471 8.66885 8.37546 8.02442 12.0118 7.75485 8.17808 8.19203 6.52262 6.71004 6.46628 6.7837 6.40052 6.39499 6.86608 6.35504 7.72879 8.84785 6.30715 5.78696 6.38938 8.13998 7.49445 8.85742 7.6012 5.71311 7.53622 5.50556 5.40256 5.36162 5.09394 5.08663 4.84 4.7267 4.7192 4.41453 6.84106 5.88803 4.24808 3.99645 3.98207 3.90215 3.61507 5.13778 3.6 1.83203 1.6
threshold=392.9500000000001 3549.8498914240849 37.750000000000007 75.750000000000014 22.425000000000004 7136.9000000000005 20.250000000000004 45.250000000000007 90.250000000000014 7.9250000000000016 411.01440620782734 3756.2580031285147 968.68100000000015 4.2250000000000005 966.75000000000011 35448.100000000006 83.250000000000014 4248.6115381183427 3919.5000000000005 943.44875624999997 1.0000000180025095e-35 84.750000000000014 8051.7702083333343 139.25000000000003 1.2500000000000002 1425.2000000000003 687.30000000000007 3974.3217428056455 4232.5690205923138 8.5250000000000021 3060.6700000000005 67.250000000000014 26.125000000000004 1068.5770000000002 24.475000000000005 402.81496031746036 32446.850000000002 3173.4500000000003 138.12500000000003 101.75000000000001 37188.850000000006 66.750000000000014 5.4250000000000016 8.1750000000000025 4019.5764997003785 54.250000000000007 32859.500000000007 87.250000000000014 23.225000000000005 2539.4650000000006 13223.100000000002 13825.383500000002
decision_type=2 2 2 2 2 2 2 2 2 2 2 2 2 2 2 2 2 2 2 2 2 2 2 2 2 2 2 2 2 2 2 2 2 2 2 2 2 2 2 2 2 2 2 2 2 2 2 2 2 2 2 2
left_child=-1 20 18 6 23 8 7 33 10 32 15 36 13 -13 -15 35 -17 -16 -3 34 21 22 -2 38 -8 27 39 40 29 51 49 45 -10 -4 -20 -6 -12 -23 -5 -27 41 -26 -43 -44 -38 -32 -18 -42 -49 -30 -22 -29
right_child=1 2 3 4 5 -7 24 -9 9 -11 11 12 -14 14 17 16 46 -19 19 -21 50 37 -24 -25 25 26 -28 28 30 -31 31 -33 -34 -35 -36 -37 44 -39 -40 -41 47 42 43 -45 -46 -47 -48 48 -50 -51 -52 -53
leaf_value=-0.0023082632144668619 -5.1591182289813088e-05 -0.0034395049035065325 -0.0015988377158443008 -1.2247550721298661e-05 -0.0020535730074284402 4.6807380374529509e-05 0.00056358916317076843 6.9220949866545761e-05 1.4668453157989099e-06 5.0229611075630983e-05 -5.1230733868041341e-07 -8.9365344646890219e-06 -0.00046946208010587709 4.1116933764102702e-06 -4.2099116703825628e-06 -8.5190427003851717e-06 0.00060939399417099776 1.0519562521428027e-06 -0.00018318561415805293 -0.0021568971926681276 0.0013672457110713938 8.8610678140418935e-05 0.0016745543574587455 3.1847668321076011e-06 -4.2061680352704913e-06 -0.00070231782249416896 5.8675323400500369e-06 -0.0007542039020355881 4.5841509337646665e-06 1.2556378764581829e-05 0.0010029650721436662 -8.1750720673631127e-09 -0.00024651060625195545 -2.2852917564151233e-05 0.00033109344661196998 3.6057168876272173e-06 -1.5263611067713854e-05 0.0018282433721145341 -0.0023839013414588702 -4.9830651953309378e-10 0.0013774741524106579 -1.6528004443524148e-06 0.00096899583106977328 0.00026041920869687452 -0.00051813917137335684 0.0019819030197802609 1.0810830975121429e-05 3.6708522820666298e-05 0.00032096511038757499 -0.00069181819799744664 3.6418348084414803e-05 -8.0117836951401608e-05
leaf_weight=38 34 27 31 31 20 33 20 36 23 36 20 24 28 28 28 21 27 22 25 21 22 20 23 25 20 21 20 20 20 29 35 35 20 28 28 24 23 25 28 26 26 20 20 32 24 31 32 20 25 20 20 20
leaf_count=38 34 27 31 31 20 33 20 36 23 36 20 24 28 28 28 21 27 22 25 21 22 20 23 25 20 21 20 20 20 29 35 35 20 28 28 24 23 25 28 26 26 20 20 32 24 31 32 20 25 20 20 20
internal_value=9.9631e-05 0.000178436 2.13129e-05 0.000158582 -0.000299807 1.15473e-05 0.000585586 -0.000789474 -0.000225 0.00120253 -0.000576324 -0.00119289 -0.000461538 0.000196078 0.000897436 0.000403226 0.00125 -0.0002 -0.00143564 -0.000675676 0.00145833 0.000784314 -0.000438596 -0.00190476 0.000869565 0.00075 -0.000671642 0.00100536 0.000380952 -0.00108696 0.00109929 0.00173267 -0.000581395 -0.00194915 0.000283019 -0.00113636 -0.00261194 0.00233333 -0.00279661 -0.00180851 0.00180982 0.00108696 0.00180556 0.00269231 -0.00351064 0.00272727 0.00211864 0.00274648 0.00188889 -0.0005 0.00309524 -0.0025
internal_weight=1355 1317 1173 1072 517 433 555 95 400 79 321 197 130 102 78 124 80 50 101 74 144 102 57 84 460 440 67 373 210 69 141 101 43 59 53 44 67 45 59 47 163 92 72 52 47 66 59 71 45 40 42 40
internal_count=1355 1317 1173 1072 517 433 555 95 400 79 321 197 130 102 78 124 80 50 101 74 144 102 57 84 460 440 67 373 210 69 141 101 43 59 53 44 67 45 59 47 163 92 72 52 47 66 59 71 45 40 42 40
is_linear=0
shrinkage=0.005


Tree=14
num_leaves=54
num_cat=0
split_feature=8 6 79 72 7 78 35 79 16 31 3 16 6 74 8 98 78 8 72 14 19 31 19 74 6 0 11 81 35 71 76 71 43 28 0 56 0 77 31 98 31 29 13 31 31 11 14 3 90 43 81 78 2
split_gain=11.6026 12.0552 12.1525 9.21929 12.7496 11.3686 9.60832 8.88595 8.70741 8.60706 11.2677 10.1255 8.98196 8.60455 7.90915 12.9293 11.7052 9.55515 10.8636 11.0643 10.6747 10.7217 8.57507 8.51101 8.1 7.96331 7.34096 8.69112 6.92931 6.54201 6.42418 6.16846 5.68628 5.42219 5.988 5.33721 6.12944 6.47811 5.26753 5.22648 5.14853 7.57203 5.50367 4.99437 10.5146 5.54113 4.9 4.65671 4.26625 4.17517 4.08333 3.46382 0.409756
threshold=392.9500000000001 2854.0550000000007 640.3319849943573 1589.5590000000002 17.585000000000004 1182.9558506944447 27.175000000000004 648.47244489077104 4711.9500000000007 7.3250000000000011 13265.700000000003 6305.5500000000011 6499.2000000000016 1190.070135416667 415.61934210526323 0.39930555555555564 214.11903819444447 413.37847744360909 888.66700000000003 12891.000000000002 214.50000000000003 7.5750000000000011 1356.8500000000001 833.18327083333349 6122.4750000000013 38266.250000000007 34408.650000000009 3539.848954046407 25.475000000000005 899.63550000000009 37945.812500000007 1397.5500000000004 83.990001678466811 24.325000000000006 31709.600000000002 1.0000000180025095e-35 34485.80000000001 3874.1540907108601 4.7250000000000005 0.5590277777777779 8.1750000000000025 87.250000000000014 3525.6000000000008 5.9750000000000005 4.5250000000000012 41839.900000000001 17564.100000000002 14485.400000000001 1819.1344500000005 83.43500137329103 4179.9661103829594 448.35056250000008 2653.3000000000006
decision_type=2 2 2 2 2 2 2 2 2 2 2 2 2 2 2 2 2 2 2 2 2 2 2 2 2 2 2 2 2 2 2 2 2 2 2 2 2 2 2 2 2 2 2 2 2 2 2 2 2 2 2 2 2
left_child=-1 8 3 5 -5 14 13 -4 -2 10 -9 12 -12 -6 17 16 -16 18 19 -3 -20 38 24 25 -23 29 27 -7 -11 43 32 33 -19 34 -28 36 37 -10 -22 -39 42 -42 -15 44 45 -21 -45 -30 52 -37 -35 -18 -33
right_child=1 2 7 4 6 26 -8 9 35 28 11 -13 -14 40 15 -17 51 30 20 23 21 22 -24 -25 -26 -27 31 -29 47 -31 -32 48 -34 50 -36 49 -38 39 -40 -41 41 -43 -44 46 -46 -47 -48 -49 -50 -51 -52 -53 -54
leaf_value=-0.0022967218983945274 -0.0010424220334439294 0.028592002239092064 -8.9850236532696721e-06 1.8377437927975889e-05 -0.0013983562586003518 0.00052197825670870451 -0.00097344559250588732 0.00051653591737734145 5.7751893789777026e-06 1.2605949915465354e-05 -0.0011926201503543634 0.00072820890449743793 3.260117525119763e-07 -0.0022716163413225121 -2.0043068077458443e-07 -0.00011595545545660301 8.1109949670322008e-05 -4.5890716964760152e-06 -0.0020274197129934437 1.181749422906495e-05 5.810765932500663e-07 0.00040865416251088007 -0.030085972907991344 -8.2154350976062015e-05 -0.029592463007821243 -1.5411326218763315e-07 -4.058182655014326e-05 -3.2001264984326264e-05 -0.0013422204469354145 0.00047777332148196959 2.3164069344165524e-08 0.0031772740081014296 -0.0010302705873984337 0.00018855354293592712 0.00096366657693491733 -1.4310118531606227e-05 9.048967874136708e-06 -3.024743252559454e-07 0.0014488586453755439 -0.0022667835446350914 -9.637282948476858e-06 0.00029673681929552457 1.0672091866443079e-06 0.00017879407506481214 -4.5326065360405886e-06 7.4091508050415773e-08 0.00011703128298049263 -1.9790440366631079e-06 0.0011619289714050523 -1.7941958138517184e-07 0.00096556298726595941 0.00015049182153969691 0.0014347108371914525
leaf_weight=38 32 22 26 34 26 25 22 20 25 22 23 22 38 23 26 20 26 20 35 22 22 20 22 38 20 28 21 37 35 20 23 20 29 24 26 21 23 20 20 21 28 29 21 20 20 20 20 29 26 22 24 38 21
leaf_count=38 32 22 26 34 26 25 22 20 25 22 23 22 38 23 26 20 26 20 35 22 22 20 22 38 20 28 21 37 35 20 23 20 29 24 26 21 23 20 20 21 28 29 21 20 20 20 20 29 26 22 24 38 21
internal_value=9.22509e-05 0.000170843 0.000351258 0.000597015 -0.000409836 0.00084106 -0.00104027 -0.00072093 -0.00109756 -0.000343915 0.000631068 -0.000180723 -0.00122951 -0.000511811 0.000442561 0.00163636 0.00244444 0.000130641 0.000472779 0.00119048 -0.000611511 0.000192308 -0.00112903 0.000797872 0.00025 0.00133333 0.00178571 0.000322581 -0.00151163 0.00188525 -0.00152778 0.00234568 -0.00255102 0.00152632 0.000319149 -0.000530303 0.000168539 -0.000606061 0.00214286 -0.00182927 0.000148515 0.00114035 -0.00113636 0.00137255 0.000483871 0.00190476 0.00275 -0.00234375 0.00350746 -0.00197674 0.00270833 0.00359375 0.0045122
internal_weight=1355 1317 1153 938 183 755 149 215 164 189 103 83 61 127 531 110 90 421 349 210 139 104 62 188 40 150 224 62 86 122 72 162 49 95 47 132 89 66 42 41 101 57 44 102 62 42 40 64 67 43 48 64 41
internal_count=1355 1317 1153 938 183 755 149 215 164 189 103 83 61 127 531 110 90 421 349 210 139 104 62 188 40 150 224 62 86 122 72 162 49 95 47 132 89 66 42 41 101 57 44 102 62 42 40 64 67 43 48 64 41
is_linear=0
shrinkage=0.005


Tree=15
num_leaves=53
num_cat=0
split_feature=6 34 96 77 68 2 2 77 36 10 23 68 76 10 20 1 29 36 34 2 90 24 24 63 33 10 82 2 82 39 14 90 25 90 2 34 36 17 77 17 82 39 5 2 29 90 2 21 44 74 2 14
split_gain=12.4997 9.7632 8.60967 11.5569 10.4947 10.0292 8.27247 8.11263 8.15409 8.10023 7.40741 7.02978 11.059 10.4727 11.094 9.46545 9.29649 6.89986 6.5913 6.52542 9.0084 7.50012 7.32814 6.42267 7.7693 8.19251 12.9845 6.59474 6.33798 9.94419 8.90947 10.1522 6.2929 5.45178 5.33795 5.16676 6.31015 5.0381 4.86 7.99526 7.41758 6.65423 4.82857 4.65455 4.69866 4 3.27273 3.04082 2.96838 2.91382 2.81069 0.9
threshold=3242.9000000000005 116.25000000000001 1.0000000180025095e-35 3283.891832300641 1341.2500000000002 2335.1000000000004 2223.0000000000005 3437.7805464929329 77.250000000000014 37450.850000000006 99.750000000000014 1422.5025000000003 33433.665625000009 30216.200000000004 2001.4000000000003 14144.550000000001 89.250000000000014 67.750000000000014 62.250000000000007 3434.4775000000004 3371.2969500000004 11.275000000000002 13.825000000000001 27096.800000000007 23.250000000000004 39225.600000000006 192.06899999999999 2814.7500000000005 -39.016499999999944 221.25000000000003 17313.400000000005 1272.7732500000004 209.25000000000003 1080.3051000000003 2546.4915000000005 77.750000000000014 86.250000000000014 136.85000000000002 3766.3513455451694 156.05000000000004 -0.019000000000000013 175.75000000000003 4712.9900000000007 2959.8500000000008 86.250000000000014 1434.1981500000004 2787.8500000000004 15.325000000000001 2.1705000400543217 675.90877083333351 2981.3000000000006 10828.900000000001
decision_type=2 2 2 2 2 2 2 2 2 2 2 2 2 2 2 2 2 2 2 2 2 2 2 2 2 2 2 2 2 2 2 2 2 2 2 2 2 2 2 2 2 2 2 2 2 2 2 2 2 2 2 2
left_child=6 2 3 32 19 10 -1 -7 17 -3 -5 16 13 46 15 -15 28 -9 47 20 21 38 -23 -8 -25 26 27 -26 50 30 45 -32 33 -2 -35 36 -14 -28 40 41 -4 -40 -18 44 -36 -30 -13 -19 51 -43 -10 -29
right_child=1 9 4 5 -6 7 23 8 11 -11 -12 12 35 14 -16 -17 42 18 -20 -21 -22 22 -24 24 25 -27 37 48 29 -31 31 -33 -34 34 43 -37 -38 -39 39 -41 -42 49 -44 -45 -46 -47 -48 -49 -50 -51 -52 -53
leaf_value=-0.0034355464151487659 0.00057960592721810012 -0.00013119201562694988 -0.00014201385589066192 -0.0023531332574500963 -0.031145370170477939 -0.00020846792903233278 6.723134382326585e-06 9.4149287653626037e-07 -6.607732980418447e-06 7.5374639852606447e-07 1.0021828271161231e-05 -0.0020375765135747757 -3.0609901866506847e-05 -4.6928847669246057e-07 -0.0017548287776883136 0.00051599808886267627 0.0012573776835644349 0.00058803178432144875 3.3093783441763825e-05 -1.9691488164797925e-06 -3.3915964138665019e-06 -0.0028288164269872642 2.1847286591193203e-05 -0.0011380587499058179 -1.2355264800914126e-05 -5.8021203416338694e-07 -0.00083030952348944731 1.2585785234086585e-06 0.0019195526753168822 0.00083034444546343177 -5.2010281184263656e-05 3.5827927768280546e-06 0.0033622641065727066 0.0012443614506906222 -0.00077817496223046856 -1.9064107094152518e-05 1.3782497856953616e-05 -5.8341329207820144e-06 8.37432880483596e-06 6.8139660394763964e-06 4.1128229595338574e-05 -7.8361953435548684e-07 0.002299368782279008 0.00092614078480893734 2.4091299736298843e-06 -3.2567961565140312e-06 -2.0752578091224725e-06 0.001484439623762921 0.00029801519103770746 1.5259403853087226e-07 -0.00013880772730021524 5.4297244771012429e-06
leaf_weight=20 37 34 28 27 22 25 29 39 20 21 27 22 23 20 22 39 28 22 28 39 27 22 20 33 25 29 20 20 25 37 21 29 25 35 21 24 26 28 21 34 26 21 35 20 23 20 22 32 21 20 21 20
leaf_count=20 37 34 28 27 22 25 29 39 20 21 27 22 23 20 22 39 28 22 28 39 27 22 20 33 25 29 20 20 25 37 21 29 25 35 21 24 26 28 21 34 26 21 35 20 23 20 22 32 21 20 21 20
internal_value=0.000105455 0.000327434 0.000432558 0.000698113 -0.000321429 0.000394322 -0.000918367 0.000586207 0.000711712 -0.00172727 -0.00166667 0.000391705 -0.00030303 0.0006 0.00166667 0.00279661 0.000974576 0.0018595 0.00268293 -3.87597e-05 0.000296804 0.000677083 -0.00119048 -0.000644444 -0.000969388 -0.000521472 0 0.00116279 0.000375723 0.000909091 5.26316e-05 -0.0014 0.00189441 0.00147059 0.000858586 -0.00184932 -0.000918367 -0.00208333 0.0012 0.001875 0 0.000806452 0.00261905 0 -0.000909091 0.00166667 -0.00136364 0.0037037 0.00204918 -0.000365854 -0.00134146 0.00125
internal_weight=1375 1130 1075 795 280 634 245 580 555 55 54 434 198 125 81 59 236 121 82 258 219 192 42 225 196 163 134 86 173 132 95 50 161 136 99 73 49 48 150 96 54 62 63 64 44 45 44 54 61 41 41 40
internal_count=1375 1130 1075 795 280 634 245 580 555 55 54 434 198 125 81 59 236 121 82 258 219 192 42 225 196 163 134 86 173 132 95 50 161 136 99 73 49 48 150 96 54 62 63 64 44 45 44 54 61 41 41 40
is_linear=0
shrinkage=0.005


Tree=16
num_leaves=54
num_cat=0
split_feature=72 66 75 80 1 13 80 70 83 11 41 39 23 8 82 66 66 84 77 41 91 46 97 97 22 73 56 76 24 90 1 26 22 42 31 79 90 85 39 70 19 25 10 29 97 66 26 1 31 75 11 82 11
split_gain=13.6834 14.1119 9.70404 9.00577 9.90635 9.81818 8.88961 8.78336 8.63821 8.25873 11.6364 8.84885 8.18666 13.8783 11.41 9.86736 9.66224 8.08932 8.03816 7.17583 7.12119 6.96335 7.79924 9.3645 8.86341 8.32223 7.60773 9.0665 6.41568 6.69319 6.3325 11.0553 6.45516 6.19286 6.48214 6.17143 5.99499 6.93188 5.69911 5.50894 5.50556 5.4961 5.42625 4.90218 4.77113 4.55477 4.4086 5.10417 3.59864 2.61673 2.5 2.2881 1.09394
threshold=1368.6500000000003 1.0000000180025095e-35 500.01900851513028 28636.296180555561 13926.85 5499.0500000000002 31691.458680555555 1509.0000000000002 1723.1499999999999 37060.55000000001 59.250000000000007 160.25000000000003 38.750000000000007 392.9500000000001 -0.045499999999999978 1022.0265000000001 1541.7500000000002 1177.4658229166669 4295.665152401968 57.250000000000007 30726.665450000008 90.680000305175795 0.76041666666666685 0.94791666666666685 94.250000000000014 1150.2500000000002 1.0000000180025095e-35 30120.979166666668 10.175000000000002 1508.7019500000004 15341.700000000003 34.750000000000007 90.250000000000014 108.87500000000001 5.4750000000000005 395.551123353994 2887.0222500000004 1067.4035000000001 164.25000000000003 1509.0000000000002 1047.6500000000003 25.750000000000004 31871.900000000005 85.250000000000014 0.26041666666666669 1509.9500000000003 30.750000000000004 16448.346500000003 5.7750000000000012 529.55941097223706 41839.900000000001 -204.86749999999992 37446.650000000001
decision_type=2 2 2 2 2 2 2 2 2 2 2 2 2 2 2 2 2 2 2 2 2 2 2 2 2 2 2 2 2 2 2 2 2 2 2 2 2 2 2 2 2 2 2 2 2 2 2 2 2 2 2 2 2
left_child=1 2 36 5 6 41 17 9 42 35 -11 -12 15 -14 16 52 18 -5 19 -15 -17 -16 24 -24 25 26 28 -28 33 -30 31 32 -10 -23 -35 -6 37 -1 49 -19 -13 -2 -9 44 48 -32 -4 -48 -40 -21 -49 -20 -3
right_child=3 12 46 4 7 -7 -8 8 30 10 11 40 13 14 21 20 -18 39 51 38 -22 22 23 -25 -26 -27 27 -29 29 -31 45 -33 -34 34 -36 -37 -38 -39 43 -41 -42 -43 -44 -45 -46 -47 47 50 -50 -51 -52 -53 -54
leaf_value=-7.2790366210419021e-08 -0.00094989775510755494 0.016065723743156984 -7.2737952702611683e-08 -0.016097430099162549 -0.0005916807500333859 -0.00022903463238786145 -0.029298265483077644 8.51698584459671e-06 -0.0010645782511586046 -0.0014760540710676809 0.00013258066829867617 3.1030684890165154e-06 -0.028759419702591816 -0.00085129531851809467 -0.00024867496779850014 -2.0905675869807051e-05 0.0029456683454381592 0.00015691040001344705 -1.3569777229407621e-05 6.7798962092790146e-06 0.0018258147697381281 -2.5555326176001008e-06 -0.00015574000470876752 0.00019904670833581516 0.016178850872279073 0.00032609436806794166 0.0011973846697639035 -1.5463496417679066e-05 4.3594544954959999e-05 0.00053283111637995775 -9.6899345651647785e-07 0.00027711276498077359 0.00024650607012976594 0.0016481083110901817 1.1617841480806008e-06 -0.0012788175319227166 -1.5286779950570707e-06 4.8680595913566751e-06 -4.148146716773711e-06 -0.00050468771669863694 -0.00054799665430332314 0.00064603135148764773 0.00063322069078693144 0.00028165534303673212 -6.5194881184030228e-06 -1.4307813268170185e-05 -2.0860695030659032e-06 -1.5794221373059941e-06 4.4254907416620456e-06 9.9717191298054258e-06 -5.060301369003964e-06 -0.000517971424143296 0.0034633277953998801
leaf_weight=30 20 24 30 22 21 20 33 25 25 33 23 23 23 24 30 28 29 20 20 22 25 24 22 20 26 38 24 38 22 35 20 24 27 24 32 35 20 37 21 21 20 35 21 31 20 27 24 20 28 21 20 28 20
leaf_count=30 20 24 30 22 21 20 33 25 25 33 23 23 23 24 30 28 29 20 20 22 25 24 22 20 26 38 24 38 22 35 20 24 27 24 32 35 20 37 21 21 20 35 21 31 20 27 24 20 28 21 20 28 20
internal_value=6.90909e-05 0.000443182 -0.000801105 -0.00059596 -0.000880952 0.001 -0.00229167 -0.000462963 0.000325444 -0.00132258 -0.000454545 0.000757576 0.000765379 0.000548173 0.000699482 0.0021134 -0.000122951 -0.00119048 -0.000488372 2.99401e-05 0.000660377 0.00129851 0.00152459 -0.00047619 0.00184411 0.00154008 0.00113065 -0.000322581 0.00178832 0.00307018 -0.000365854 0.000526316 -0.000769231 0.000875 0.00178571 -0.00285714 0.000402299 0.0011194 0.000454545 0.000121951 -0.000581395 0.00209091 0.00217391 -0.0002 -0.000942029 -0.00180851 -0.00191489 -0.00265625 -0.000102041 0.00197674 -0.00375 -0.00229167 0.00386364
internal_weight=1375 880 181 495 420 75 96 324 169 155 99 66 699 602 579 97 244 63 215 167 53 335 305 42 263 237 199 62 137 57 123 76 52 80 56 56 87 67 143 41 43 55 46 100 69 47 94 64 49 43 40 48 44
internal_count=1375 880 181 495 420 75 96 324 169 155 99 66 699 602 579 97 244 63 215 167 53 335 305 42 263 237 199 62 137 57 123 76 52 80 56 56 87 67 143 41 43 55 46 100 69 47 94 64 49 43 40 48 44
is_linear=0
shrinkage=0.005


Tree=17
num_leaves=53
num_cat=0
split_feature=69 2 35 43 5 10 34 69 27 27 92 37 33 29 24 10 14 92 69 32 10 66 33 41 7 7 30 40 31 43 28 7 2 24 7 6 24 66 38 74 81 38 11 7 68 2 28 2 24 61 14 10
split_gain=12.1616 9.2135 8.93389 9.17938 8.16312 8.55933 9.74554 7.83586 8.5052 11.9058 7.63844 7.52263 7.35638 8.05735 6.85295 6.90833 6.53333 6.49844 8.98178 8.18733 6.40199 6.32248 6.0888 8.50135 10.8084 9.13098 7.28628 7.14006 7.87405 13.7755 6.80347 6.1824 5.66154 5.58072 5.44274 9.88897 5.12071 5.02648 5.01947 7.96883 4.95881 4.9017 4.9 4.89116 5.47014 12.7899 5.34815 4.86744 4.12272 3.6 1.01185 0.951452
threshold=31171.750000000004 2601.3500000000004 26.025000000000002 72.955001831054702 13182.180000000002 42980.600000000013 115.75000000000001 20727.850000000002 85.750000000000014 81.250000000000014 24486.502900000007 70.250000000000014 26.250000000000004 88.750000000000014 5.4250000000000016 35285.100000000006 15496.200000000003 22252.888456250006 35926.700000000004 261.25000000000006 31758.350000000002 1422.5025000000003 154.75000000000003 80.250000000000014 127.22500000000001 85.935000000000016 99.750000000000014 109.75000000000001 10.175000000000002 85.814998626708999 22.125000000000004 21.295000000000005 2487.4500000000003 8.7250000000000014 379.48500000000007 6305.9300000000012 6.4750000000000005 1142.7500000000002 12.125000000000002 1022.8402812500001 3999.9682083362245 5.0750000000000011 36033.55000000001 17.105000000000004 1142.7500000000002 2861.1500000000001 28.475000000000005 3279.1885000000007 8.2250000000000014 32733.050000000007 16358.150000000001 32004.800000000007
decision_type=2 2 2 2 2 2 2 2 2 2 2 2 2 2 2 2 2 2 2 2 2 2 2 2 2 2 2 2 2 2 2 2 2 2 2 2 2 2 2 2 2 2 2 2 2 2 2 2 2 2 2 2
left_child=7 10 3 -3 5 6 12 -1 9 22 32 20 21 17 -13 41 49 18 36 -20 -5 33 23 24 25 27 50 28 30 -30 31 -9 -2 -4 -26 -36 -14 -38 39 42 48 -16 -10 -19 46 -46 -45 -6 -12 -15 -25 -42
right_child=1 2 4 11 47 -7 -8 8 38 -11 40 14 13 16 15 -17 -18 43 19 -21 -22 -23 -24 26 34 -27 -28 -29 29 -31 -32 -33 -34 -35 35 -37 37 -39 -40 -41 51 -43 -44 44 45 -47 -48 -49 -50 -51 -52 -53
leaf_value=0.016285141754810401 0.00017840882968124825 0.00012152087402972627 1.1844092322287187e-05 -0.0030687972065774854 -1.0700277400506074e-06 1.3514135454208796e-05 -2.1589009165874432e-05 0.00032951064956375801 0.0012487813387085107 -8.5124622802320234e-05 -0.0022824984626746876 0.00051204795599710511 -1.4236274201829334e-05 -3.048560950765666e-05 -0.0017015941095641222 7.5441024143467854e-06 0.00061677178968388079 8.9993719787041673e-05 4.6743852163694582e-06 -5.7796211042071809e-06 0.00024006251590669603 -0.0011294100524061217 0.0018181006826273874 -0.0018257578472009532 0.00064280119473020952 -0.00131245090532799 1.5172813081264936e-05 -9.3956852804440272e-05 0.0024113422944323608 -0.00015929423215823129 -0.00026185589624245565 -0.00010192827327200135 -8.7660870597141983e-06 -0.0006995006319742733 -0.00022110567452372811 0.0006441692665127576 -4.3882704398113627e-06 5.6604554490265315e-07 -2.8016137722727107e-06 0.0011939405149042131 -0.0026644167220070247 5.859262329382703e-07 -1.6627054298619957e-06 -2.2924992019646947e-07 2.4019292910443175e-06 -0.00014597732169085428 1.3480929230530358e-05 -1.0133462213197481e-05 9.9218605341563996e-06 0.00058292327061136454 -1.266419018423913e-05 -0.0024814466534452896
leaf_weight=24 26 38 21 29 28 27 26 26 20 21 23 27 21 20 21 24 20 36 32 21 32 25 31 21 37 25 36 32 28 21 35 22 20 20 27 32 22 21 20 38 20 37 20 24 21 31 30 34 21 20 20 21
leaf_count=24 26 38 21 29 28 27 26 26 20 21 23 27 21 20 21 24 20 36 32 21 32 25 31 21 37 25 36 32 28 21 35 22 20 20 27 32 22 21 20 38 20 37 20 24 21 31 30 34 21 20 20 21
internal_value=-4.72727e-05 -0.000423123 -0.00019774 0.000673077 -0.00056 -0.000319635 -0.000498783 0.000541045 0.000410156 9.66184e-05 -0.00164122 0.000176471 -0.000298701 1.5674e-05 0.000963303 0.000243902 0.00166667 -0.000366795 -0.00123932 0.000283019 -0.00122951 -0.00181818 0.000292621 0.000110497 0.000508772 -0.000185185 -0.00136364 0.000243902 0.000757576 0.00234694 -0.000180723 0.00104167 0 -0.000609756 0.001875 0.000932203 -0.0025 -0.00151163 0.00173469 0.00230769 -0.00252941 -0.000689655 0.00075 0.000352113 -0.000188679 -0.00134615 0.000925926 -0.00225806 -0.00136364 0.0005 -0.00280488 -0.00378049
internal_weight=1375 839 708 208 500 438 411 536 512 414 131 170 385 319 109 82 60 259 117 53 61 66 393 362 285 189 77 164 132 49 83 48 46 41 96 59 64 43 98 78 85 58 40 142 106 52 54 62 44 40 41 41
internal_count=1375 839 708 208 500 438 411 536 512 414 131 170 385 319 109 82 60 259 117 53 61 66 393 362 285 189 77 164 132 49 83 48 46 41 96 59 64 43 98 78 85 58 40 142 106 52 54 62 44 40 41 41
is_linear=0
shrinkage=0.005


end of trees

feature_importances:
wind_speed_hanoi=28
smp_north_lag_336=22
load_rolling_std_72h=22
disp_total_evening_mw=20
hydro_spill_discharge_m3s=19
hydro_water_level_m=19
wind_speed_danang=18
disp_hydro_evening_mw=17
load_rolling_std_24h=17
smp_rolling_mean_72h=17
shortwave_radiation_hcmc=16
smp_lag_96=16
smp_lag_336=16
load_rolling_mean_72h=16
load_north_mw=15
load_central_mw=15
hydro_plant_discharge_m3s=15
disp_total_midday_mw=15
direct_radiation_danang=15
load_south_mw=14
hydro_inflow_m3s=14
disp_solar_midday_mw=14
disp_wind_midday_mw=14
cloud_cover_danang=14
temperature_hcmc=14
direct_radiation_hcmc=14
dxy_index=14
smp_lag_50=14
smp_north_lag_48=14
residual_load_proxy=14
hydro_total_discharge_m3s=13
temperature_hanoi=13
humidity_hcmc=13
load_lag_336=13
wind_gen_proxy=13
hydro_depletion_index=13
diffuse_radiation_danang=12
wind_speed_hcmc=12
load_ramp_lag48=12
spike_prob_72h=12
load_total_mw=11
price_spread_ns_lag48=11
cloud_cover_hanoi=10
shortwave_radiation_hanoi=10
direct_radiation_hanoi=10
humidity_danang=10
diffuse_radiation_hcmc=10
load_lag_96=10
smp_south_lag_48=10
smp_rolling_mean_24h=10
smp_rolling_std_24h=10
load_rolling_mean_24h=10
spike_prob_24h=10
disp_hydro_midday_mw=9
humidity_hanoi=9
diffuse_radiation_hanoi=9
temperature_danang=9
brent_price=9
smp_south_lag_336=9
disp_wind_evening_mw=8
disp_solar_evening_mw=7
shortwave_radiation_danang=7
cloud_cover_hcmc=7
smp_lag_48=7
hydro_discharge_rolling_24h=7
solar_gen_proxy=7
load_lag_48=6
smp_yesterday_max=6
thermal_margin_proxy=6
zero_prob_72h=6
gas_proxy_price=5
smp_rolling_std_72h=5
coal_proxy_price=4
sin_dow=4
smp_yesterday_mean=4
smp_yesterday_min=4
usd_vnd=3
load_lag_50=3
smp_yesterday_zero_ratio=3
margin_temp_interaction=3
is_spike=3
cos_dow=2
sin_month=2
load_lag_49=2
is_zero=2
smp_lag_49=1
zero_prob_24h=1

parameters:
[boosting: gbdt]
[objective: regression_l1]
[metric: l1]
[tree_learner: serial]
[device_type: cpu]
[data_sample_strategy: bagging]
[data: ]
[valid: ]
[num_iterations: 3000]
[learning_rate: 0.005]
[num_leaves: 127]
[num_threads: -1]
[seed: 42]
[deterministic: 0]
[force_col_wise: 0]
[force_row_wise: 0]
[histogram_pool_size: -1]
[max_depth: -1]
[min_data_in_leaf: 20]
[min_sum_hessian_in_leaf: 0.001]
[bagging_fraction: 0.8]
[pos_bagging_fraction: 1]
[neg_bagging_fraction: 1]
[bagging_freq: 5]
[bagging_seed: 400]
[bagging_by_query: 0]
[feature_fraction: 0.5]
[feature_fraction_bynode: 1]
[feature_fraction_seed: 30056]
[extra_trees: 0]
[extra_seed: 12879]
[early_stopping_round: 0]
[early_stopping_min_delta: 0]
[first_metric_only: 0]
[max_delta_step: 0]
[lambda_l1: 0]
[lambda_l2: 0]
[linear_lambda: 0]
[min_gain_to_split: 0]
[drop_rate: 0.1]
[max_drop: 50]
[skip_drop: 0.5]
[xgboost_dart_mode: 0]
[uniform_drop: 0]
[drop_seed: 17869]
[top_rate: 0.2]
[other_rate: 0.1]
[min_data_per_group: 100]
[max_cat_threshold: 32]
[cat_l2: 10]
[cat_smooth: 10]
[max_cat_to_onehot: 4]
[top_k: 20]
[monotone_constraints: ]
[monotone_constraints_method: basic]
[monotone_penalty: 0]
[feature_contri: ]
[forcedsplits_filename: ]
[refit_decay_rate: 0.9]
[cegb_tradeoff: 1]
[cegb_penalty_split: 0]
[cegb_penalty_feature_lazy: ]
[cegb_penalty_feature_coupled: ]
[path_smooth: 0]
[interaction_constraints: ]
[verbosity: -1]
[saved_feature_importance_type: 0]
[use_quantized_grad: 0]
[num_grad_quant_bins: 4]
[quant_train_renew_leaf: 0]
[stochastic_rounding: 1]
[linear_tree: 0]
[max_bin: 255]
[max_bin_by_feature: ]
[min_data_in_bin: 3]
[bin_construct_sample_cnt: 200000]
[data_random_seed: 175]
[is_enable_sparse: 1]
[enable_bundle: 1]
[use_missing: 1]
[zero_as_missing: 0]
[feature_pre_filter: 1]
[pre_partition: 0]
[two_round: 0]
[header: 0]
[label_column: ]
[weight_column: ]
[group_column: ]
[ignore_column: ]
[categorical_feature: ]
[forcedbins_filename: ]
[precise_float_parser: 0]
[parser_config_file: ]
[objective_seed: 16083]
[num_class: 1]
[is_unbalance: 0]
[scale_pos_weight: 1]
[sigmoid: 1]
[boost_from_average: 1]
[reg_sqrt: 0]
[alpha: 0.9]
[fair_c: 1]
[poisson_max_delta_step: 0.7]
[tweedie_variance_power: 1.5]
[lambdarank_truncation_level: 30]
[lambdarank_norm: 1]
[label_gain: ]
[lambdarank_position_bias_regularization: 0]
[eval_at: ]
[multi_error_top_k: 1]
[auc_mu_weights: ]
[num_machines: 1]
[local_listen_port: 12400]
[time_out: 120]
[machine_list_filename: ]
[machines: ]
[gpu_platform_id: -1]
[gpu_device_id: -1]
[gpu_use_dp: 0]
[num_gpu: 1]

end of parameters

pandas_categorical:null
