tree
version=v4
num_class=1
num_tree_per_iteration=1
label_index=0
max_feature_idx=100
objective=regression_l1
feature_names=load_total_mw load_north_mw load_central_mw load_south_mw hydro_inflow_m3s hydro_total_discharge_m3s hydro_plant_discharge_m3s hydro_spill_discharge_m3s hydro_water_level_m disp_total_installed_mw disp_total_midday_mw disp_total_evening_mw disp_hydro_installed_mw disp_hydro_midday_mw disp_hydro_evening_mw disp_solar_installed_mw disp_solar_midday_mw disp_solar_evening_mw disp_wind_installed_mw disp_wind_midday_mw disp_wind_evening_mw temperature_hanoi humidity_hanoi cloud_cover_hanoi wind_speed_hanoi shortwave_radiation_hanoi direct_radiation_hanoi diffuse_radiation_hanoi temperature_danang humidity_danang cloud_cover_danang wind_speed_danang shortwave_radiation_danang direct_radiation_danang diffuse_radiation_danang temperature_hcmc humidity_hcmc cloud_cover_hcmc wind_speed_hcmc shortwave_radiation_hcmc direct_radiation_hcmc diffuse_radiation_hcmc coal_proxy_price brent_price gas_proxy_price usd_vnd dxy_index is_weekend is_workday is_holiday is_tet is_pre_holiday is_post_holiday season sin_hour cos_hour sin_dow cos_dow sin_month cos_month smp_lag_48 load_lag_48 smp_lag_49 load_lag_49 smp_lag_50 load_lag_50 smp_lag_96 load_lag_96 smp_lag_336 load_lag_336 smp_north_lag_48 smp_south_lag_48 smp_north_lag_336 smp_south_lag_336 smp_rolling_mean_24h smp_rolling_std_24h load_rolling_mean_24h load_rolling_std_24h smp_rolling_mean_72h smp_rolling_std_72h load_rolling_mean_72h load_rolling_std_72h price_spread_ns_lag48 load_ramp_lag48 smp_yesterday_mean smp_yesterday_max smp_yesterday_min smp_yesterday_zero_ratio hydro_discharge_rolling_24h solar_gen_proxy wind_gen_proxy residual_load_proxy thermal_margin_proxy hydro_depletion_index margin_temp_interaction is_spike is_zero spike_prob_24h spike_prob_72h zero_prob_24h zero_prob_72h
feature_infos=[16738.400000000001:43669.699999999997] [8141:23529.633000000002] [1030.2:4920.1390000000001] [6568.3000000000002:17620.469000000001] [-24696.790000000001:52718.32] [261.23000000000002:27182.77] [243.56999999999999:14362.75] [11.359999999999999:15398] [386.1925:23252.132105263157] none [14491.4:47673.900000000001] [19152.799999999999:47033.400000000001] none [-3952.3000000000002:18862.5] [6035.6999999999998:23435.200000000001] none [0:8134.5] [0:344.30000000000001] none [0:4273.1999999999998] [0:4263.3999999999996] [7.5:32.299999999999997] [31:99] [0:100] [0.55000000000000004:30.25] [3.5:282] [0:208.5] [3.5:150.5] [16.050000000000001:33.25] [52:99.5] [0:100] [0.80000000000000004:50] [7:306.5] [0:234] [7:146] [20.600000000000001:31.300000000000001] [56:98] [0:100] [0.5:24] [16:265] [0:198] [16:133.5] [63.700000762939453:438.35000610351562] [55.099998474121087:127.98000335693359] [1.5750000476837158:9.6800003051757795] [22394.345703125:26405] [89.639999389648438:114.11000061035156] [0:1] [0:1] [0:1] [0:1] [0:1] [0:1] [1:4] none none [-0.97492791218182362:0.97492791218182362] [-0.90096886790241903:1] [-1:1] [-1:1] [0:1778.5999999999999] [16738.400000000001:43669.699999999997] [0:1778.5999999999999] [16515.5:40602.099999999999] [0:1778.5999999999999] [15251.9:39424.300000000003] [0:1778.5999999999999] [16738.400000000001:43669.699999999997] [0:1778.5999999999999] [16738.400000000001:43669.699999999997] [0:1778.5999999999999] [0:1778.5999999999999] [0:1778.5999999999999] [0:1778.5999999999999] [0:1778.5999999999999] [0:869.78656539635756] [15840.402083333332:48300.345833333326] [1494.0634266859377:7412.3475695858406] [0.069944444444444434:1778.5999999999999] [0:822.68470809772941] [15990.384722222221:45267.230555555558] [2009.5728777065494:7328.5193476692311] [-1602.3:1778.5999999999999] [-2000.7000000000007:5250.3000000000029] [0:1778.5999999999999] [0:1778.5999999999999] [0:1778.5999999999999] [0:1] [919.52208333333328:41870.738333333335] [112.0236:1855.3908750000001] [124.17300000000002:5960.3040000000001] [13767.265887500002:40395.97834999999] [13155.821650000013:39784.534112499998] [386.1925:23252.132105263157] [371342.92174875003:1122197.6812312501] [0:1] [0:1] [0:1] [0:1] [0:1] [0:1]
tree_sizes=4186 4427 4437 4419 4567 4470 4866 4690 4273 4527

Tree=0
num_leaves=52
num_cat=0
split_feature=72 95 62 93 42 64 93 11 14 40 26 98 24 7 68 38 93 64 43 45 63 94 26 86 14 35 46 78 24 38 58 16 92 43 20 62 46 24 16 42 70 77 63 73 92 14 4 69 7 70 35
split_gain=32.3663 24.4376 18.2 9.65098 9.59947 14.5461 7.40416 8.62564 7.62724 6.89395 6.87983 7.24197 6.47845 5.95238 5.37829 5.18989 5.11244 5.02008 4.9058 4.86266 6.5219 4.66421 4.53191 4.64736 4.52723 5.92296 4.36145 4.24417 4.36987 4.19938 4.12857 4.11845 5.76507 4.78333 3.84213 5.67151 3.77626 6.18704 4.85854 3.76114 3.73861 3.57697 3.40093 3.22315 3.18871 3.025 2.19752 2.15209 2.10069 2.02572 1.76205
threshold=1341.3900000000001 1.0000000180025095e-35 1602.1500000000003 392.9500000000001 102.79999923706056 961.11750000000018 403.26416269841275 32316.300000000003 22173.800000000003 55.750000000000007 83.250000000000014 0.28125000000000006 11.725000000000001 1691.3850000000002 931.92050000000006 5.4250000000000016 413.37847744360909 1382.8865000000003 84.895000457763686 26255.000000000004 29904.850000000002 633658.13041625021 121.50000000000001 0.060000000000000012 13787.850000000002 25.975000000000005 101.9650001525879 985.6137187500002 7.6750000000000016 4.5250000000000012 -0.6830127018922193 5917.7000000000007 24587.522081250008 76.514999389648452 2030.8500000000001 1386.2 103.564998626709 9.9750000000000014 6250.8000000000011 118.54999923706056 951.00000000000011 4295.665152401968 26830.900000000005 1062.8000000000002 25626.169943750003 16969.000000000004 3449.7650000000008 32226.900000000005 280.93000000000006 1020.2010000000001 25.975000000000005
decision_type=2 2 2 2 2 2 2 2 2 2 2 2 2 2 2 2 2 2 2 2 2 2 2 2 2 2 2 2 2 2 2 2 2 2 2 2 2 2 2 2 2 2 2 2 2 2 2 2 2 2 2
left_child=1 3 9 -1 14 6 7 -6 13 27 11 49 18 22 19 -13 -14 26 50 20 -5 -15 23 36 25 -4 40 -2 -29 -16 -23 32 -28 -33 35 -19 38 39 -8 45 -11 46 -34 -17 -31 -38 -26 -27 -48 -3 -7
right_child=2 10 24 4 5 12 8 -9 -10 17 -12 15 16 21 29 43 -18 34 -20 -21 -22 30 -24 -25 41 47 31 28 -30 44 -32 33 42 -35 -36 -37 37 -39 -40 -41 -42 -43 -44 -45 -46 -47 48 -49 -50 -51 -52
leaf_value=-0.0012866459786891938 -0.0015817120671272279 1.362168462947011e-05 -9.1870566830039028e-05 0.00040156196802854538 0 0.00078704096376895909 0 0.00060896003618836402 0.016384834051132204 -0.0012999548017978669 0.0031795546412467959 0.00077738910913467414 -0.00025081017054617405 0 -0.00080954024568200109 1.0774243855848909e-05 2.8096990718040615e-07 0.0003539612330496311 0 0.00052624762058258053 -0.00026497091166675094 0 0 0.00036775838583707809 0.00013511979021131991 0 -0.0018289890140295029 0 -0.00062330033630132676 -0.000448775552213192 -0.0037096866965293887 0 -0.00029357694089412692 0 -3.6532876547425988e-05 0 0 0 -0.0013993124663829804 0 -0.00037626452744007113 0 0 -0.00023355757512035779 0 0.0032854343950748446 0 0 0 0.0017984930425882339 0.0017963332682847978
leaf_weight=27 25 21 23 24 39 37 31 26 20 25 39 33 20 37 22 30 23 20 30 21 22 24 25 33 28 20 20 20 23 32 21 20 21 21 25 38 20 33 30 21 39 22 20 24 21 20 34 38 23 26 30
leaf_count=27 25 21 23 24 39 37 31 26 20 25 39 33 20 37 22 30 23 20 30 21 22 24 25 33 28 20 20 20 23 32 21 20 21 21 25 38 20 33 30 21 39 22 20 24 21 20 34 38 23 26 30
internal_value=-1.46306e-05 0.000574246 -0.0010198 0.000152395 0.000271903 0.000586538 7.89474e-05 0.00161538 -0.000238095 -0.00175079 0.00225434 0.00171642 0.00196429 -0.000440678 -0.000880282 0.000862069 0.000348837 -0.00136546 0.00268041 0.000149254 -0.00076087 -0.00158537 0 0.000265957 0.000212766 -0.000679012 -0.00186747 -0.00316176 -0.0022093 -0.0018 -0.00266667 -0.00122549 -0.00204918 0 -0.000361446 0.000344828 -9.67742e-05 0.000531915 -0.00106557 0.00147541 -0.00289062 0.00088785 -0.00097561 -9.25926e-05 -0.00103774 0.002375 0.00135294 0.000172414 0.000789474 0.00329787 0.00343284
internal_weight=1367 862 505 689 662 520 380 65 315 317 173 134 140 295 142 87 43 249 97 67 46 82 213 188 188 81 166 68 43 75 45 102 61 41 83 58 155 94 61 61 64 107 41 54 53 40 85 58 57 47 67
internal_count=1367 862 505 689 662 520 380 65 315 317 173 134 140 295 142 87 43 249 97 67 46 82 213 188 188 81 166 68 43 75 45 102 61 41 83 58 155 94 61 61 64 107 41 54 53 40 85 58 57 47 67
is_linear=0
shrinkage=0.005


Tree=1
num_leaves=53
num_cat=0
split_feature=72 96 13 95 70 22 32 90 0 66 40 64 24 39 8 10 1 97 74 22 19 4 4 66 64 40 39 72 1 4 41 40 4 70 77 77 41 77 16 77 20 39 8 94 23 40 64 74 70 64 41 4
split_gain=19.2243 25.0076 18.4854 14.0235 9.28705 10.6779 14.9508 7.65136 7.61152 7.3461 6.92799 8.51889 8.91848 6.3913 6.24016 6.04195 5.7816 5.54942 5.44823 8.27649 5.41806 5.35645 8.20965 6.8 5.93756 5.46306 5.30303 5.12475 5.58607 4.86697 4.7883 4.42551 6.4075 4.36042 4.05095 4.9428 4.3119 3.97269 3.85524 3.83909 3.53266 3.51988 3.1138 2.93585 3.29082 2.87844 2.57055 2.87514 2.26443 1.97368 1.93906 1.28333
threshold=1341.3900000000001 1.0000000180025095e-35 1827.2500000000002 1.0000000180025095e-35 1502.0000000000002 88.750000000000014 265.75000000000006 2241.3226500000005 32062.100000000002 423.34450000000004 132.75000000000003 899.8565000000001 9.8250000000000011 116.25000000000001 406.9970512820513 28038.050000000003 13863.900000000001 0.072916666666666671 807.87660416666665 82.250000000000014 946.10000000000002 8603.3650000000034 6246.7650000000012 1332.6500000000003 600.50000000000011 57.250000000000007 238.25000000000003 600.49850000000004 14685.350000000002 10423.125000000002 68.750000000000014 80.250000000000014 3449.7650000000008 1396.7000000000003 4381.0000640201415 4071.8274260034445 104.75000000000001 4136.8104261388826 6387.0500000000002 4123.4516534389759 1918.8500000000001 147.75000000000003 421.42618421052634 655851.94455187523 99.250000000000014 147.25000000000003 1761.8500000000001 1227.0582500000003 1000.4405 1609.5260000000001 74.750000000000014 9220.9450000000015
decision_type=2 2 2 2 2 2 2 2 2 2 2 2 2 2 2 2 2 2 2 2 2 2 2 2 2 2 2 2 2 2 2 2 2 2 2 2 2 2 2 2 2 2 2 2 2 2 2 2 2 2 2 2
left_child=1 2 20 21 5 10 7 9 15 -7 11 12 -4 -11 -15 -3 -6 -13 19 -10 -1 22 23 24 -2 -25 51 28 29 -17 -19 32 39 -33 35 36 43 -27 -37 40 -5 -35 -34 44 -21 49 47 -43 -26 -18 -48 -12
right_child=3 8 4 31 16 6 -8 -9 18 13 26 17 -14 14 -16 27 45 30 -20 34 -22 -23 -24 25 48 37 -28 -29 -30 -31 -32 33 42 41 -36 38 -38 -39 -40 -41 -42 46 -44 -45 -46 -47 50 -49 -50 -51 -52 -53
leaf_value=-0.00012955488096049521 -0.00040630938522517683 0 0.0013643013054504992 0 0.00037382744252681735 0.00058661380056291819 -0.00057771814451552928 -4.9657380091957746e-06 -0.0028940722025930883 -2.4275177886011077e-05 0.0019316818761892136 0.00067832914236932995 -3.4658728633075954e-06 0.00087973655574023735 0 -1.8387919291853904e-06 0.00050357123371213674 -1.4048495359020308e-09 0.0028940495848655701 0 0 -0.0026141191508620978 1.6746036708354951e-06 -0.00049830716103315353 -0.0017825653783977034 0 0.0003565032214857638 -0.0022308124601840974 -0.0012652206219732761 0.0003321957215666771 0.001879171800072072 4.1905483230948448e-06 -0.00057766400277614594 4.5935283415019514e-07 -0.00015213121213018894 3.2834423892199991e-05 0.0016051903850186136 -3.3700561802834274e-05 0 0 1.4678847044706345e-06 0 0 -0.0015469515316188338 0 0.00061508547767007257 0 0 -0.00052076492141932252 0.0017195093017071486 0 0.0016166131532518195
leaf_weight=26 20 21 33 23 31 25 20 32 22 23 22 25 28 37 32 35 32 21 21 20 20 27 22 21 29 31 22 31 33 27 23 30 33 21 20 24 20 33 22 29 21 20 27 20 27 22 21 38 36 25 23 20
leaf_count=26 20 21 33 23 31 25 20 32 22 23 22 25 28 37 32 35 32 21 21 20 20 27 22 21 29 31 22 31 33 27 23 30 33 21 20 24 20 33 22 29 21 20 27 20 27 22 21 38 36 25 23 20
internal_value=-7.68105e-05 0.00037703 0.00106936 -0.000851485 0.00136364 0.000977961 5.91716e-05 0.000604027 -0.000670554 0.00119658 0.00177835 0.00111538 -0.000245902 0.000543478 0.00130435 -0.00153061 0.00263636 0.00231884 -2.55102e-05 -0.000314286 -0.00195652 -0.00180365 -0.00151042 -0.00188235 -0.00288235 -0.000882353 0.003125 -0.00194444 -0.00136842 -0.000483871 0.00125 -0.000122378 -0.000789474 0.000457516 9.80392e-05 0.000413534 -0.000287356 -0.00015625 0.00173913 0.000205479 0.00113636 4.06504e-05 -0.002 -0.000895522 -0.000212766 0.00335443 -0.000343137 -0.00103448 -0.00361538 0.00394737 0.000568182 0.00416667
internal_weight=1367 862 519 505 473 363 169 149 343 117 194 130 61 92 69 147 110 69 196 175 46 219 192 170 85 85 64 126 95 62 44 286 133 153 153 133 87 64 46 73 44 123 60 67 47 79 102 58 65 57 44 42
internal_count=1367 862 519 505 473 363 169 149 343 117 194 130 61 92 69 147 110 69 196 175 46 219 192 170 85 85 64 126 95 62 44 286 133 153 153 133 87 64 46 73 44 123 60 67 47 79 102 58 65 57 44 42
is_linear=0
shrinkage=0.005


Tree=2
num_leaves=52
num_cat=0
split_feature=72 96 64 40 23 77 3 100 45 73 8 77 94 73 95 77 100 91 93 69 40 3 78 0 94 22 80 35 45 23 0 20 1 22 0 72 72 7 30 0 94 78 23 76 69 3 19 8 1 23 40
split_gain=20.1536 16.2044 13.2666 13.5729 13.1655 11.8022 9.78453 9.21309 9.09654 8.98816 8.28136 8.32813 8.69904 8.08282 7.58346 8.04665 11.7008 7.3914 7.35512 7.16325 6.94617 6.30082 6.26607 5.93461 5.89028 5.64947 6.54416 6.6113 5.45855 6.79597 5.44592 5.4171 5.37828 4.94971 4.83753 4.65374 4.63098 4.42976 4.33194 4.25177 3.91405 3.77143 3.6 3.53382 4.67308 3.48202 2.51282 2.5 2.025 1.63802 0.969697
threshold=1093.2 1.0000000180025095e-35 1533.5775000000001 45.250000000000007 62.250000000000007 4013.7397041409272 15978.040500000001 0.065972222222222238 22968.000000000004 1004.4745000000001 417.59250000000009 2691.9567662805971 710681.9101387501 767.30650000000014 1.0000000180025095e-35 3813.8160972606615 0.065972222222222238 31261.722206250004 419.12246443812234 28429.650000000005 64.250000000000014 15179.233500000002 985.6137187500002 29001.450000000001 512760.84628031263 76.250000000000014 39340.011458333342 26.575000000000006 24962.500000000004 99.250000000000014 32321.500000000004 1220.1000000000001 15607.500000000002 89.250000000000014 35238.000000000007 1466.7500000000002 1281.3185000000001 21.295000000000005 93.250000000000014 35318.650000000009 634279.9454537502 1044.6937395833336 99.750000000000014 30833.215625000001 34457.400000000001 11487.6 1291.3500000000001 414.09197368421059 14112.750000000002 99.750000000000014 81.250000000000014
decision_type=2 2 2 2 2 2 2 2 2 2 2 2 2 2 2 2 2 2 2 2 2 2 2 2 2 2 2 2 2 2 2 2 2 2 2 2 2 2 2 2 2 2 2 2 2 2 2 2 2 2 2
left_child=1 4 3 22 21 8 7 24 41 32 11 -5 19 25 15 16 -10 -15 -12 -13 -9 23 -2 -1 -4 -3 27 40 33 -30 37 -22 -7 47 -28 36 -21 48 -20 -34 -27 -6 -18 -37 -45 -14 -40 -29 -26 -32 -25
right_child=2 13 6 10 5 9 -8 20 14 -11 18 12 45 17 -16 -17 42 -19 38 35 31 -23 -24 50 30 26 34 28 29 -31 49 -33 39 -35 -36 43 -38 -39 46 -41 -42 -43 -44 44 -46 -47 -48 -49 -50 -51 -52
leaf_value=0.00047745395846152675 -0.0020065591279417277 -0.0015241717887173438 -0.00041348014422480628 2.6038246070966125e-06 0.0021410697016005869 0.00042998064063955101 0.00061201707945074304 0.00018854608120564081 -0.00033941086162059221 -0.00020462703495565803 7.8795446502044793e-06 1.016193049447611e-05 -0.00068624251117140381 -0.0019708688080310823 0.0018985993355190151 0.00071545147262513638 9.7686054145446644e-05 -1.8183176685124636e-05 -3.1274979002773763e-06 -0.00028439838209100711 5.5330766533734286e-07 0.00018554216859769079 -0.00051845507286489014 0.0016690167643530296 -3.3779947552829977e-07 0.0015670763998655601 3.8032803032547238e-07 -8.3048930391669271e-07 0 7.7347576580941693e-06 0 0 -2.9473935301648457e-06 0 -1.124809992471046e-05 -0.00094877260720077909 5.8743848386220638e-06 -6.7559895105659953e-07 8.8493122829822825e-06 1.3496832483797335e-06 7.0304303839802749e-06 0.0020593677899737157 -5.6670945834584937e-06 0 -0.00037800670763873495 -0.0015187634117240522 0 -0.00063849133472330868 0 0 0.018308971185362434
leaf_weight=22 29 21 22 23 22 36 21 32 28 33 32 21 20 25 28 37 20 26 37 23 20 27 35 22 20 25 22 20 30 32 23 34 20 36 28 29 28 30 24 23 38 20 20 27 25 33 26 20 20 20 32
leaf_count=22 29 21 22 23 22 36 21 32 28 33 32 21 20 25 28 37 20 26 37 23 20 27 35 22 20 25 22 20 30 32 23 34 20 36 28 29 28 30 24 23 38 20 20 27 25 33 26 20 20 20 32
internal_value=1.46306e-05 0.000596073 -0.000619266 -0.00116505 0.00128205 0.000731707 0.000309917 0 0.00154286 -0.000535714 -0.000775862 -0.00133188 -0.00165049 -0.000232198 0.000902256 0.000285714 -0.000735294 -0.00205882 0.000294118 -0.00104575 0.00127907 0.00281553 -0.00328125 0.00355263 -0.000814815 0.000110294 0.000318725 0.000721393 0.000108696 0.00120968 -0.000353982 0.000185185 0.000379747 -0.000789474 -0.0013 -0.00147727 -0.000294118 -0.00121429 -0.00045977 -0.000813953 0.00206349 0.00357143 0.001 -0.00222222 -0.00144231 -0.00339623 0.0005 -0.002 -0.000125 0.00104651 0.00444444
internal_weight=1367 713 654 412 390 287 242 221 175 112 348 229 206 323 133 105 68 51 119 153 86 103 64 76 135 272 251 201 138 62 113 54 79 76 50 132 51 70 87 43 63 42 40 81 52 53 50 40 40 43 54
internal_count=1367 713 654 412 390 287 242 221 175 112 348 229 206 323 133 105 68 51 119 153 86 103 64 76 135 272 251 201 138 62 113 54 79 76 50 132 51 70 87 43 63 42 40 81 52 53 50 40 40 43 54
is_linear=0
shrinkage=0.005


Tree=3
num_leaves=50
num_cat=0
split_feature=93 69 6 69 91 31 77 70 68 37 24 34 75 2 36 68 62 80 41 61 2 89 2 31 14 69 24 31 37 93 31 38 68 17 38 70 24 20 79 16 20 35 46 35 37 2 75 16 35
split_gain=11.9152 12.5323 11.3614 9.70865 10.5246 11.1773 9.40999 7.55048 7.57789 8.22071 9.45569 9.32422 7.88581 7.35764 7.70827 10.533 13.3149 9.27673 10.7649 7.61185 7.08105 7.06287 9.41536 9.25492 7.35542 6.74831 8.83204 6.34887 6.22621 8.22917 7.8821 6.19048 6.05998 6.67929 5.68565 4.87151 4.67727 4.50149 4.478 5.39372 4.3883 4.18739 4.08333 3.95207 3.46634 3.28943 3.12013 2.82857 1.91219
threshold=392.9500000000001 30839.600000000002 4418.2250000000013 30227.000000000004 30077.335900000002 12.725000000000001 4408.7584068399674 0.96850000000000003 738.69850000000008 32.250000000000007 7.2250000000000005 66.250000000000014 426.892120525297 2327.0000000000005 85.250000000000014 1341.2500000000002 1399.4485000000002 39340.011458333342 108.25000000000001 31728.600000000002 2814.7500000000005 1517.5697062500001 3293.9750000000004 3.1750000000000007 19088.550000000007 27359.450000000004 10.125000000000002 14.125000000000002 72.750000000000014 419.22645448079669 4.3250000000000011 6.6250000000000009 1503.4000000000003 144.40000000000003 5.9250000000000016 0.77400000000000013 10.175000000000002 943.40000000000009 610.02328400362194 6182.9500000000007 1592.9000000000003 27.225000000000005 104.09499740600587 26.275000000000002 93.750000000000014 3270.5280000000007 248.54920083025914 6043.2500000000009 25.175000000000004
decision_type=2 2 2 2 2 2 2 2 2 2 2 2 2 2 2 2 2 2 2 2 2 2 2 2 2 2 2 2 2 2 2 2 2 2 2 2 2 2 2 2 2 2 2 2 2 2 2 2 2
left_child=-1 2 3 4 5 44 7 35 12 -10 11 -11 -9 37 27 16 17 18 21 43 -21 23 41 -16 -25 -12 -27 28 32 30 -30 -26 34 -34 -15 -4 42 -3 39 -32 45 -23 -22 -17 48 -19 -41 -36 -2
right_child=1 13 6 -5 -6 -7 -8 8 9 10 25 -13 -14 14 15 19 -18 40 -20 20 36 22 -24 24 31 26 -28 -29 29 -31 38 -33 33 -35 47 -37 -38 -39 -40 46 -42 -43 -44 -45 -46 -47 -48 -49 -50
leaf_value=-0.0014080627043576539 -3.1457848677795846e-05 -0.00014148819509027602 3.2748629197780261e-05 0.00013299074621605269 9.1939596459269518e-09 4.6273082890547817e-07 0.0013364977171797686 0.0032375870129410169 0.0015092027264653593 0.00051695758473471547 -1.4749392947849009e-05 -1.9116864888928833e-08 0.00037988763469991624 0.00038938309972894243 1.5608616063590455e-05 -0.00014684446425456554 0.0015942311688905331 -7.4174450927893966e-06 0.00048155048505338377 1.8813226372003556e-06 -0.00060085336260355898 0.0015520593505349272 -1.5306463215130501e-05 -3.9295875327155697e-05 -9.7478525643562898e-06 -0.00012908827838115395 0.00013204274030205305 -6.7222095630131661e-07 -1.5380925531865786e-05 0.00082705875187320636 0 7.1162831287039578e-06 -0.00036230485583773296 0 0.00026673010982040431 -2.3790300317108629e-05 -0.0008926784359943121 -0.00062230743410402682 0 2.2685120400274174e-07 -9.2771084298845396e-07 4.3346285820705822e-07 1.4273392000046443e-07 -2.3495493843220179e-08 -9.2449792900390461e-06 -0.0019128895434645835 0.00043100148044313967 -1.0750614639837295e-07 -0.00030495341144803689
leaf_weight=34 20 24 28 34 26 29 21 36 24 30 23 28 33 24 27 38 31 21 29 25 24 27 28 36 26 28 27 33 20 23 26 30 36 35 20 23 22 32 25 22 21 20 24 32 22 20 28 35 37
leaf_count=34 20 24 28 34 26 29 21 36 24 30 23 28 33 24 27 38 31 21 29 25 24 27 28 36 26 28 27 33 20 23 26 30 36 35 20 23 22 32 25 22 21 20 24 32 22 20 28 35 37
internal_value=-1.82882e-05 5.62641e-05 0.000714286 -0.000327381 -0.000932836 -0.00162037 0.00129568 0.00105357 0.00144105 0.00084375 0.000367647 0.00189655 0.00282609 -0.000300926 -0.000179455 -0.000582121 -4.74684e-05 -0.000385965 8.96861e-05 -0.00160606 -0.000684211 -0.000335052 0.000866667 -0.00109244 -0.00184783 -0.000769231 0.000181818 0.000412844 0.000646259 0.00138889 0.000867769 -0.000714286 -6.66667e-05 -0.00112676 0.000886076 -0.000686275 -0.0015 -0.00205357 0.00143564 0.00203947 -0.00209677 0.00223404 -0.000625 -0.00285714 -0.00259494 -0.00304878 0.003 0 -0.00324561
internal_weight=1367 1333 469 168 134 108 301 280 229 160 136 58 69 864 808 481 316 285 223 165 95 194 75 119 92 78 55 327 294 144 121 56 150 71 79 51 70 56 101 76 62 47 48 70 79 41 50 55 57
internal_count=1367 1333 469 168 134 108 301 280 229 160 136 58 69 864 808 481 316 285 223 165 95 194 75 119 92 78 55 327 294 144 121 56 150 71 79 51 70 56 101 76 62 47 48 70 79 41 50 55 57
is_linear=0
shrinkage=0.005


Tree=4
num_leaves=51
num_cat=0
split_feature=60 68 68 11 23 6 36 17 44 73 23 81 17 43 80 24 26 45 3 7 11 66 80 3 76 73 22 100 36 24 80 23 11 6 4 3 3 42 100 22 78 60 76 80 35 100 100 38 43 3
split_gain=12.4287 18.2519 14.1776 10.3646 10.2959 9.2256 9.13337 9.50016 8.89738 10.8439 8.89073 8.74126 8.6525 8.49402 7.95872 9.53582 13.1989 7.84854 7.17249 6.82341 14.7092 6.82102 11.638 11.35 9.95997 8.67675 8.01645 7.7165 7.40208 7.30374 6.46923 6.41801 6.17601 6.02459 5.84278 5.83099 5.34545 5.23416 7.04348 4.91733 4.87619 4.6691 4.51838 4.20992 4.13564 4.05326 3.66288 2.39409 2.2695 0.459574
threshold=1502.0000000000002 1041.9500000000003 1293.8450000000003 41605.750000000007 26.500000000000004 4460.8450000000012 92.250000000000014 4.9000000000000012 2.5159999132156377 1329.5100000000002 44.750000000000007 4050.0062933959384 166.70000000000002 74.154998779296889 27601.979861111115 9.7750000000000021 92.750000000000014 23391.000000000004 11806.750000000002 29.830000000000002 37851.650000000009 972.45500000000004 36158.450694444451 11322.35 31730.805208333342 1.0575000000000003 89.250000000000014 0.42013888888888895 87.750000000000014 9.4750000000000014 31490.809027777785 99.750000000000014 35683.80000000001 4357.4850000000006 4303.9650000000011 13606.500000000002 15631.531500000003 114.67499923706056 0.39930555555555564 92.250000000000014 471.15598958333345 1089.9175000000002 36966.686458333337 32161.356250000001 26.225000000000005 0.14930555555555561 0.24652777777777782 5.6750000000000016 86.24499893188478 12812.750000000002
decision_type=2 2 2 2 2 2 2 2 2 2 2 2 2 2 2 2 2 2 2 2 2 2 2 2 2 2 2 2 2 2 2 2 2 2 2 2 2 2 2 2 2 2 2 2 2 2 2 2 2 2
left_child=2 5 4 13 37 -2 7 18 12 10 -10 -11 -4 -3 -15 16 19 -13 -6 20 -16 23 29 25 -25 -9 27 46 40 41 -31 42 49 43 -35 -21 -33 -1 -39 -30 -28 -23 -29 -17 -34 -5 -26 -7 -37 -12
right_child=1 3 8 45 6 47 -8 21 9 11 32 17 -14 14 15 33 -18 -19 -20 35 -22 22 -24 24 26 -27 28 31 39 30 -32 36 44 34 -36 48 -38 38 -40 -41 -42 -43 -44 -45 -46 -47 -48 -49 -50 -51
leaf_value=0.00080394210362725639 9.1479898476973173e-09 -2.6944356439037009e-05 3.9221179950515515e-06 0.00013530813103838419 3.8594812819343667e-08 0.0047819328542711868 -1.566922749763084e-05 -1.20707450960601e-06 3.2179526755819097e-07 2.8754183683144633e-06 -0.0017037808700646633 -0.00088929488547578113 -3.5316560227191076e-06 0.00026692104447191496 -1.0925127124816765e-07 4.4423353660386048e-09 2.4731881064718161e-06 2.1211444416956513e-07 0.0013802543963782363 -2.6162854775690363e-07 1.936182994666524e-06 0.00033972026740887326 -0.00013214573028664576 0.0002415007164095558 3.0741881300884248e-06 -0.0029890567109535633 -2.1673142910352913e-09 7.0637161194113873e-06 -7.3858588337745031e-06 5.6928810751739257e-06 -0.00023376760135329202 -1.3279204806654528e-06 -0.00022491153516256658 8.9712792889496638e-05 1.2915364384300792e-06 -1.4135971241660699e-05 7.8068370740918785e-05 0.00026957441125714338 -7.7511027930287098e-06 0.00027483222997739653 -0.00018243348010522936 -2.497310702855177e-06 -1.1611583866562997e-05 -5.8435892408281911e-07 -0.00012615114297114539 9.4932358935769744e-07 0.0018059486184629273 0.0023979597671515999 -7.5460136323267969e-06 -0.0031280608455212799
leaf_weight=24 27 33 21 31 31 27 23 30 23 39 20 37 20 29 28 21 22 30 29 20 21 28 38 35 20 21 35 20 29 20 32 24 39 27 34 20 20 23 23 22 21 33 39 24 25 20 26 29 27 27
leaf_count=24 27 33 21 31 31 27 23 30 23 39 20 37 20 29 28 21 22 30 29 20 21 28 38 35 20 21 35 20 29 20 32 24 39 27 34 20 20 23 23 22 21 33 39 24 25 20 26 29 27 27
internal_value=-3.29188e-05 0.000659091 -0.000361381 0.000168067 4.64396e-05 0.00277108 -0.000173611 -4.5208e-05 -0.00129893 -0.00166667 -0.00261194 -0.000471698 0.000853659 -0.000179739 0.00010989 -0.000184426 -0.00105072 -0.00156716 0.00183333 -0.00172414 -0.000306122 -0.000273834 -0.00115894 0.000116959 0.000498282 -0.00205882 0.00015625 0.00090604 -0.00088785 -0.000353982 -0.00173077 0.000145631 -0.0031982 0.000943396 0.00196721 -0.00276119 0.00159091 0.00185714 0.000869565 0.000490196 -0.00214286 0.000819672 -0.000932203 -0.000444444 -0.0021875 0.0022549 0.0026087 0.00392857 -0.0037234 -0.00457447
internal_weight=1367 440 927 357 646 83 576 553 281 240 134 106 41 306 273 244 138 67 60 116 49 493 151 342 291 51 256 149 107 113 52 103 111 106 61 67 44 70 46 51 56 61 59 45 64 51 46 56 47 47
internal_count=1367 440 927 357 646 83 576 553 281 240 134 106 41 306 273 244 138 67 60 116 49 493 151 342 291 51 256 149 107 113 52 103 111 106 61 67 44 70 46 51 56 61 59 45 64 51 46 56 47 47
is_linear=0
shrinkage=0.005


Tree=5
num_leaves=50
num_cat=0
split_feature=62 72 72 97 62 21 16 35 16 82 4 41 14 94 36 41 0 81 85 73 31 67 13 72 5 14 43 81 56 16 81 14 13 1 27 56 88 46 56 94 37 5 69 83 67 72 13 14 41
split_gain=20.4988 15.763 12.22 10.7117 10.9515 10.5047 8.45079 8.01644 12.7466 9.76749 10.4063 14.9415 9.63394 9.2503 8.5898 10.2751 7.87689 13.0387 7.86924 7.63886 7.34177 6.77265 6.69681 6.59905 6.28953 6.18146 9.80039 8.54124 8.01656 7.71777 6.45377 6.12022 5.76253 5.48246 5.40216 9.07518 12.3326 9.21373 6.82231 5.30718 4.93759 4.71273 4.82619 4.4931 8.97855 4.32093 4.27111 3.9022 3.38936
threshold=1002.397 965.41600000000005 1297.9565000000002 0.26041666666666669 1284.2405000000001 16.125000000000004 6378.0500000000011 23.875000000000004 4461.1000000000013 0.8069999999999028 4192.2850000000008 69.250000000000014 12635.400000000001 604481.6582906252 85.750000000000014 62.250000000000007 30238.650000000005 3739.1029556432354 1682.4000000000003 793.2700000000001 9.8250000000000011 34294.100000000013 6916.1000000000013 1653.7855000000002 6035.0400000000009 22049.900000000005 74.200000762939467 4256.7321598823446 -1.0000000180025095e-35 6250.8000000000011 4648.4497523242035 16891.100000000002 3364.7500000000005 14640.727000000001 97.750000000000014 1.0000000180025095e-35 12038.153958333334 104.43500137329103 1.0000000180025095e-35 599397.32797906268 87.750000000000014 6720.1400000000003 28577.600000000002 1783.3000000000013 29270.350000000002 1456.5065000000002 8783.8000000000011 15771.950000000003 71.750000000000014
decision_type=2 2 2 2 2 2 2 2 2 2 2 2 2 2 2 2 2 2 2 2 2 2 2 2 2 2 2 2 2 2 2 2 2 2 2 2 2 2 2 2 2 2 2 2 2 2 2 2 2
left_child=2 18 5 4 32 -1 20 -5 47 12 23 -12 48 14 15 -14 19 22 21 33 31 41 -18 40 -15 26 27 -19 -29 -27 34 -4 -3 43 35 37 -37 39 -36 -28 -11 42 -2 44 -7 -6 -45 -9 -10
right_child=1 3 6 7 45 16 -8 8 9 10 11 -13 13 24 -16 -17 17 25 -20 -21 -22 -23 -24 -25 -26 29 30 28 -30 -31 -32 -33 -34 -35 38 36 -38 -39 -40 -41 -42 -43 -44 46 -46 -47 -48 -49 -50
leaf_value=0.00074863962837635068 0.0013343959410398109 8.5439504432187257e-05 -0.002369997202460178 -6.5707204920285959e-07 -0.00028396742458545305 4.0207992034741178e-08 1.9725386128996041e-06 3.5115352218595624e-05 -1.1989287669068365e-06 0.00013463159038319228 -1.8662523001494741e-05 5.7044742543465612e-06 2.5155964342737145e-06 2.819821088908613e-07 -2.4188777328698611e-05 -8.4220598448304803e-07 6.2081697713527679e-07 -0.0005886829258801205 0.019580561019960547 -0.0018797152317871263 -0.00041244036780789176 -8.2996625854650249e-06 0.00043292190425741467 3.0970085690005927e-06 -8.0692985827415087e-09 0.0028777013888230956 1.3894159629446066e-05 4.9732896921193933e-06 -0.00040791339372954981 -1.4196338477945434e-05 -7.4120002359475144e-06 -0.0018030988741150969 -0.00021829603468540018 -0.001255827049821817 -8.0646148768120835e-06 -6.493286017461572e-05 7.8482192683386934e-06 1.0997642952341405e-05 1.4629474865073188e-07 -3.727793813396073e-06 -6.3946914925583813e-07 0.0001693864294093235 0.0014434791403547986 -7.7123472790635655e-06 -0.0024586000299913458 -0.00081495261483264462 0.00060249959464766893 0.00051961394262616748 -1.2365940532359081e-08
leaf_weight=26 32 20 40 39 27 27 21 28 21 27 26 38 31 39 24 20 23 27 34 35 38 21 27 31 20 20 20 21 25 31 20 21 34 25 35 38 21 35 33 23 20 25 23 25 23 31 20 23 30
leaf_count=26 32 20 40 39 27 27 21 28 21 27 26 38 31 39 24 20 23 27 34 35 38 21 27 31 20 20 20 21 25 31 20 21 34 25 35 38 21 35 33 23 20 25 23 25 23 31 20 23 30
internal_value=-0.000117302 0.000512048 -0.000714286 0.000122873 -0.00125 -0.000413793 -0.00216667 0.000491607 0.000714286 0.000351682 0.00133803 -0.00015625 -0.000405405 0.000298507 -0.000866667 0.000294118 -0.000559567 -0.00018797 0.00203704 -0.00151613 -0.00277778 0.00133663 0.0022 0.0025641 0.00177966 -0.000530086 -0.000805369 -0.00239726 -0.00108696 0.00107843 -0.000288889 -0.00385246 0.00037037 -0.000916667 -2.43902e-05 0.000547445 -0.000932203 0.00166667 -0.00117647 0.000116279 0.00138298 0.002 0.00281818 -0.000368421 -0.0014 -0.00275862 0.000777778 0.00303922 -0.0022549
internal_weight=1364 664 700 529 112 580 120 417 378 327 142 64 185 134 75 51 554 399 135 155 99 101 50 78 59 349 298 73 46 51 225 61 54 120 205 137 59 78 68 43 47 80 55 95 50 58 45 51 51
internal_count=1364 664 700 529 112 580 120 417 378 327 142 64 185 134 75 51 554 399 135 155 99 101 50 78 59 349 298 73 46 51 225 61 54 120 205 137 59 78 68 43 47 80 55 95 50 58 45 51 51
is_linear=0
shrinkage=0.005


Tree=6
num_leaves=55
num_cat=0
split_feature=96 68 8 72 29 20 46 33 16 26 16 85 16 39 26 4 73 67 67 4 10 10 39 21 24 30 4 80 29 77 29 20 26 75 90 90 68 16 34 7 30 73 97 24 67 29 33 95 7 29 74 10 20 33
split_gain=13.9284 16.3676 12.3174 14.1479 12.0517 10.9017 13.7945 10.9169 10.0278 9.94784 10.9473 8.9924 8.15069 8.79467 8.70558 8.3884 8.1845 8.05512 8.92525 7.958 7.73571 7.5776 7.51537 10.5635 7.05263 6.79293 6.46156 6.5 6.04005 6.20679 10.1535 6.00797 5.83186 5.1624 5.73099 7.09632 5.12422 4.97158 5.15333 4.80266 4.77664 4.38436 4.36623 4.32 4.29335 4 3.88658 3.62963 3.48162 3.42857 3 2.81299 2.56098 2.5
threshold=1.0000000180025095e-35 913.85000000000014 414.1830263157895 931.14900000000011 76.750000000000014 1995.2500000000002 91.055000305175795 41.250000000000007 5647.5500000000002 109.25000000000001 4668.3500000000013 1682.4000000000003 5489.0000000000009 84.000000000000014 2.7500000000000004 3478.9800000000005 1142.7500000000002 31246.100000000002 26406.050000000007 3945.2100000000005 30375.850000000002 25374.050000000007 201.75000000000003 27.925000000000004 8.8750000000000018 93.750000000000014 10691.905000000001 39193.759027777785 83.250000000000014 4624.7490358959913 89.250000000000014 1196.8000000000004 47.750000000000007 214.199927154498 1806.7171500000004 1049.2618500000001 1602.2500000000002 6891.0500000000011 91.250000000000014 93.480000000000004 79.750000000000014 1305.5480000000002 0.093750000000000014 8.3250000000000028 30912.500000000004 83.250000000000014 53.750000000000007 1.0000000180025095e-35 1369.3000000000002 89.250000000000014 990.14460416666668 32812.650000000009 619.30000000000007 143.25000000000003
decision_type=2 2 2 2 2 2 2 2 2 2 2 2 2 2 2 2 2 2 2 2 2 2 2 2 2 2 2 2 2 2 2 2 2 2 2 2 2 2 2 2 2 2 2 2 2 2 2 2 2 2 2 2 2 2
left_child=1 9 3 4 24 6 45 19 20 10 46 25 13 -8 15 16 -14 18 -16 28 -4 -15 41 36 48 50 -6 53 -7 30 -30 33 37 -23 35 -35 -24 38 -10 52 -34 -19 -11 -27 -33 -3 -1 -9 -2 -21 -12 -17 -20 -28
right_child=2 5 8 -5 26 7 12 47 32 42 11 -13 14 21 17 51 -18 22 39 49 -22 31 23 -25 -26 43 27 -29 29 -31 -32 44 40 34 -36 -37 -38 -39 -40 -41 -42 -43 -44 -45 -46 -47 -48 -49 -50 -51 -52 -53 -54 -55
leaf_value=0.0027700246076882043 -0.0034578176844240771 -0.00064574298935350107 8.079311121405969e-07 -0.0028062163428200725 -0.0002477857486059931 -0.00049268171344428143 -1.7069879726078147e-06 -0.00044165230375933209 4.7204609860464179e-06 0.00046932225601445604 -7.3986893127785334e-07 0.0010988527920275739 3.5132999179427848e-06 -0.00011409330754518606 -5.6265939105081662e-06 -4.8226042970401456e-07 -4.8711483017011913e-07 -0.00020138322437624666 0.00016588545700909886 -0.00035595385429511544 -0.0021802971761795864 0.00061390585363540432 0.00037347484552159685 -1.893843002668866e-06 -0.00028896534093139262 8.175104147998718e-05 1.0703303145629712e-05 -1.0658111287567247e-05 3.534778469021143e-06 6.0911291748237914e-05 -8.934055012619561e-05 0.00032138016913974026 -0.00026124341612822848 -3.8541819407488631e-06 -0.00013830657284003611 1.2909436668481869e-05 2.5597263141859201e-08 8.5016175366079657e-08 2.3509622127689119e-07 1.3116016063832381e-07 5.5159131298526039e-08 8.2534318942803057e-10 0.029034574259999585 -1.3023882008305641e-05 1.4718127946646274e-05 -0.00032375814104293666 0.00039302399349462711 -1.3351118068027958e-06 -0.00027143588154156147 -0.00018620392349573631 0.00091319490498777264 -0.00094258690107635809 0.00040951730068266087 0.0007146248290807103
leaf_weight=22 25 20 20 37 31 20 21 27 29 20 24 21 23 24 24 20 34 39 20 21 28 21 23 28 21 20 20 25 24 26 29 32 22 20 22 26 21 30 24 25 39 27 35 30 22 25 20 27 22 21 24 22 21 20
leaf_count=22 25 20 20 37 31 20 21 27 29 20 24 21 23 24 24 20 34 39 20 21 28 21 23 28 21 20 20 25 24 26 29 32 22 20 22 26 21 30 24 25 39 27 35 30 22 25 20 27 22 21 24 22 21 20
internal_value=-7.33138e-06 0.000314109 -0.000801527 -0.00166667 -0.00103659 -3.31126e-05 0.000321429 -0.00105128 0.000104167 0.00152778 0.000900621 0.00012605 0.000553398 0.00138298 7.64526e-05 -0.00116162 8.77193e-05 0.000614035 0.00177778 -0.000319149 -0.001875 0.00176647 -0.000144928 0.000972222 -0.00264706 -0.000510204 0.000104167 0.001 0.000454545 0.00107595 9.43396e-05 0.0022028 0.000763889 0.00140449 0.000735294 0.00173913 0.0025 0.00162651 0.00254717 0.00272727 -0.000409836 -0.00136364 0.00336364 -0.0018 0.00351852 -0.00233333 0.00309524 -0.00296296 -0.0037234 -0.00214286 0.000833333 -0.00285714 0.00378049 0.00225
internal_weight=1364 971 393 201 164 755 560 195 192 216 161 119 515 188 327 99 57 228 90 141 48 167 138 72 68 98 96 65 99 79 53 143 144 89 68 46 44 83 53 66 61 66 55 50 54 45 42 54 47 42 48 42 41 40
internal_count=1364 971 393 201 164 755 560 195 192 216 161 119 515 188 327 99 57 228 90 141 48 167 138 72 68 98 96 65 99 79 53 143 144 89 68 46 44 83 53 66 61 66 55 50 54 45 42 54 47 42 48 42 41 40
is_linear=0
shrinkage=0.005


Tree=7
num_leaves=53
num_cat=0
split_feature=70 72 20 19 28 5 13 32 40 43 23 13 81 91 21 24 23 82 81 13 5 33 16 25 27 43 73 25 83 33 13 46 57 16 36 21 7 7 13 3 68 60 27 8 19 3 57 46 43 11 32 89
split_gain=11.7083 16.0717 13.3462 13.6812 10.2041 10.5919 12.4764 11.9512 9.19142 8.72952 8.30196 8.84804 8.03592 7.44768 7.27331 7.94836 8.33333 6.9113 6.50254 8.65396 9.79239 7.42362 8.74239 7.11867 7.07794 6.35667 6.3532 6.34168 6.23308 6.18314 6.09524 5.91822 8.15563 5.84014 5.54343 10.9349 5.40605 6.57797 6.54684 5.34545 5.3295 8.92394 6.09164 4.89125 4.5413 4.17096 4.16557 4.9 3.80512 3.27964 3.17794 2.88
threshold=1500.1820000000002 883.83150000000012 2515.9500000000003 518.10000000000014 24.675000000000004 5140.7350000000006 2723.8500000000004 61.750000000000007 50.250000000000007 74.154998779296889 60.750000000000007 4304.6500000000005 3634.877846530137 30041.190206250005 29.525000000000002 12.875000000000002 99.250000000000014 477.75000000000006 4858.1786395930149 12856.100000000002 1485.2600000000002 178.75000000000003 6477.0500000000002 227.25000000000003 86.250000000000014 90.610000610351577 0.91400000000000015 181.25000000000003 2607.6999999999994 8.2500000000000018 1769.2000000000003 104.22000122070314 1.0000000180025095e-35 5209.7500000000009 85.750000000000014 17.975000000000005 1457.0800000000002 175.60500000000005 7008.5500000000002 15311.600000000002 813.40300000000013 848.50000000000011 30.750000000000004 419.43315789473689 879.45000000000016 14844.900000000001 -0.22252093395631442 103.26499938964845 82.625000000000014 37699.150000000009 210.75000000000003 897.93916875000002
decision_type=2 2 2 2 2 2 2 2 2 2 2 2 2 2 2 2 2 2 2 2 2 2 2 2 2 2 2 2 2 2 2 2 2 2 2 2 2 2 2 2 2 2 2 2 2 2 2 2 2 2 2 2
left_child=2 50 3 14 5 6 30 -8 33 39 11 -11 -6 17 15 26 -17 43 19 20 -14 28 -23 24 31 48 -1 -27 -21 -4 -5 32 -22 -3 35 -31 37 38 40 -10 -28 -42 -43 49 -33 -44 47 -15 -26 -12 -2 -7
right_child=1 8 29 4 12 51 7 -9 9 10 13 -13 18 46 -16 16 -18 -19 -20 21 23 22 -24 -25 25 27 36 -29 -30 34 -32 44 -34 -35 -36 -37 -38 -39 -40 -41 41 42 45 -45 -46 -47 -48 -49 -50 -51 -52 -53
leaf_value=5.5970090100902069e-07 0.00223461117177281 1.7794014898650483e-06 8.5376326549545501e-08 3.277936428513468e-06 0.00017602461280358088 0.001156167248262822 -0.00085435440223076333 5.7146886217477774e-06 -3.1175692331896643e-06 -4.9608939168319449e-07 4.7342095436546955e-07 1.9274174066958022e-06 2.3134083200007071e-06 2.7347741237700574e-06 0.00093852716638673933 0.00046967097965249443 -0.00057345716547877845 -2.3929412121345821e-06 -0.00036894436672760516 0.0012004767122492338 5.9851916683975263e-07 -0.001197519033068918 0.00053874982146737865 6.1201651031641292e-06 -7.8550008314745673e-05 0.00046026775082974022 0.0001399497591751768 -1.3811760983082643e-05 4.0815527404309946e-09 -0.00080490360513490945 6.9633472935340686e-05 8.9160322278304853e-06 -0.0012713230467519437 -5.7169883437948975e-06 -0.0012994994075654126 1.7917228301227056e-06 -0.0021802902974553278 6.7391795273388798e-06 -0.00070592725310558127 6.7949686087805434e-05 -0.00078307060378887141 -0.00058326624872798041 0.00032372688103513513 -1.1097201331190659e-07 -1.9003530200244461e-06 -1.9673400092638185e-06 4.264410887427221e-06 0.0002682681819387148 -0.0034481309923863751 2.137078172281593e-06 0.0032812029258916125 0.00072195671331810483
leaf_weight=37 20 35 26 21 26 25 26 29 33 34 26 30 22 20 20 28 21 32 28 37 33 21 20 27 37 22 20 23 21 21 21 25 28 32 21 24 23 26 39 22 31 20 20 24 26 21 21 20 24 23 27 25
leaf_count=37 20 35 26 21 26 25 26 29 33 34 26 30 22 20 20 28 21 32 28 37 33 21 20 27 37 22 20 23 21 21 21 25 28 32 21 24 23 26 39 22 31 20 20 24 26 21 21 20 24 23 27 25
internal_value=4.39883e-05 0.000764411 -0.000253886 -6.30011e-05 0.000396825 0.00153061 0.00056701 -0.001 0.000397727 0.000789474 0.00121739 -0.0003125 0 0.00180723 -0.000915033 -0.00111888 0.000714286 0.001 -0.000177665 0 -0.000468165 0.00126263 -0.000365854 -0.000755102 -0.00105505 -0.00198113 -0.00149789 -0.000555556 0.00241379 -0.00206522 0.00261905 -0.000178571 -0.00122951 -0.00126866 -0.00287879 -0.00188889 -0.00185 -0.00155367 -0.00195364 -0.001 -0.00133929 -0.00184783 -0.000737705 0.00184932 0.00107843 0.000365854 0.00319672 0.00225 -0.00303279 0.0027551 0.00351064 0.0034
internal_weight=1364 399 965 873 567 147 97 55 352 285 230 64 420 166 306 286 49 105 394 366 267 99 41 245 218 106 237 45 58 92 42 112 61 67 66 45 200 177 151 55 112 92 61 73 51 41 61 40 61 49 47 50
internal_count=1364 399 965 873 567 147 97 55 352 285 230 64 420 166 306 286 49 105 394 366 267 99 41 245 218 106 237 45 58 92 42 112 61 67 66 45 200 177 151 55 112 92 61 73 51 41 61 40 61 49 47 50
is_linear=0
shrinkage=0.005


Tree=8
num_leaves=48
num_cat=0
split_feature=42 62 72 68 31 64 73 89 24 35 97 22 89 3 21 1 69 46 31 19 41 33 79 62 64 74 44 74 19 62 68 97 69 1 41 7 20 31 69 3 11 64 31 19 29 5 11
split_gain=12.408 10.0703 15.9178 9.12615 10.8205 10.1215 10.6624 10.0138 9.84788 8.59476 9.44643 8.0535 7.54831 7.30827 6.43939 6.33799 8.02064 6.81839 6.18262 6.26431 7.59446 8.32174 7.96324 7.42585 9.97306 6.81818 5.86904 5.88666 5.63223 5.42279 6.99274 8.00255 11.4819 7.12679 6.06611 5.25653 5.53253 4.99226 4.95706 7.19511 6.60176 4.35252 3.37398 3.03576 2.77778 2.5 1.75819
threshold=345.25000000000006 1602.1500000000003 888.66700000000003 1018.5000000000001 9.7750000000000021 961.11750000000018 802.66750000000013 784.16520000000003 8.8250000000000028 23.875000000000004 0.82291666666666685 88.750000000000014 1412.5475812500001 12088.286000000002 25.475000000000005 14069.35 33280.700000000004 102.31000137329103 9.2750000000000021 2061.0500000000006 78.250000000000014 158.75000000000003 501.88893522612142 1420.7645000000002 1090.9630000000002 1097.345 2.7389999628067021 985.99948958333346 525.50000000000011 913.36300000000017 714.25000000000011 0.093750000000000014 37755.30000000001 17331.443500000005 88.250000000000014 154.49000000000004 1811.9000000000003 5.9750000000000005 36370.400000000009 14038.250000000002 39249.350000000006 704.8610000000001 4.2750000000000012 942.9000000000002 83.250000000000014 6846.2650000000012 36999.000000000007
decision_type=2 2 2 2 2 2 2 2 2 2 2 2 2 2 2 2 2 2 2 2 2 2 2 2 2 2 2 2 2 2 2 2 2 2 2 2 2 2 2 2 2 2 2 2 2 2 2
left_child=1 3 -3 5 18 6 29 -6 12 -4 35 -2 44 -9 43 -12 17 -17 19 20 22 41 23 24 -5 42 -15 -28 -8 30 31 32 33 34 37 36 -11 -1 39 -33 -41 -22 -24 -10 -7 -32 -19
right_child=11 2 9 4 7 8 28 13 14 10 15 -13 -14 26 -16 16 -18 46 -20 -21 21 -23 25 -25 -26 -27 27 -29 -30 -31 45 38 -34 -35 -36 -37 -38 -39 -40 40 -42 -43 -44 -45 -46 -47 -48
leaf_value=5.6180119953061163e-05 4.1040632219909689e-06 0.0071087632849693326 -1.4733283298840679e-06 -0.00066849915780881574 -0.00073825548165247002 0.0035186402401772925 -0.00071275693594598959 1.0978462089287797e-05 -0.00012957539017913715 0.00020949088124792438 -5.5892495595729721e-07 0.00032257678409613176 5.1784145565181576e-05 5.5843387668332562e-06 0.0010420031388297592 -2.3777231421760562e-07 -1.8376173361490561e-08 6.9396680720172357e-07 -0.0012648477074544667 -0.00045370993290045242 -0.0010204220509283388 6.0887218577790559e-08 1.78735001750054e-05 -0.0006048721795803043 6.4324245488228598e-05 6.0662844366041129e-06 2.8786453524807679e-06 -2.7942994656526676e-05 -3.3886944930011444e-06 -1.019866613663329e-05 0.00042064085141695821 -2.822339635005576e-06 0.00025019684895732041 -0.0010278021349793024 -0.0021997199767786078 6.8027458330537845e-07 2.3191405973871349e-06 -2.2304686215196107e-06 -5.9931503538511185e-06 1.0120155533136434e-05 4.390153240523018e-06 -0.0012215397077138498 -0.00025494675997118048 2.5266988815869857e-06 0.0023600998572714904 1.2282949375154729e-05 2.8785712525853982e-06
leaf_weight=31 36 21 28 23 30 20 30 21 23 34 24 31 24 39 24 20 26 20 20 33 36 33 21 26 36 20 35 38 35 22 20 36 24 34 39 39 35 37 23 24 37 35 34 21 25 20 21
leaf_count=31 36 21 28 23 30 20 30 21 23 34 24 31 24 39 24 20 26 20 20 33 36 33 21 26 36 20 35 38 35 22 20 36 24 34 39 39 35 37 23 24 37 35 34 21 25 20 21
internal_value=6.59824e-05 -4.24056e-05 0.000820896 -0.00026725 -0.000770833 0.000173042 -0.000218447 0.000276074 0.00135036 0.000465587 0.000799087 0.00216418 0.00268116 0.000864662 0 -0.000225225 0.000402299 0.00139344 -0.00130915 -0.00112795 -0.000871212 -0.00192308 -0.0001875 -0.00123529 -0.000254237 0.001 0.000357143 -0.000479452 -0.00207692 0.000129683 0.000292308 1.75439e-05 -0.00069697 -0.00124113 -0.000607477 0.00185185 0.00268116 0.000294118 0.001 0.00149485 0.00254098 -0.00288732 9.09091e-05 -0.00113636 0.00388889 0.00225 0.00256098
internal_weight=1364 1297 268 1029 480 549 412 163 137 247 219 67 69 133 68 111 87 61 317 297 264 104 160 85 59 75 112 73 65 347 325 285 165 141 107 108 69 68 120 97 61 71 55 44 45 40 41
internal_count=1364 1297 268 1029 480 549 412 163 137 247 219 67 69 133 68 111 87 61 317 297 264 104 160 85 59 75 112 73 65 347 325 285 165 141 107 108 69 68 120 97 61 71 55 44 45 40 41
is_linear=0
shrinkage=0.005


Tree=9
num_leaves=51
num_cat=0
split_feature=68 96 16 87 24 43 23 33 24 38 24 24 68 4 28 43 78 100 43 43 63 100 69 1 81 97 24 64 81 81 16 35 3 13 44 23 30 16 30 69 83 25 75 36 89 44 1 71 28 28
split_gain=10.2895 12.8385 11.3503 9.71457 8.32899 9.13935 12.4421 9.15826 8.63852 10.5949 10.3589 8.06648 8.04268 8.34568 7.79878 7.7913 7.38177 10.6365 9.00451 8.9862 7.33192 7.29824 8.94721 7.2018 7.17309 7.11765 7.09751 6.97233 6.81086 14.1636 6.78462 6.78205 7.81441 6.43688 6.39524 6.48 5.2272 5.03599 12.0872 6.43008 5.4552 4.9 4.06 3.65801 3.61797 3.51736 3.26667 3.24 1.67619 1.6
threshold=802.66750000000013 1.0000000180025095e-35 5647.5500000000002 0.11458333333333336 14.275000000000002 85.130001068115249 10.250000000000002 8.2500000000000018 12.875000000000002 8.6750000000000025 11.875000000000002 11.025000000000002 1234.0500000000002 2788.4550000000004 26.725000000000005 65.854999542236342 491.28076736111115 0.44791666666666669 87.31000137329103 71.299999237060561 27625.550000000007 0.010416666666666668 33090.600000000013 15941.600000000002 4218.5009817225955 0.15625000000000003 10.275000000000002 965.69150000000013 4238.168459158268 3932.954332155778 6662.6000000000013 25.025000000000002 14392.000000000002 2102.0000000000005 2.9595000743865971 97.250000000000014 95.250000000000014 4898.9000000000005 94.250000000000014 30927.600000000002 2231.3500000000008 127.75000000000001 495.30271142974146 85.250000000000014 1374.0394687500002 2.6269999742507939 13197.85 0.99950000000000017 23.375000000000004 27.825000000000006
decision_type=2 2 2 2 2 2 2 2 2 2 2 2 2 2 2 2 2 2 2 2 2 2 2 2 2 2 2 2 2 2 2 2 2 2 2 2 2 2 2 2 2 2 2 2 2 2 2 2 2 2
left_child=3 4 46 34 5 6 7 -2 9 10 11 12 15 33 -4 -8 18 24 19 -5 -15 -7 37 45 25 -18 36 -17 29 42 47 -6 43 -14 -1 -36 -11 -23 39 -39 -40 -30 -21 -33 -26 -22 -3 -19 -47 -48
right_child=1 2 14 16 31 21 8 -9 -10 26 -12 -13 13 20 -16 27 17 30 -20 28 23 22 -24 -25 44 -27 -28 -29 41 -31 -32 32 -34 -35 35 -37 -38 38 40 -41 -42 -43 -44 -45 -46 48 49 -49 -50 -51
leaf_value=0.0035620062566502544 -9.3451747659377484e-07 -0.0014751220765109019 4.970554319258375e-06 0.00064053142418871319 -0.00072936120341513704 -1.3603051570919193e-06 -9.5197046018423871e-05 0.00025901053624118145 1.0249005107120569e-05 -0.00040576606085895709 -0.00036172115872287047 1.4002494680937358e-05 -1.3388647801112492e-06 2.4765691195679161e-06 -0.00049153758059114613 1.907394079944966e-06 -0.00010939465816517689 -0.0043352066172488365 5.7955230256578861e-06 -0.0029358332930403252 -2.5261252334344485e-06 0.00032809175282473465 -2.5679673007673845e-07 4.6012110890138707e-07 7.7445727494401934e-06 1.0583294420602988e-05 -7.2380980054232209e-09 0.0010839201831837591 1.1951753102641159e-07 1.1269366437196979e-05 6.5453399009071004e-06 5.3142700916002576e-06 -0.00011391545686578627 3.0438856490354933e-06 0.0017914228512401504 -3.7096875235808931e-06 -0.0003971511247318133 8.3021261166379759e-06 -0.00027069914772314568 5.735937607419602e-05 7.5475263764185498e-07 -0.0034327905005712813 2.8624308323415037e-06 -1.030709804382009e-06 0.0034398220614178594 -7.5557773912777434e-06 -0.016786297691840799 -1.0038930503360774e-05 -0.00097501481521416718 -0.016302319106363428
leaf_weight=32 20 24 22 36 26 27 21 33 36 34 24 29 29 22 37 33 34 20 33 21 20 37 39 24 23 34 26 36 20 31 20 20 36 25 25 25 25 29 24 34 22 20 22 22 25 20 20 25 22 20
leaf_count=32 20 24 22 36 26 27 21 33 36 34 24 29 29 22 37 33 34 20 33 21 20 37 39 24 23 34 26 36 20 31 20 20 36 25 25 25 25 29 24 34 22 20 22 22 25 20 20 25 22 20
internal_value=0.000139296 -0.000163399 -0.00166667 0.000762332 6.91824e-05 0.000267728 -0.000114823 0.00216981 -0.000399061 -0.000615385 -0.000180328 8.8968e-05 -0.000198413 -0.000864198 -8.47458e-05 0.001 0.000412088 -0.000303867 0.00112022 0.0006 -0.00166667 0.00113208 0.00148649 -0.00232558 0.000603448 -0.000441176 -0.00217647 0.00181159 -8.77193e-05 0.000810811 -0.00192308 -0.00125 -0.000512821 0.000740741 0.00231707 0.0012 -0.00313559 0.00205479 0.00151376 0.00293651 -0.000434783 -0.00175 -0.00104651 0.000952381 0.00208333 -0.00322581 -0.003125 -0.003 -0.00404762 -0.004
internal_weight=1364 918 123 446 795 691 479 53 426 390 305 281 252 162 59 90 364 181 183 150 108 212 185 86 116 68 85 69 114 74 65 104 78 54 82 50 59 146 109 63 46 40 43 42 48 62 64 45 42 40
internal_count=1364 918 123 446 795 691 479 53 426 390 305 281 252 162 59 90 364 181 183 150 108 212 185 86 116 68 85 69 114 74 65 104 78 54 82 50 59 146 109 63 46 40 43 42 48 62 64 45 42 40
is_linear=0
shrinkage=0.005


end of trees

feature_importances:
wind_speed_hanoi=18
disp_solar_midday_mw=17
load_south_mw=13
smp_lag_336=13
smp_north_lag_336=13
hydro_inflow_m3s=12
cloud_cover_hanoi=12
brent_price=12
load_lag_336=12
smp_lag_50=11
disp_hydro_midday_mw=10
disp_wind_evening_mw=10
temperature_hcmc=10
smp_south_lag_336=10
load_rolling_std_24h=10
load_north_mw=9
hydro_spill_discharge_m3s=9
wind_speed_danang=9
direct_radiation_hcmc=9
diffuse_radiation_hcmc=9
load_rolling_std_72h=9
disp_hydro_evening_mw=8
dxy_index=8
smp_lag_49=8
smp_north_lag_48=8
zero_prob_72h=8
disp_total_evening_mw=7
disp_wind_midday_mw=7
humidity_hanoi=7
direct_radiation_danang=7
load_rolling_mean_72h=7
margin_temp_interaction=7
load_total_mw=6
hydro_water_level_m=6
direct_radiation_hanoi=6
humidity_danang=6
humidity_hcmc=6
wind_speed_hcmc=6
hydro_depletion_index=6
spike_prob_24h=6
hydro_total_discharge_m3s=5
temperature_hanoi=5
cloud_cover_danang=5
shortwave_radiation_hcmc=5
load_lag_96=5
smp_rolling_mean_24h=5
smp_rolling_mean_72h=5
solar_gen_proxy=5
load_central_mw=4
disp_total_midday_mw=4
temperature_danang=4
cloud_cover_hcmc=4
coal_proxy_price=4
gas_proxy_price=4
usd_vnd=4
smp_rolling_std_24h=4
is_spike=4
is_zero=4
hydro_plant_discharge_m3s=3
disp_solar_evening_mw=3
shortwave_radiation_hanoi=3
diffuse_radiation_hanoi=3
shortwave_radiation_danang=3
sin_dow=3
smp_lag_48=3
load_lag_49=3
smp_lag_96=3
load_rolling_mean_24h=3
load_ramp_lag48=3
wind_gen_proxy=3
residual_load_proxy=3
diffuse_radiation_danang=2
cos_dow=2
smp_rolling_std_72h=2
price_spread_ns_lag48=2
smp_yesterday_max=2
thermal_margin_proxy=2
sin_month=1
load_lag_48=1
smp_south_lag_48=1
smp_yesterday_min=1
smp_yesterday_zero_ratio=1
hydro_discharge_rolling_24h=1
spike_prob_72h=1

parameters:
[boosting: gbdt]
[objective: regression_l1]
[metric: l1]
[tree_learner: serial]
[device_type: cpu]
[data_sample_strategy: bagging]
[data: ]
[valid: ]
[num_iterations: 3000]
[learning_rate: 0.005]
[num_leaves: 127]
[num_threads: -1]
[seed: 42]
[deterministic: 0]
[force_col_wise: 0]
[force_row_wise: 0]
[histogram_pool_size: -1]
[max_depth: -1]
[min_data_in_leaf: 20]
[min_sum_hessian_in_leaf: 0.001]
[bagging_fraction: 0.8]
[pos_bagging_fraction: 1]
[neg_bagging_fraction: 1]
[bagging_freq: 5]
[bagging_seed: 400]
[bagging_by_query: 0]
[feature_fraction: 0.5]
[feature_fraction_bynode: 1]
[feature_fraction_seed: 30056]
[extra_trees: 0]
[extra_seed: 12879]
[early_stopping_round: 0]
[early_stopping_min_delta: 0]
[first_metric_only: 0]
[max_delta_step: 0]
[lambda_l1: 0]
[lambda_l2: 0]
[linear_lambda: 0]
[min_gain_to_split: 0]
[drop_rate: 0.1]
[max_drop: 50]
[skip_drop: 0.5]
[xgboost_dart_mode: 0]
[uniform_drop: 0]
[drop_seed: 17869]
[top_rate: 0.2]
[other_rate: 0.1]
[min_data_per_group: 100]
[max_cat_threshold: 32]
[cat_l2: 10]
[cat_smooth: 10]
[max_cat_to_onehot: 4]
[top_k: 20]
[monotone_constraints: ]
[monotone_constraints_method: basic]
[monotone_penalty: 0]
[feature_contri: ]
[forcedsplits_filename: ]
[refit_decay_rate: 0.9]
[cegb_tradeoff: 1]
[cegb_penalty_split: 0]
[cegb_penalty_feature_lazy: ]
[cegb_penalty_feature_coupled: ]
[path_smooth: 0]
[interaction_constraints: ]
[verbosity: -1]
[saved_feature_importance_type: 0]
[use_quantized_grad: 0]
[num_grad_quant_bins: 4]
[quant_train_renew_leaf: 0]
[stochastic_rounding: 1]
[linear_tree: 0]
[max_bin: 255]
[max_bin_by_feature: ]
[min_data_in_bin: 3]
[bin_construct_sample_cnt: 200000]
[data_random_seed: 175]
[is_enable_sparse: 1]
[enable_bundle: 1]
[use_missing: 1]
[zero_as_missing: 0]
[feature_pre_filter: 1]
[pre_partition: 0]
[two_round: 0]
[header: 0]
[label_column: ]
[weight_column: ]
[group_column: ]
[ignore_column: ]
[categorical_feature: ]
[forcedbins_filename: ]
[precise_float_parser: 0]
[parser_config_file: ]
[objective_seed: 16083]
[num_class: 1]
[is_unbalance: 0]
[scale_pos_weight: 1]
[sigmoid: 1]
[boost_from_average: 1]
[reg_sqrt: 0]
[alpha: 0.9]
[fair_c: 1]
[poisson_max_delta_step: 0.7]
[tweedie_variance_power: 1.5]
[lambdarank_truncation_level: 30]
[lambdarank_norm: 1]
[label_gain: ]
[lambdarank_position_bias_regularization: 0]
[eval_at: ]
[multi_error_top_k: 1]
[auc_mu_weights: ]
[num_machines: 1]
[local_listen_port: 12400]
[time_out: 120]
[machine_list_filename: ]
[machines: ]
[gpu_platform_id: -1]
[gpu_device_id: -1]
[gpu_use_dp: 0]
[num_gpu: 1]

end of parameters

pandas_categorical:null
