tree
version=v4
num_class=1
num_tree_per_iteration=1
label_index=0
max_feature_idx=100
objective=regression_l1
feature_names=load_total_mw load_north_mw load_central_mw load_south_mw hydro_inflow_m3s hydro_total_discharge_m3s hydro_plant_discharge_m3s hydro_spill_discharge_m3s hydro_water_level_m disp_total_installed_mw disp_total_midday_mw disp_total_evening_mw disp_hydro_installed_mw disp_hydro_midday_mw disp_hydro_evening_mw disp_solar_installed_mw disp_solar_midday_mw disp_solar_evening_mw disp_wind_installed_mw disp_wind_midday_mw disp_wind_evening_mw temperature_hanoi humidity_hanoi cloud_cover_hanoi wind_speed_hanoi shortwave_radiation_hanoi direct_radiation_hanoi diffuse_radiation_hanoi temperature_danang humidity_danang cloud_cover_danang wind_speed_danang shortwave_radiation_danang direct_radiation_danang diffuse_radiation_danang temperature_hcmc humidity_hcmc cloud_cover_hcmc wind_speed_hcmc shortwave_radiation_hcmc direct_radiation_hcmc diffuse_radiation_hcmc coal_proxy_price brent_price gas_proxy_price usd_vnd dxy_index is_weekend is_workday is_holiday is_tet is_pre_holiday is_post_holiday season sin_hour cos_hour sin_dow cos_dow sin_month cos_month smp_lag_48 load_lag_48 smp_lag_49 load_lag_49 smp_lag_50 load_lag_50 smp_lag_96 load_lag_96 smp_lag_336 load_lag_336 smp_north_lag_48 smp_south_lag_48 smp_north_lag_336 smp_south_lag_336 smp_rolling_mean_24h smp_rolling_std_24h load_rolling_mean_24h load_rolling_std_24h smp_rolling_mean_72h smp_rolling_std_72h load_rolling_mean_72h load_rolling_std_72h price_spread_ns_lag48 load_ramp_lag48 smp_yesterday_mean smp_yesterday_max smp_yesterday_min smp_yesterday_zero_ratio hydro_discharge_rolling_24h solar_gen_proxy wind_gen_proxy residual_load_proxy thermal_margin_proxy hydro_depletion_index margin_temp_interaction is_spike is_zero spike_prob_24h spike_prob_72h zero_prob_24h zero_prob_72h
feature_infos=[16738.400000000001:43669.699999999997] [8141:23529.633000000002] [1030.2:4920.1390000000001] [6568.3000000000002:17620.469000000001] [-24696.790000000001:52718.32] [261.23000000000002:27182.77] [243.56999999999999:14362.75] [11.359999999999999:15398] [386.1925:23252.132105263157] none [14491.4:47673.900000000001] [19152.799999999999:47033.400000000001] none [-3952.3000000000002:18862.5] [6035.6999999999998:23435.200000000001] none [0:8134.5] [0:344.30000000000001] none [0:4273.1999999999998] [0:4263.3999999999996] [7.5:32.299999999999997] [31:99] [0:100] [0.55000000000000004:30.25] [3.5:282] [0:208.5] [3.5:150.5] [16.050000000000001:33.25] [52:99.5] [0:100] [0.80000000000000004:50] [7:306.5] [0:234] [7:146] [20.600000000000001:31.300000000000001] [56:98] [0:100] [0.5:24] [16:265] [0:198] [16:133.5] [63.700000762939453:438.35000610351562] [55.099998474121087:127.98000335693359] [1.5750000476837158:9.6800003051757795] [22394.345703125:26405] [89.639999389648438:114.11000061035156] [0:1] [0:1] [0:1] [0:1] [0:1] [0:1] [1:4] none none [-0.97492791218182362:0.97492791218182362] [-0.90096886790241903:1] [-1:1] [-1:1] [0:1778.5999999999999] [16738.400000000001:43669.699999999997] [0:1778.5999999999999] [16515.5:40602.099999999999] [0:1778.5999999999999] [15251.9:39424.300000000003] [0:1778.5999999999999] [16738.400000000001:43669.699999999997] [0:1778.5999999999999] [16738.400000000001:43669.699999999997] [0:1778.5999999999999] [0:1778.5999999999999] [0:1778.5999999999999] [0:1778.5999999999999] [0:1778.5999999999999] [0:869.78656539635756] [15840.402083333332:48300.345833333326] [1494.0634266859377:7412.3475695858406] [0.069944444444444434:1778.5999999999999] [0:822.68470809772941] [15990.384722222221:45267.230555555558] [2009.5728777065494:7328.5193476692311] [-1602.3:1778.5999999999999] [-2000.7000000000007:5250.3000000000029] [0:1778.5999999999999] [0:1778.5999999999999] [0:1778.5999999999999] [0:1] [919.52208333333328:41870.738333333335] [112.0236:1855.3908750000001] [124.17300000000002:5960.3040000000001] [13767.265887500002:40395.97834999999] [13155.821650000013:39784.534112499998] [386.1925:23252.132105263157] [371342.92174875003:1122197.6812312501] [0:1] [0:1] [0:1] [0:1] [0:1] [0:1]
tree_sizes=4277 4483

Tree=0
num_leaves=52
num_cat=0
split_feature=20 62 73 72 4 70 93 40 38 30 68 7 7 94 70 30 16 80 64 28 38 20 20 83 75 42 19 14 58 40 4 0 93 83 42 24 46 83 16 26 40 56 75 95 98 92 30 7 38 0 0
split_gain=23.459 23.2948 21.9537 20.6152 15.9848 14.5541 11.9893 10.833 9.55407 9.42279 9.3887 9.22886 8.34988 7.52777 7.31096 6.85714 6.69518 6.66735 6.49279 5.89184 6.44481 6.33168 6.49151 6.7681 5.76571 5.55395 5.53143 5.36493 4.89067 4.83952 4.548 4.6214 4.25806 4.2517 4.14002 5.78343 3.94481 3.8993 3.72975 3.49249 3.17007 2.8458 2.75974 2.28351 2.89855 2.3142 2.1856 2.16312 1.3174 0.113043 0.111111
threshold=2201.9000000000005 1375.0500000000002 1266.8995000000002 962.50000000000011 2870.0650000000005 735.00000000000011 413.11269230769238 58.250000000000007 7.4750000000000014 94.250000000000014 1499.9500000000003 20.515000000000004 18.140000000000004 597292.14625062526 994.78700000000015 76.750000000000014 5940.1500000000005 33827.612847222226 1509.5500000000002 30.775000000000002 9.2750000000000021 1295.2500000000002 994.1500000000002 1795.4499999999973 573.84742661286407 110.52500152587892 756.50000000000011 17623.850000000002 1.0000000180025095e-35 46.250000000000007 15186.235000000002 30518.850000000002 415.27973684210531 1579.9499999999991 121.66500091552736 8.0250000000000021 103.15500259399415 2148.8500000000008 5392.3000000000011 7.2500000000000009 150.25000000000003 1.0000000180025095e-35 514.69962759720613 1.0000000180025095e-35 0.70486111111111127 25446.767331250008 93.750000000000014 65.200000000000017 7.5250000000000012 31498.850000000002 30563.050000000007
decision_type=2 2 2 2 2 2 2 2 2 2 2 2 2 2 2 2 2 2 2 2 2 2 2 2 2 2 2 2 2 2 2 2 2 2 2 2 2 2 2 2 2 2 2 2 2 2 2 2 2 2 2
left_child=1 3 24 5 12 7 14 34 25 11 17 48 -5 -8 28 -10 46 33 41 20 21 22 23 -9 29 -7 -11 -15 -6 -3 31 -25 -22 -2 35 -1 -21 -27 -20 -28 -33 -12 -19 45 49 -31 -16 -13 -4 -45 -30
right_child=10 2 9 4 6 8 13 19 15 26 18 47 -14 27 16 -17 -18 42 38 36 32 -23 -24 30 -26 37 39 -29 50 43 -32 40 -34 -35 -36 -37 -38 -39 -40 -41 -42 -43 -44 44 -46 -47 -48 -49 -50 -51 -52
leaf_value=-0.029124834537506104 0.0010547156631946564 0 0 0 -0.029805026054382323 0.0022170062363147734 0.0011732057109475136 0.0021883845329284668 0.00073632791638374336 0 -0.027812783718109132 0.00063882663846015931 0.00064655672758817673 -0.019605798721313478 -0.00036566754803061489 -6.3930759206414227e-05 0.00021432274952530863 -0.0026413349062204363 0 0.0036107286810874938 -0.0034657359123229981 0.0050197935104370119 -4.3290893081575632e-05 0 4.9292291514575481e-05 0.0034657359123229981 -0.00085609473288059232 0 -0.0015006975829601288 0.00013386555947363378 -8.8881319388747212e-05 0.0018653084337711334 0 0 0 0 0 0 -0.0012527090683579446 -8.5679400945082305e-06 0 -0.003342292159795761 0 0.0020194363594055178 0.00030108654871582988 0.0019918975234031679 -0.0029749396443367005 0.00076445288956165317 0 0.032015229463577273 -0.001584494858980179
leaf_weight=25 21 22 22 21 35 33 24 33 21 25 29 21 38 34 20 27 25 34 23 20 31 33 26 20 36 33 23 21 20 29 22 33 33 28 32 31 22 29 28 22 20 24 22 20 23 25 21 20 36 26 25
leaf_count=25 21 22 22 21 35 33 24 33 21 25 29 21 38 34 20 27 25 34 23 20 31 33 26 20 36 33 23 21 20 29 22 33 33 28 32 31 22 29 28 22 20 24 22 20 23 25 21 20 36 26 25
internal_value=5.85223e-05 0.000336788 0.00141429 -0.00012995 -0.00121479 0.000458015 -0.00182222 -5.24934e-05 0.00181818 0.000118343 -0.00148325 0.00111111 0.00110169 -0.000253165 -0.00267123 0 -0.00143939 -0.000428571 -0.00254808 0.000409556 0.000119522 0.000588235 0.000162338 0.000625 0.00262431 0.00273684 -0.00128571 -0.00127273 -0.0036875 0.00306897 -5.26316e-05 0.000547945 -0.00125 0.000918367 -0.00159091 -0.00241071 0.00214286 0.00185484 -0.00127451 -0.00233333 0.00132075 -0.00377358 -0.00160714 0.00345528 0.00405797 0.00268519 -0.00268293 0.00292683 -0.000172414 0.00478261 -0.00477778
internal_weight=1367 1158 350 808 284 524 225 381 143 169 209 99 59 79 146 48 66 105 104 293 251 187 154 128 181 95 70 55 80 145 95 73 64 49 88 56 42 62 51 45 53 53 56 123 69 54 41 41 58 46 45
internal_count=1367 1158 350 808 284 524 225 381 143 169 209 99 59 79 146 48 66 105 104 293 251 187 154 128 181 95 70 55 80 145 95 73 64 49 88 56 42 62 51 45 53 53 56 123 69 54 41 41 58 46 45
is_linear=0
shrinkage=0.005


Tree=1
num_leaves=52
num_cat=0
split_feature=29 72 96 70 0 20 64 33 0 81 24 98 97 13 81 14 72 1 91 94 90 28 29 90 20 97 91 24 97 10 16 82 1 10 70 30 8 90 40 78 94 77 97 70 70 90 72 98 74 28 10
split_gain=19.4425 22.5085 17.0013 16.6221 12.3725 11.996 10.7184 10.4184 10.2006 11.0138 10.276 9.7185 9.26897 8.93308 8.51065 11.5776 7.58564 6.85986 6.85295 7.31231 6.5491 6.2747 6.39361 6.22353 6.112 6.10159 5.15062 7.42858 5.1483 8.09365 4.8186 8.24655 8.49232 5.65324 4.79057 5.68364 4.69444 4.65197 4.43667 4.43416 4.34683 4.2468 4.0369 4.02153 6.72332 3.89864 3.85 3.09215 3.07559 2.16 2.11853
threshold=93.250000000000014 1097.1530000000002 1.0000000180025095e-35 1000.4405 35167.80000000001 2826.3000000000006 927.16450000000009 24.250000000000004 32594.900000000005 4422.8450245745289 7.2750000000000012 0.49652777777777785 0.42708333333333343 3273.2500000000005 4498.202004765365 21577.750000000004 1285.0135000000002 16081.750000000002 26218.793025000003 712326.1988003127 1992.9766500000003 30.725000000000005 72.250000000000014 1682.5441500000004 1122.7500000000002 0.17708333333333334 33939.985987500004 11.175000000000002 0.44791666666666669 34617.400000000001 6495.3000000000002 -184.74699999999993 13671.150000000003 31957.350000000002 798.88000000000011 89.750000000000014 417.69184210526322 1769.4652500000004 67.750000000000014 305.13217708333337 594416.73712343758 4110.648836480982 0.67708333333333337 1561.4555000000003 1316.2175000000002 1272.7732500000004 1682.5500000000002 0.48263888888888895 320.47737500000005 25.525000000000002 34617.400000000001
decision_type=2 2 2 2 2 2 2 2 2 2 2 2 2 2 2 2 2 2 2 2 2 2 2 2 2 2 2 2 2 2 2 2 2 2 2 2 2 2 2 2 2 2 2 2 2 2 2 2 2 2 2
left_child=1 2 4 13 17 8 24 -2 9 10 11 40 14 -3 15 21 -12 18 23 30 45 22 -4 49 -6 -19 27 39 29 -10 31 -20 -33 -34 35 -15 -37 -13 -30 -24 -5 50 -22 44 -9 -18 -40 -7 -16 -1 -41
right_child=7 3 12 5 6 47 -8 43 28 -11 16 37 -14 34 48 -17 20 25 19 -21 42 -23 26 -25 -26 -27 -28 -29 38 -31 -32 32 33 -35 -36 36 -38 -39 46 41 -42 -43 -44 -45 -46 -47 -48 -49 -50 -51 -52
leaf_value=0.0020763637125492096 -1.5054327435791494e-06 0 -0.0032222427964210508 0.0009755943715572357 -1.0163998999632896e-05 -0.0024708791499026121 -0.0007360775531444233 0.00085409360472112896 0.0018174143880605698 -0.00095278312917798755 -0.00040561466091312463 3.1531925211311322e-06 0.0032376196980476381 -0.00033301358707249164 -0.00056636309986351986 6.8255405640229583e-06 0 0.00045411240095272665 -0.001079198524239473 -0.00035544072315096858 -0.0002223980374634266 0.00018782664090394974 0 0.00021100962592754513 0.00046917296946048738 0.0057184881437569854 6.5600773232290522e-06 0 -7.8157545067369946e-05 0.00013020791040034967 0.00077263399661751475 -1.7328679561614992e-05 0.0010079871350899339 1.5982689801603557e-07 -0.0031317475356161598 -0.030485320878028872 -0.0030309380058199165 -9.9594876170158391e-06 0.0010634191242745146 -0.016000643968582154 0.00012997687328606845 0 3.1531925211311322e-06 0.00060638381503522393 0 -0.00057944084256887434 0 -0.0034657359123229981 -9.3265421688556668e-06 0.029647068321704863 -0.0030142838239669801
leaf_weight=25 21 38 28 21 22 22 32 23 26 27 20 22 22 22 20 30 39 20 20 23 25 34 32 36 30 36 20 36 20 20 24 23 37 28 28 25 20 21 20 20 25 25 28 32 21 38 35 27 33 24 21
leaf_count=25 21 38 28 21 22 22 32 23 26 27 20 22 22 22 20 30 39 20 20 23 25 34 32 36 30 36 20 36 20 20 24 23 37 28 28 25 20 21 20 20 25 25 28 32 21 38 35 27 33 24 21
internal_value=7.31529e-06 -0.00015748 0.000442225 -0.000896309 0.00115789 -0.000424312 -0.000535714 0.00216495 -0.000129199 -0.000676692 -0.000334728 0.00101124 -0.000404984 -0.00244361 -0.000635452 -0.000243902 -0.00113333 0.00163851 0.00127083 0.000645161 -0.000692308 -0.000648148 -0.00101648 0.00241176 0.000865385 0.00321429 -0.000616883 -0.000970149 0.00107438 0.0023913 0.00109848 0.000648148 0.00130682 0.00223077 -0.00326316 -0.00253731 -0.00355556 -0.000697674 0.000266667 -0.00168367 0.0026087 -0.00242424 0.000660377 0.00302632 0.00204545 -0.00162338 0.001 -0.0027551 -0.00245283 0.00357143 -0.00341463
internal_weight=1367 1270 701 569 380 436 84 97 387 266 239 89 321 133 299 246 150 296 240 155 130 216 182 85 52 56 154 134 121 46 132 108 88 65 95 67 45 43 75 98 46 66 53 76 44 77 55 49 53 49 41
internal_count=1367 1270 701 569 380 436 84 97 387 266 239 89 321 133 299 246 150 296 240 155 130 216 182 85 52 56 154 134 121 46 132 108 88 65 95 67 45 43 75 98 46 66 53 76 44 77 55 49 53 49 41
is_linear=0
shrinkage=0.005


end of trees

feature_importances:
smp_north_lag_48=6
load_total_mw=5
disp_wind_evening_mw=5
cloud_cover_danang=4
direct_radiation_hcmc=4
smp_north_lag_336=4
wind_gen_proxy=4
spike_prob_24h=4
hydro_spill_discharge_m3s=3
disp_total_midday_mw=3
disp_solar_midday_mw=3
wind_speed_hanoi=3
temperature_danang=3
wind_speed_hcmc=3
load_ramp_lag48=3
margin_temp_interaction=3
spike_prob_72h=3
load_north_mw=2
hydro_inflow_m3s=2
disp_hydro_evening_mw=2
humidity_danang=2
coal_proxy_price=2
smp_lag_50=2
smp_rolling_std_24h=2
load_rolling_std_72h=2
residual_load_proxy=2
hydro_depletion_index=2
hydro_water_level_m=1
disp_hydro_midday_mw=1
disp_wind_midday_mw=1
direct_radiation_hanoi=1
direct_radiation_danang=1
dxy_index=1
sin_dow=1
sin_month=1
smp_lag_49=1
smp_lag_336=1
smp_south_lag_336=1
smp_rolling_mean_24h=1
load_rolling_std_24h=1
smp_rolling_mean_72h=1
load_rolling_mean_72h=1
price_spread_ns_lag48=1
thermal_margin_proxy=1
is_spike=1
is_zero=1

parameters:
[boosting: gbdt]
[objective: regression_l1]
[metric: l1]
[tree_learner: serial]
[device_type: cpu]
[data_sample_strategy: bagging]
[data: ]
[valid: ]
[num_iterations: 3000]
[learning_rate: 0.005]
[num_leaves: 127]
[num_threads: -1]
[seed: 42]
[deterministic: 0]
[force_col_wise: 0]
[force_row_wise: 0]
[histogram_pool_size: -1]
[max_depth: -1]
[min_data_in_leaf: 20]
[min_sum_hessian_in_leaf: 0.001]
[bagging_fraction: 0.8]
[pos_bagging_fraction: 1]
[neg_bagging_fraction: 1]
[bagging_freq: 5]
[bagging_seed: 400]
[bagging_by_query: 0]
[feature_fraction: 0.5]
[feature_fraction_bynode: 1]
[feature_fraction_seed: 30056]
[extra_trees: 0]
[extra_seed: 12879]
[early_stopping_round: 0]
[early_stopping_min_delta: 0]
[first_metric_only: 0]
[max_delta_step: 0]
[lambda_l1: 0]
[lambda_l2: 0]
[linear_lambda: 0]
[min_gain_to_split: 0]
[drop_rate: 0.1]
[max_drop: 50]
[skip_drop: 0.5]
[xgboost_dart_mode: 0]
[uniform_drop: 0]
[drop_seed: 17869]
[top_rate: 0.2]
[other_rate: 0.1]
[min_data_per_group: 100]
[max_cat_threshold: 32]
[cat_l2: 10]
[cat_smooth: 10]
[max_cat_to_onehot: 4]
[top_k: 20]
[monotone_constraints: ]
[monotone_constraints_method: basic]
[monotone_penalty: 0]
[feature_contri: ]
[forcedsplits_filename: ]
[refit_decay_rate: 0.9]
[cegb_tradeoff: 1]
[cegb_penalty_split: 0]
[cegb_penalty_feature_lazy: ]
[cegb_penalty_feature_coupled: ]
[path_smooth: 0]
[interaction_constraints: ]
[verbosity: -1]
[saved_feature_importance_type: 0]
[use_quantized_grad: 0]
[num_grad_quant_bins: 4]
[quant_train_renew_leaf: 0]
[stochastic_rounding: 1]
[linear_tree: 0]
[max_bin: 255]
[max_bin_by_feature: ]
[min_data_in_bin: 3]
[bin_construct_sample_cnt: 200000]
[data_random_seed: 175]
[is_enable_sparse: 1]
[enable_bundle: 1]
[use_missing: 1]
[zero_as_missing: 0]
[feature_pre_filter: 1]
[pre_partition: 0]
[two_round: 0]
[header: 0]
[label_column: ]
[weight_column: ]
[group_column: ]
[ignore_column: ]
[categorical_feature: ]
[forcedbins_filename: ]
[precise_float_parser: 0]
[parser_config_file: ]
[objective_seed: 16083]
[num_class: 1]
[is_unbalance: 0]
[scale_pos_weight: 1]
[sigmoid: 1]
[boost_from_average: 1]
[reg_sqrt: 0]
[alpha: 0.9]
[fair_c: 1]
[poisson_max_delta_step: 0.7]
[tweedie_variance_power: 1.5]
[lambdarank_truncation_level: 30]
[lambdarank_norm: 1]
[label_gain: ]
[lambdarank_position_bias_regularization: 0]
[eval_at: ]
[multi_error_top_k: 1]
[auc_mu_weights: ]
[num_machines: 1]
[local_listen_port: 12400]
[time_out: 120]
[machine_list_filename: ]
[machines: ]
[gpu_platform_id: -1]
[gpu_device_id: -1]
[gpu_use_dp: 0]
[num_gpu: 1]

end of parameters

pandas_categorical:null
