tree
version=v4
num_class=1
num_tree_per_iteration=1
label_index=0
max_feature_idx=100
objective=regression_l1
feature_names=load_total_mw load_north_mw load_central_mw load_south_mw hydro_inflow_m3s hydro_total_discharge_m3s hydro_plant_discharge_m3s hydro_spill_discharge_m3s hydro_water_level_m disp_total_installed_mw disp_total_midday_mw disp_total_evening_mw disp_hydro_installed_mw disp_hydro_midday_mw disp_hydro_evening_mw disp_solar_installed_mw disp_solar_midday_mw disp_solar_evening_mw disp_wind_installed_mw disp_wind_midday_mw disp_wind_evening_mw temperature_hanoi humidity_hanoi cloud_cover_hanoi wind_speed_hanoi shortwave_radiation_hanoi direct_radiation_hanoi diffuse_radiation_hanoi temperature_danang humidity_danang cloud_cover_danang wind_speed_danang shortwave_radiation_danang direct_radiation_danang diffuse_radiation_danang temperature_hcmc humidity_hcmc cloud_cover_hcmc wind_speed_hcmc shortwave_radiation_hcmc direct_radiation_hcmc diffuse_radiation_hcmc coal_proxy_price brent_price gas_proxy_price usd_vnd dxy_index is_weekend is_workday is_holiday is_tet is_pre_holiday is_post_holiday season sin_hour cos_hour sin_dow cos_dow sin_month cos_month smp_lag_48 load_lag_48 smp_lag_49 load_lag_49 smp_lag_50 load_lag_50 smp_lag_96 load_lag_96 smp_lag_336 load_lag_336 smp_north_lag_48 smp_south_lag_48 smp_north_lag_336 smp_south_lag_336 smp_rolling_mean_24h smp_rolling_std_24h load_rolling_mean_24h load_rolling_std_24h smp_rolling_mean_72h smp_rolling_std_72h load_rolling_mean_72h load_rolling_std_72h price_spread_ns_lag48 load_ramp_lag48 smp_yesterday_mean smp_yesterday_max smp_yesterday_min smp_yesterday_zero_ratio hydro_discharge_rolling_24h solar_gen_proxy wind_gen_proxy residual_load_proxy thermal_margin_proxy hydro_depletion_index margin_temp_interaction is_spike is_zero spike_prob_24h spike_prob_72h zero_prob_24h zero_prob_72h
feature_infos=[16738.400000000001:43669.699999999997] [8141:23529.633000000002] [1030.2:4920.1390000000001] [6568.3000000000002:17620.469000000001] [-24696.790000000001:52718.32] [261.23000000000002:27182.77] [243.56999999999999:14362.75] [11.359999999999999:15398] [386.1925:23252.132105263157] none [14491.4:47673.900000000001] [19152.799999999999:47033.400000000001] none [-3952.3000000000002:18862.5] [6035.6999999999998:23435.200000000001] none [0:8134.5] [0:344.30000000000001] none [0:4273.1999999999998] [0:4263.3999999999996] [7.5:32.299999999999997] [31:99] [0:100] [0.55000000000000004:30.25] [3.5:282] [0:208.5] [3.5:150.5] [16.050000000000001:33.25] [52:99.5] [0:100] [0.80000000000000004:50] [7:306.5] [0:234] [7:146] [20.600000000000001:31.300000000000001] [56:98] [0:100] [0.5:24] [16:265] [0:198] [16:133.5] [63.700000762939453:438.35000610351562] [55.099998474121087:127.98000335693359] [1.5750000476837158:9.6800003051757795] [22394.345703125:26405] [89.639999389648438:114.11000061035156] [0:1] [0:1] [0:1] [0:1] [0:1] [0:1] [1:4] none none [-0.97492791218182362:0.97492791218182362] [-0.90096886790241903:1] [-1:1] [-1:1] [0:1778.5999999999999] [16738.400000000001:43669.699999999997] [0:1778.5999999999999] [16515.5:40602.099999999999] [0:1778.5999999999999] [15251.9:39424.300000000003] [0:1778.5999999999999] [16738.400000000001:43669.699999999997] [0:1778.5999999999999] [16738.400000000001:43669.699999999997] [0:1778.5999999999999] [0:1778.5999999999999] [0:1778.5999999999999] [0:1778.5999999999999] [0:1778.5999999999999] [0:869.78656539635756] [15840.402083333332:48300.345833333326] [1494.0634266859377:7412.3475695858406] [0.069944444444444434:1778.5999999999999] [0:822.68470809772941] [15990.384722222221:45267.230555555558] [2009.5728777065494:7328.5193476692311] [-1602.3:1778.5999999999999] [-2000.7000000000007:5250.3000000000029] [0:1778.5999999999999] [0:1778.5999999999999] [0:1778.5999999999999] [0:1] [919.52208333333328:41870.738333333335] [112.0236:1855.3908750000001] [124.17300000000002:5960.3040000000001] [13767.265887500002:40395.97834999999] [13155.821650000013:39784.534112499998] [386.1925:23252.132105263157] [371342.92174875003:1122197.6812312501] [0:1] [0:1] [0:1] [0:1] [0:1] [0:1]
tree_sizes=4173 4572 4405 4681 4497 4693 4906 4708 4727 4631 4600 4437 4576 4649 4625 4566

Tree=0
num_leaves=52
num_cat=0
split_feature=72 64 95 70 26 46 46 35 45 77 11 26 93 93 43 95 45 42 25 71 68 70 77 69 38 98 30 16 80 40 83 25 70 26 75 26 38 62 16 75 78 69 24 4 26 7 7 63 30 11 19
split_gain=33.9723 26.6988 24.0212 9.29693 8.82442 10.5906 8.27365 7.92162 7.32784 7.11471 7.86186 5.77243 5.47808 8.1485 6.40279 5.31258 4.87713 4.97555 4.8198 4.74158 4.74113 4.55444 6.14164 4.54096 5.39438 4.00238 3.93195 3.9095 3.81894 3.67905 4.17412 3.53303 5.93075 4.82288 3.77808 3.35741 3.3476 4.46984 7.17455 4.40238 4.55087 3.8006 3.29167 3.24765 3.22626 3.11499 2.37393 2.06832 1.87941 1.22501 0.640244
threshold=1281.3185000000001 1096.3905000000002 1.0000000180025095e-35 1510.7800000000002 135.75000000000003 92.81000137329103 90.939998626708999 25.475000000000005 23014.500000000004 4400.9874293709299 33238.450000000004 1.0000000180025095e-35 393.23111111111115 399.09708333333339 66.614997863769545 1.0000000180025095e-35 22813.500000000004 112.70000076293947 27.000000000000004 1236.5435000000002 1682.5500000000002 1365.6245000000001 3929.2913865803307 33200.05000000001 6.0750000000000011 0.46875000000000006 75.750000000000014 5737.8000000000011 34631.208680555566 160.25000000000003 2937.099999999999 60.750000000000007 1459.9455000000003 3.2500000000000004 475.23071588944146 63.250000000000007 3.0750000000000006 899.85000000000014 5725.5000000000009 495.30271142974146 552.26638194444456 30243.450000000004 6.9250000000000016 4303.9650000000011 74.250000000000014 1858.9600000000003 1173.8500000000001 31887.950000000004 69.750000000000014 41783.950000000004 474.55000000000007
decision_type=2 2 2 2 2 2 2 2 2 2 2 2 2 2 2 2 2 2 2 2 2 2 2 2 2 2 2 2 2 2 2 2 2 2 2 2 2 2 2 2 2 2 2 2 2 2 2 2 2 2 2
left_child=2 8 3 4 6 -6 -1 16 50 10 26 20 -9 -14 -15 28 -8 -18 -13 29 -12 22 -4 24 -10 -17 -3 -23 -11 30 36 33 -33 -20 35 48 -16 38 39 -38 -41 -40 -7 -25 -29 46 47 -43 -34 -49 -2
right_child=1 9 21 -5 5 42 7 12 23 15 11 18 13 14 19 25 17 -19 31 -21 -22 27 -24 43 -26 -27 -28 44 -30 -31 -32 32 34 -35 -36 -37 37 -39 41 40 -42 45 -44 -45 -46 -47 -48 49 -50 -51 -52
leaf_value=-0.00068908721208572389 -0.0019516900181770324 -0.002033069506287575 0.0012819276005029679 0.00039293868467211724 0.0025680986791849136 0 -0.00016483113169670106 -0.0011493373289704323 0 -0.00090373475104570393 0.00058827860280871388 -0.00012859869515523316 0.0013614319264888765 -0.00043640397489070893 -0.0002947252616286278 8.0470154061913489e-05 1.8266438273712994e-05 0.0013056095317006112 0 -0.00030908714979887008 0 0.0017165105044841767 0 0 -0.00088269628584384922 0 0 0.0001265544630587101 0 0 0.00030050940811634065 0 0 0.00039630625396966937 0 0 -0.00045282591134309768 0.00091308791190385823 0.0014259982109069824 0 -0.00083991255611181258 0 0 -0.0014144395291805268 0.017659999132156372 0 0 0 0 0 -0.0026226213574409487
leaf_weight=30 20 22 38 28 20 31 26 22 24 24 22 24 21 35 24 20 32 26 28 31 20 27 30 25 39 28 28 29 20 37 24 36 23 25 39 20 28 34 29 20 22 28 23 24 22 20 21 25 31 21 21
leaf_count=30 20 22 38 28 20 31 26 22 24 24 22 24 21 35 24 20 32 26 28 31 20 27 30 25 39 28 28 29 20 37 24 36 23 25 39 20 28 34 29 20 22 28 23 24 22 20 21 25 31 21 21
internal_value=0.000142648 -0.00079929 0.000802239 0.000395137 0.000269841 0.00189189 5.39568e-05 0.00019962 -0.0025817 -0.000134146 0.000220126 0.000559701 -6.78733e-05 5.95238e-05 -0.000100251 -0.0013587 0.00160714 0.00241379 0.000243363 9.61538e-05 0.0022619 0.00263699 0.00169118 -0.00191964 -0.00103175 -0.000208333 -0.0016 0.00346154 -0.00261364 0.00027027 8.44595e-05 0.00049505 0.000100671 0.00160377 0.000663717 0 -9.19118e-05 8.06452e-05 -0.000186916 -0.0015 -0.00047619 0.000451389 0.000740741 -0.00306122 0.00264706 4.34783e-05 0.000421053 0 -0.000648148 0.000652174 -0.00439024
internal_weight=1367 563 804 658 630 74 556 526 153 410 318 268 442 420 399 92 84 58 226 364 42 146 68 112 63 48 50 78 44 333 296 202 149 53 113 74 272 248 214 70 42 144 54 49 51 115 95 74 54 46 41
internal_count=1367 563 804 658 630 74 556 526 153 410 318 268 442 420 399 92 84 58 226 364 42 146 68 112 63 48 50 78 44 333 296 202 149 53 113 74 272 248 214 70 42 144 54 49 51 115 95 74 54 46 41
is_linear=0
shrinkage=0.005


Tree=1
num_leaves=55
num_cat=0
split_feature=72 98 95 5 78 60 1 1 41 83 72 41 24 16 23 29 82 72 20 29 91 29 3 0 29 30 30 5 98 82 98 24 10 0 10 60 10 90 13 24 64 29 19 64 60 64 81 98 19 13 24 83 77 0
split_gain=28.0948 19.4249 12.8362 8.55275 7.96607 11.6811 7.49436 7.48841 7.47425 7.13977 6.99396 6.05476 5.96226 6.68535 5.52631 6.10815 6.00601 5.98157 7.14332 7.75601 5.20027 4.86974 4.74897 4.72171 4.60882 5.59609 5.43442 4.95403 6.56234 4.77736 4.32 4.09312 4.082 4.32956 4.05993 3.96096 3.96942 3.87525 3.7656 4.72803 3.7145 3.28943 3.26725 4.37592 3.17117 3.025 3.025 2.53376 3.86778 2.26098 2.16443 2.04353 1.89449 0.427907
threshold=1297.9565000000002 0.21180555555555561 1.0000000180025095e-35 3507.1850000000004 1480.4941805555557 1541.7500000000002 13828.450000000003 14281.300000000001 85.750000000000014 306.50000000000006 928.10000000000014 79.250000000000014 9.8750000000000018 4832.1500000000005 98.250000000000014 65.750000000000014 -532.99999999999989 850.57450000000006 513.25000000000011 86.750000000000014 23869.644349999999 80.750000000000014 14730.850000000002 30692.000000000004 93.750000000000014 49.750000000000007 32.250000000000007 4833.6550000000016 0.41319444444444448 11.705500000000031 0.73263888888888895 8.3750000000000018 37281.600000000013 28908.350000000002 31632.150000000005 1499.9500000000003 28208.200000000004 1545.9538500000003 3245.2000000000003 7.1250000000000009 1410.5250000000003 87.250000000000014 966.75000000000011 1.0000000180025095e-35 1367.9500000000003 0.75000000000000011 4196.1638985987784 0.065972222222222238 782.05000000000007 2864.2000000000003 6.8750000000000009 2612.2999999999997 3995.0372167181936 32292.400000000005
decision_type=2 2 2 2 2 2 2 2 2 2 2 2 2 2 2 2 2 2 2 2 2 2 2 2 2 2 2 2 2 2 2 2 2 2 2 2 2 2 2 2 2 2 2 2 2 2 2 2 2 2 2 2 2 2
left_child=2 35 4 -4 5 9 11 37 44 -1 14 20 13 -12 21 -16 -17 18 -18 42 -3 22 50 -14 25 26 -9 28 -27 -30 -22 40 33 -23 -33 36 -2 -8 -38 -40 -29 -15 45 52 -5 -20 -34 -35 -49 -46 -11 -24 -44 -51
right_child=1 6 3 8 -6 -7 7 24 -10 10 12 -13 23 41 15 16 17 -19 19 -21 30 32 51 -25 -26 27 -28 31 29 -31 -32 34 46 47 -36 -37 38 -39 39 -41 -42 -43 43 -45 49 -47 -48 48 -50 53 -52 -53 -54 -55
leaf_value=0.00069280760949477554 -0.0029413921397179366 0 0 0.0008329235982149839 -1.9646934233605861e-06 0.0013572352626360954 0.00029807061888277532 0 1.5638754144310952e-05 4.4798706658184531e-05 2.8733433224260808e-06 -0.0013108605146408081 -0.00030754171404987575 -0.0018897390893660487 2.2641295567154884e-06 -0.00096381713906303046 0.0013354778873734174 -0.0012777721716091036 0 -0.001282181058637798 -0.00053724627252668146 -7.1299910545349118e-06 0 2.8547828085720535e-06 8.7463137169834237e-06 -0.00083968953323201271 0.00043278396129608153 -0.00022507235668599608 0 0 0 0 0 0.00018618100667372345 4.6944513363996524e-06 -2.0117538515478372e-07 -2.0117538515478372e-07 0 -0.00039243426844477654 -0.001650377395004034 0 -0.001119242481328547 0 0.00061003283634781841 0.0010712560640182345 -1.6203631553798913e-05 -9.1332191368564965e-08 0.0010174478803761304 0 0.0014797557891812175 0.0028995551031082869 0 0 0.002534321361780167
leaf_weight=22 24 32 21 31 21 22 28 33 39 23 26 23 23 20 31 34 24 20 20 26 30 33 26 24 26 24 20 20 33 37 20 20 20 20 27 22 24 36 20 24 22 21 21 31 20 20 20 20 25 20 32 21 22 23
leaf_count=22 24 32 21 31 21 22 28 33 39 23 26 23 23 20 31 34 24 20 20 26 30 33 26 24 26 24 20 20 33 37 20 20 20 20 27 22 24 36 20 24 22 21 21 31 20 20 20 20 25 20 32 21 22 23
internal_value=0.000128018 -0.000752294 0.000711679 0.00201299 0.000411677 0.000510046 -0.000266821 0.000107362 0.0024812 0.000384 0.000281924 -0.00142857 -0.000833333 -0.00179104 0.000541922 2.00803e-05 -0.000275229 8.15217e-05 0.000396341 -3.57143e-05 -0.000792683 0.00108333 0.00191176 0.000531915 -0.000267176 -0.000487288 0.000943396 -0.000901639 -0.00170213 -0.000928571 -0.0018 -5.61798e-05 0.000471014 0.00102041 0.000957447 -0.00258772 -0.00304348 0.00164062 -0.00242647 -0.00329545 -0.00119048 -0.00304878 0.000526316 0.00114865 0.00324468 -0.000625 -0.000875 0.00176923 0.00111111 0.00388889 0.00290909 0.000744681 0.000116279 0.00453488
internal_weight=1367 545 822 154 668 647 431 326 133 625 603 105 114 67 489 249 218 184 164 140 82 240 102 47 262 236 53 183 94 70 50 89 138 98 47 114 92 64 68 44 42 41 114 74 94 40 40 65 45 63 55 47 43 43
internal_count=1367 545 822 154 668 647 431 326 133 625 603 105 114 67 489 249 218 184 164 140 82 240 102 47 262 236 53 183 94 70 50 89 138 98 47 114 92 64 68 44 42 41 114 74 94 40 40 65 45 63 55 47 43 43
is_linear=0
shrinkage=0.005


Tree=2
num_leaves=52
num_cat=0
split_feature=72 95 27 5 64 93 98 20 72 19 14 35 1 45 64 13 73 1 13 66 89 89 99 14 26 40 19 23 99 84 4 0 94 80 77 30 30 69 98 20 13 19 26 1 35 40 45 26 35 80 22
split_gain=22.4634 16.0122 12.469 12.6947 12.0533 8.91521 7.59684 7.74844 7.55153 8.7474 8.25206 7.80849 7.52336 8.99918 7.17748 6.3797 6.10135 5.7195 5.63035 5.45489 5.375 5.25021 8.69661 7.95928 5.791 5.23693 10.2657 5.66056 5.17599 5.05408 4.91698 4.82756 9.85026 6.16217 5.74662 4.67727 4.55704 4.25076 7.81284 4.19412 6.49884 4.16998 4.04899 4.03333 3.99566 3.14029 2.93649 2.81069 2.5 1.79884 1.67183
threshold=1459.9455000000003 1.0000000180025095e-35 88.750000000000014 3451.6000000000004 1161.3815000000002 417.31263888888896 0.46180555555555564 961.00000000000011 928.10000000000014 564.40000000000009 19424.100000000002 26.075000000000006 13049.900000000001 23009.500000000004 1410.5250000000003 2723.8500000000004 776.18350000000009 14625.150000000001 12083.750000000002 994.50000000000011 799.91851875000009 932.94654375000016 0.32291666666666669 21958.100000000002 62.750000000000007 143.25000000000003 1953.5500000000004 97.250000000000014 0.51041666666666685 1146.1298333333336 5415.5600000000004 33591.350000000006 535680.85086375021 30733.697222222228 3733.5226207573 96.750000000000014 96.750000000000014 31794.000000000004 0.46180555555555564 1565.1000000000001 3454.4500000000003 852.70000000000016 37.750000000000007 15487.350000000002 27.175000000000004 103.25000000000001 22948.500000000004 64.500000000000014 28.325000000000006 33562.340972222235 87.250000000000014
decision_type=2 2 2 2 2 2 2 2 2 2 2 2 2 2 2 2 2 2 2 2 2 2 2 2 2 2 2 2 2 2 2 2 2 2 2 2 2 2 2 2 2 2 2 2 2 2 2 2 2 2 2
left_child=1 8 3 -3 5 39 46 -8 10 14 12 29 30 45 16 20 -10 -13 25 21 -6 -12 -23 24 -24 26 27 36 -26 -11 -1 32 -17 34 35 -34 -15 -22 -39 40 -2 -35 -18 -27 -29 -14 -5 -42 -45 -40 -48
right_child=4 2 -4 6 15 -7 7 -9 9 11 19 17 13 18 -16 31 42 -19 -20 -21 37 22 23 -25 28 43 -28 44 -30 -31 -32 -33 33 41 -36 -37 -38 38 49 -41 47 -43 -44 48 -46 -47 50 -49 -50 -51 -52
leaf_value=0.00040976732961577359 0 0 -4.1646179910749197e-06 0.00076166837675590074 -2.9413930140435694e-06 0 0.0012198950900528579 -3.9457992836833003e-07 -0.0018419497812164481 1.1254307597992011e-06 5.3052340368740269e-06 2.5211004954762757e-06 0.00046217182533023877 -2.2399353329092266e-07 0.00079261367209721356 -0.00048599515668395907 -0.0011919930104119702 -0.00048690250156866388 0.00013914702159725131 -5.087239401880652e-06 0 1.4736263081431391e-06 -6.1142755520995716e-06 1.8634459390159464e-06 0 0.001234143662625924 1.0827615202404558e-05 -0.0012201398393670098 -2.2399353329092266e-07 0.00079528322942438534 -3.7100945170037452e-05 0 -1.1736128340999131e-08 0 0.00037143573577050115 3.8398321783170102e-06 0.0018754003442139364 8.9760199357988322e-07 0 -0.0020643581381328403 -0.0018453298150435877 -1.4903530944138767e-06 1.0838729802053423e-06 0 0 0.0028361783783882855 0.0010713897368834805 -0.00048397988394275308 0 -0.00039422105997800828 0.001248316672545756
leaf_weight=23 21 23 29 24 23 38 31 30 30 38 20 20 25 29 21 20 23 27 34 21 38 25 38 32 21 20 21 35 29 20 38 36 20 23 32 22 24 26 21 23 20 33 20 20 24 27 38 21 20 20 30
leaf_count=23 21 23 29 24 23 38 31 30 30 38 20 20 25 29 21 20 23 27 34 21 38 25 38 32 21 20 21 35 29 20 38 36 20 23 32 22 24 26 21 23 20 33 20 20 24 27 38 21 20 20 30
internal_value=-1.46306e-05 0.000424731 0.00165854 0.00215909 -0.000949657 -0.00227642 0.00267974 0.00131148 7.58621e-05 -0.000753769 0.000389734 0.000238095 0.000852941 0.00120072 -0.0018617 -0.000429936 -0.00260274 -0.0012766 0.000770925 -0.000456989 -0.00128906 -0.000151515 -0.000482759 -0.00104167 -0.00181818 0.000440415 -0.000112782 -0.000714286 -0.0007 0.00146552 -0.000737705 0.00016129 -0.000233333 0.000269231 0.00121622 0 0.000471698 -0.000809524 -0.00156716 -0.00317647 -0.0025 -0.000982143 -0.00139535 0.00166667 -0.00177966 0.00307692 0.00358696 -0.00365854 0.00075 -0.00292683 0.00411765
internal_weight=1367 930 205 176 437 123 153 61 725 199 526 105 340 279 94 314 73 47 227 186 128 165 145 120 88 193 133 112 50 58 61 186 150 130 74 42 53 105 67 85 62 56 43 60 59 52 92 41 40 41 68
internal_count=1367 930 205 176 437 123 153 61 725 199 526 105 340 279 94 314 73 47 227 186 128 165 145 120 88 193 133 112 50 58 61 186 150 130 74 42 53 105 67 85 62 56 43 60 59 52 92 41 40 41 68
is_linear=0
shrinkage=0.005


Tree=3
num_leaves=54
num_cat=0
split_feature=68 70 13 77 20 34 2 70 7 81 38 41 16 81 13 66 36 75 2 30 13 89 68 75 19 80 7 37 36 68 2 35 13 14 31 19 81 81 34 77 6 17 23 36 77 80 69 7 35 77 77 21 16
split_gain=19.78 16.9477 17.5771 11.2997 12.8507 11.9123 10.7158 11.5207 7.47745 9.53694 8.03252 7.05481 10.2906 6.93746 6.8988 9.60972 6.47829 6.94534 9.09424 8.59692 6.35627 5.9062 6.16117 5.58675 5.53529 5.32206 5.30758 5.0903 4.81114 4.67727 4.61593 5.99139 5.78343 4.60619 4.42804 4.29581 4.23361 5.52261 4.18203 4.08333 4.00167 6.18574 3.86786 3.82613 4.4837 3.51373 3.49308 3.025 3.025 2.71033 2.25372 1.225 0.962791
threshold=1346.5740000000003 1422.5025000000003 1843.5500000000004 3398.0368009625904 1775.5000000000002 89.250000000000014 2557.1000000000004 1045.6005000000002 917.5250000000002 4015.4415566217394 9.1250000000000018 75.750000000000014 5696.9500000000007 3873.7252286466214 2163.2500000000005 1274.7500000000002 91.750000000000014 469.4882726350715 3221.8000000000006 48.250000000000007 3804.2000000000003 950.45023125000012 754.65650000000016 674.76750222041653 266.90000000000003 39715.029513888898 22.710000000000004 85.750000000000014 81.250000000000014 1602.2500000000002 3200.6645000000003 26.825000000000006 5457.2500000000009 19194.950000000004 8.1750000000000025 639.40000000000009 3873.7252286466214 4297.041591106582 71.250000000000014 2634.8538486856883 4236.5900000000011 16.950000000000003 97.750000000000014 83.250000000000014 3674.1724491305868 35532.615972222229 34411.150000000001 26.285 26.175000000000004 4110.648836480982 4044.7122805468639 20.525000000000002 4898.9000000000005
decision_type=2 2 2 2 2 2 2 2 2 2 2 2 2 2 2 2 2 2 2 2 2 2 2 2 2 2 2 2 2 2 2 2 2 2 2 2 2 2 2 2 2 2 2 2 2 2 2 2 2 2 2 2 2
left_child=1 3 -3 5 16 13 7 51 9 11 14 42 -13 24 28 29 17 19 23 -5 43 52 -23 36 -1 26 27 -21 -11 -16 32 -32 -6 -20 -12 -24 -19 46 -15 -7 47 -42 -8 44 -9 -28 50 -17 -44 -35 -38 -2 -4
right_child=6 2 21 4 30 39 8 20 -10 10 34 12 -14 38 15 40 -18 18 33 25 -22 22 35 -25 -26 -27 45 -29 -30 -31 31 -33 -34 49 -36 -37 37 -39 -40 -41 41 -43 48 -45 -46 -47 -48 -49 -50 -51 -52 -53 -54
leaf_value=0.0007673965114890184 -0.0024050361342669592 -5.9179383167298512e-06 0.0024996961942757067 2.2641437783022411e-06 0.00045638183462412795 3.6174664217967079e-06 1.9183180464415346e-05 -0.00057318888599786446 -0.00052848834505106793 -4.3731568584917118e-08 0 -1.9697498094490727e-05 7.4517654720693839e-09 -3.1354210022894771e-06 -5.8196019157918282e-07 0 -6.5860049513215201e-06 -7.3681315407156958e-09 0 -0.0014621137999257456 7.4517654720693839e-09 0.003329966719670896 -4.5125725969958515e-06 -1.4863152796996292e-06 0.0028443830889070803 1.5845672713476236e-08 -0.00022290736885196937 0 -0.00015634924252517523 -0.0011892305191710405 3.2573204389499081e-05 -3.5352787788491696e-07 0.0011126703020471103 -5.0618032048712485e-06 2.4299757834197954e-06 0.00074405560383871783 0.00017995245101504843 5.5998383322730664e-10 2.4453933116945339e-06 -4.7806774081143884e-06 -1.6020491209928879e-08 4.6709790797176545e-06 -9.5995804457925253e-09 -0.00088872788417718401 0 -0.00039619019455139055 1.3997413499746472e-06 -2.0105492426664567e-06 2.9702418982941891e-06 -2.0637877478657173e-08 0.00010432189525534953 -0.0017219037608466672 0.00061749873482341638
leaf_weight=37 20 21 23 28 31 21 30 22 38 29 21 25 27 22 20 20 31 25 36 22 28 32 23 34 38 20 30 21 25 22 21 22 25 21 34 29 20 30 20 28 23 37 20 26 24 21 20 20 20 23 21 20 20
leaf_count=37 20 21 23 28 31 21 30 22 38 29 21 25 27 22 20 20 31 25 36 22 28 32 23 34 38 20 30 21 25 22 21 22 25 21 34 29 20 30 20 28 23 37 20 26 24 21 20 20 20 23 21 20 20
internal_value=6.94952e-05 0.000563725 0.00209459 0.000224551 -0.000149402 0.00135542 -0.000662432 -0.00185714 -0.000255474 -4.02145e-05 -0.00059761 0.00110656 -0.000288462 0.00222222 -0.00107143 -0.000492958 -0.000545906 -0.000362903 0.000173913 -0.00123239 -0.00095 0.00279528 0.00202381 0.0009 0.00313333 -0.00184211 -0.00234043 -0.00104651 -0.00259259 -0.0025 0.00146465 0.000232558 0.00241071 -0.0011875 0.00109091 0.000961538 0.00142241 0.00192308 0.000595238 -0.000714286 0.00035 0.00116667 0.00214286 -0.00173611 -0.000869565 -0.00343137 0.00278689 -0.000875 0.001125 -0.00227273 0.00195122 -0.004125 0.00430233
internal_weight=1367 816 148 668 502 166 551 140 411 373 251 122 52 117 196 142 403 372 230 142 100 127 84 150 75 114 94 43 54 42 99 43 56 80 55 52 116 91 42 49 100 60 70 72 46 51 61 40 40 44 41 40 43
internal_count=1367 816 148 668 502 166 551 140 411 373 251 122 52 117 196 142 403 372 230 142 100 127 84 150 75 114 94 43 54 42 99 43 56 80 55 52 116 91 42 49 100 60 70 72 46 51 61 40 40 44 41 40 43
is_linear=0
shrinkage=0.005


Tree=4
num_leaves=51
num_cat=0
split_feature=68 96 24 64 26 33 6 60 81 45 92 42 22 23 91 91 68 3 23 66 6 33 56 35 22 36 84 35 73 17 83 66 86 68 86 6 36 76 100 24 38 91 83 83 35 33 64 7 8 36
split_gain=15.5513 14.6159 16.5583 14.3904 10.6061 15.9044 8.9418 7.49177 7.34937 6.88264 9.43487 8.64176 6.8324 6.81119 7.15625 7.73891 6.75977 6.95215 6.677 7.70423 6.37157 7.42124 10.0148 6.32497 6.24523 6.11421 6.32651 6.075 6.00569 6.70476 5.79399 5.57992 7.73184 4.91497 6.17265 4.80171 7.33968 4.53407 4.3806 4.27963 7.70146 4.05867 3.80121 7.57403 3.61863 3.39185 2.97619 2.70941 2.33333 1.77408
threshold=1455.6000000000001 1.0000000180025095e-35 3.6750000000000003 1096.3905000000002 78.250000000000014 125.00000000000001 10062.055000000002 802.66750000000013 4589.7593887458252 23014.500000000004 24347.172318750007 123.07500076293947 92.750000000000014 1.2500000000000002 29986.404187500004 31516.061237500002 1301.1500000000003 14314.6 58.750000000000007 1194.1500000000003 7783.4150000000009 97.750000000000014 1.0000000180025095e-35 24.925000000000004 84.750000000000014 86.250000000000014 366.70290625000013 24.675000000000004 0.98050000000000004 27.300000000000004 2563.9499999999994 938.15000000000009 721.12150000000008 929.00200000000007 0.78700000000000003 4052.9450000000002 85.250000000000014 33555.612500000003 0.80208333333333348 8.5750000000000028 10.675000000000002 27814.248125000002 2278.7000000000012 2052.1999999999994 26.475000000000005 35.250000000000007 704.8610000000001 1509.9950000000001 415.73035603715175 84.250000000000014
decision_type=2 2 2 2 2 2 2 2 2 2 2 2 2 2 2 2 2 2 2 2 2 2 2 2 2 2 2 2 2 2 2 2 2 2 2 2 2 2 2 2 2 2 2 2 2 2 2 2 2 2
left_child=1 2 -1 9 5 7 33 -4 20 -2 -11 -12 16 -5 18 37 24 -18 41 -20 25 22 -22 -21 27 26 38 -9 -27 -30 42 -7 -33 46 -35 -26 -37 -16 -3 -25 49 -15 43 -23 -17 -14 -6 -10 -29 -41
right_child=3 8 4 13 6 31 -8 12 47 10 11 -13 45 14 15 44 17 -19 19 23 21 30 -24 39 35 28 -28 48 29 -31 -32 32 -34 34 -36 36 -38 -39 -40 40 -42 -43 -44 -45 -46 -47 -48 -49 -50 -51
leaf_value=-5.0537011999940017e-05 -0.0023929016631545866 8.5634286044043846e-06 -2.358130044200353e-06 9.1774650927716939e-05 0.00097559505141511793 -0.00010338842492313961 -3.6338710362442729e-09 0.00068356331231854309 -5.0447177305594508e-06 -0.00095726953064128066 -0.0010868616226656061 4.3655474770093226e-06 0.0011789111058604256 -9.5857221680371741e-08 4.0051228024822195e-11 -2.5475207082338602e-06 -0.0003589746112396228 0.00031001067062004706 6.5605041453775952e-05 7.5272160911117693e-07 4.1583104173544107e-07 3.273274355299451e-06 -0.00030059591180563481 0 -0.00010570881359142474 0 -3.6931470055585958e-06 0.0014930267884932106 -1.0807447923798167e-05 -0.0013887727079534488 -4.5036083995387886e-08 0.001195029836932159 -0.00038072574920659959 0.00027465301958213032 1.8899180058939129e-06 0.0017633632203557898 -2.5829119581390411e-06 2.5066615581970196e-06 0 -0.00033266928427859861 7.3534825351089239e-09 -8.8011847833066002e-07 5.4690476007123424e-06 -9.4747332263999852e-09 2.9098009578959141e-09 0.00049491708613454838 0.029219481595809244 -1.0143420870750427e-05 0.00090682103375639095 -0.00021303489644044758
leaf_weight=32 32 22 29 25 21 34 30 32 20 36 33 34 24 23 28 32 21 20 26 35 30 35 24 39 20 25 33 21 20 22 38 26 31 24 25 24 21 30 21 20 22 22 20 20 21 35 35 21 27 26
leaf_count=32 32 22 29 25 21 34 30 32 20 36 33 34 24 23 28 32 21 20 26 35 30 35 24 39 20 25 33 21 20 22 38 26 31 24 25 24 21 30 21 20 22 22 20 20 21 35 35 21 27 26
internal_value=6.94952e-05 0.000464326 0.000986842 -0.000650826 0.00121 0.000767123 0.00240741 0.00136861 -0.000327635 -0.00203704 -0.00140777 -0.000298507 0.00165306 -0.000114613 -0.000308642 0.000720721 0.0011828 -0.000609756 -0.00084507 -0.000386905 -6.45161e-05 0.000598802 -0.000925926 -0.00084507 0.00168966 -0.000839161 0.000131579 0.002625 -0.0019403 -0.00309524 0.00132743 -0.00104396 -8.77193e-05 0.00309524 0.00193878 0.000538462 0.00144444 0.00198276 0.00139535 -0.0014486 -0.00220588 -0.00255556 0.00213333 0.00145455 -0.000660377 0.00313559 0.00410714 -0.00231707 0.00375 -0.00336957
internal_weight=1367 883 532 484 500 365 135 274 351 135 103 67 245 349 324 111 186 41 213 168 310 167 54 142 145 143 76 80 67 42 113 91 57 105 49 65 45 58 43 107 68 45 75 55 53 59 56 41 48 46
internal_count=1367 883 532 484 500 365 135 274 351 135 103 67 245 349 324 111 186 41 213 168 310 167 54 142 145 143 76 80 67 42 113 91 57 105 49 65 45 58 43 107 68 45 75 55 53 59 56 41 48 46
is_linear=0
shrinkage=0.005


Tree=5
num_leaves=53
num_cat=0
split_feature=5 4 72 62 36 4 1 91 81 31 91 32 4 76 4 69 27 16 69 1 25 37 82 83 77 16 72 5 21 36 31 35 77 97 72 77 41 80 72 39 88 86 46 25 4 88 69 1 0 0 35 14
split_gain=11.0807 12.8598 18.937 12.5699 10.1431 8.95551 8.89305 8.7594 9.18642 8.24368 8.02629 7.91362 7.8076 8.96296 7.48375 10.78 10.3022 7.05333 6.83712 9.73987 6.81279 7.8573 7.17048 10.1638 7.73056 6.45957 8.22194 8.89066 6.56877 6.39525 6.24571 8.03552 6.19025 7.50043 5.92597 5.65006 6.4 6.14405 5.53913 5.06688 5.06685 6.77321 4.63485 4.54876 4.52128 4.32249 4.00417 3.6 2.67442 2.5 2.33333 2.29632
threshold=3835.1100000000001 3945.2100000000005 843.89450000000011 937.97600000000011 89.750000000000014 3201.5700000000006 14038.350000000002 29459.890881250005 3840.4918116241056 5.4750000000000005 26385.017512500002 198.75000000000003 8821.0650000000005 29026.057291666672 13006.845000000003 36505.950000000004 86.750000000000014 6917.4500000000007 32062.100000000002 14463.200000000003 78.750000000000014 84.250000000000014 552.45000000000016 2161.3999999999983 4408.7584068399674 5292.2000000000007 1419.1500000000003 5848.2850000000008 24.425000000000004 87.750000000000014 5.4750000000000005 26.925000000000004 3919.2358028684534 0.28125000000000006 0.93550000000000011 3911.6273716632109 94.250000000000014 35857.182638888895 0.97550000000000014 204.75000000000003 5912.0716666666667 1.0010000000000001 103.62500000000001 26.250000000000004 3336.0400000000004 6687.0047916666672 35203.80000000001 13487.6 28490.850000000002 33340.950000000004 24.925000000000004 11104.250000000002
decision_type=2 2 2 2 2 2 2 2 2 2 2 2 2 2 2 2 2 2 2 2 2 2 2 2 2 2 2 2 2 2 2 2 2 2 2 2 2 2 2 2 2 2 2 2 2 2 2 2 2 2 2 2
left_child=5 7 3 11 42 20 48 8 44 -8 12 35 13 -4 30 46 -17 50 19 40 22 51 23 24 43 32 29 -28 -29 -27 31 38 45 -34 39 36 -3 -37 -13 -32 41 -10 -5 -1 -2 -12 49 -24 -7 -16 -9 -22
right_child=1 2 10 4 -6 6 9 17 18 -11 25 14 -14 -15 15 16 -18 -19 -20 -21 21 -23 47 -25 -26 26 27 28 -30 -31 34 -33 33 -35 -36 37 -38 -39 -40 -41 -42 -43 -44 -45 -46 -47 -48 -49 -50 -51 -52 -53
leaf_value=0.00011693964153999734 0.00025234819091100093 -1.1858075901821835e-07 2.2261139917770729e-06 0.030124691139957332 -2.165544438467474e-06 -2.0680684316835076e-05 9.8472941467664157e-08 0.0011821434187187581 0.00021774564379512765 -2.8260245095974987e-06 -8.6671285698509099e-09 0.00076250020974040825 -0.0037823710947727817 -0.00049948224231532935 -7.6811063728986942e-06 -1.6443442603087785e-08 4.458636001928983e-06 4.2069159175762581e-06 -2.9123630666702351e-06 1.259713971632454e-05 -1.1976445900789961e-06 2.1816667821464763e-09 -0.0009603491089739555 -4.1967736930131946e-06 -2.1411294567259062e-06 -1.4533523824738107e-05 -0.001017351736812518 1.2817705997218946e-08 -8.6135534355002574e-07 3.4011907927854749e-05 0.00058648535496264389 -4.9247538805109195e-06 -0.0023810464452798516 5.1134374551889498e-07 4.711532449342984e-05 -9.779951333706289e-06 -0.0017420995656341259 1.1556604409085575e-06 -1.5422108879925496e-07 -2.0787848865229822e-07 -0.00088177488484275657 -0.00067164271065789556 0.00054515910406302678 0.00079355786271888815 3.4049724725637522e-06 0.00034345373050004047 -1.3954941887996278e-06 -2.3487664649232927e-08 -0.00080342555990242832 2.2778942810581951e-06 0.0003692176801756044 -3.8974197763137774e-07
leaf_weight=25 29 20 27 38 24 20 21 21 27 38 21 20 35 27 20 28 24 27 22 24 22 32 20 28 25 29 29 31 28 33 22 25 24 29 35 26 20 35 26 20 21 26 20 29 23 34 24 20 23 20 27 20
leaf_count=25 29 20 27 38 24 20 21 21 27 38 21 20 35 27 20 28 24 27 22 24 22 32 20 28 25 29 29 31 28 33 22 25 24 29 35 26 20 35 26 20 21 26 20 29 23 34 24 20 23 20 27 20
internal_value=-7.33138e-05 0.000177714 -0.000132242 0.000548098 0.00231707 -0.000882353 -0.00210784 0.00117409 0.000552326 -0.000847458 -0.00100865 0.000150685 -0.00230337 -0.00111111 0.000606061 -0.000344828 0.00134615 0.0026 -0.000208333 0.000357143 -0.000316742 -0.00155405 0.000306122 0.000981308 0.00189873 -0.000562016 -0.00123333 -0.00221591 -0.00110169 0.00016129 0.00135135 0.00028169 0.00037037 -0.000849057 0.00233766 -0.0010396 -0.0025 -8.19672e-05 0.00152174 0.00107143 -0.000540541 0.000283019 0.00344828 0.00296296 0.00230769 0.00154545 -0.00171875 -0.0015 -0.00383721 -0.00075 0.00375 -0.00297619
internal_weight=1364 1041 794 447 82 323 102 247 172 59 347 365 89 54 264 116 52 75 120 98 221 74 147 107 79 258 150 88 59 62 148 71 108 53 77 101 40 61 46 42 74 53 58 54 52 55 64 40 43 40 48 42
internal_count=1364 1041 794 447 82 323 102 247 172 59 347 365 89 54 264 116 52 75 120 98 221 74 147 107 79 258 150 88 59 62 148 71 108 53 77 101 40 61 46 42 74 53 58 54 52 55 64 40 43 40 48 42
is_linear=0
shrinkage=0.005


Tree=6
num_leaves=55
num_cat=0
split_feature=70 16 26 21 72 24 69 65 76 97 73 68 34 69 29 90 67 43 24 78 21 60 4 26 24 90 21 64 67 69 23 69 24 26 100 69 73 33 67 80 20 39 77 77 26 10 24 16 65 91 90 20 65 77
split_gain=19.9271 10.3376 9.50355 9.81338 8.845 8.68722 8.48621 10.6904 8.8466 14.2189 8.32035 7.53665 7.26619 7.56698 6.86786 7.04196 8.98836 11.0066 8.00204 6.86789 6.38062 6.76655 6.20513 5.54505 8.95866 11.0483 8.14124 9.7918 10.9398 7.6167 7.86045 8.48571 6.32331 6.14098 8.31383 8.69349 8.16965 5.3804 5.26753 5.14894 6.2974 5.27801 5.13455 5.11082 4.48565 4.12857 3.88658 3.66288 3.57913 3.57715 3.0551 2.70941 2.61905 2.2624
threshold=1458.8945000000001 3522.4500000000003 95.250000000000014 27.275000000000002 963.10000000000014 3.6750000000000003 28641.850000000002 24952.650000000005 30491.888541666671 0.15625000000000003 1103.7940000000003 967.15300000000013 119.75000000000001 37937.700000000004 93.250000000000014 2949.1087500000008 33794.450000000004 84.735000610351577 5.8250000000000011 1472.8014479166668 28.875000000000004 704.00000000000011 9803.7500000000018 62.250000000000007 13.825000000000001 1161.0175500000003 25.875000000000004 409.77550000000002 34668.100000000013 30792.700000000001 39.750000000000007 34536.250000000007 8.6250000000000018 155.50000000000003 0.41319444444444448 33944.250000000007 793.2700000000001 15.250000000000002 26965.100000000002 29638.106944444447 1131.5500000000002 119.75000000000001 4019.0486571555662 4257.6255343782132 9.2500000000000018 35009.450000000004 9.4750000000000014 5292.2000000000007 25905.600000000002 29561.339300000003 1322.4424500000002 2740.2500000000005 27741.700000000001 3793.522062631509
decision_type=2 2 2 2 2 2 2 2 2 2 2 2 2 2 2 2 2 2 2 2 2 2 2 2 2 2 2 2 2 2 2 2 2 2 2 2 2 2 2 2 2 2 2 2 2 2 2 2 2 2 2 2 2 2
left_child=1 4 3 5 -1 -2 20 38 9 10 52 46 13 23 15 16 17 18 -13 47 21 22 -3 24 25 32 27 28 -27 -25 31 -31 -10 34 36 -36 -32 -20 -8 41 -41 -23 -16 -15 -39 -29 -7 -19 -6 -26 -4 -18 -9 -28
right_child=2 6 50 -5 48 11 7 8 12 -11 -12 14 -14 43 42 -17 51 19 37 -21 -22 39 -24 29 49 26 53 45 -30 30 33 -33 -34 -35 35 -37 -38 44 -40 40 -42 -43 -44 -45 -46 -47 -48 -49 -50 -51 -52 -53 -54 -55
leaf_value=-2.2547978470450879e-07 -1.8737136219350425e-06 -0.0013147619962745878 0.00046626344021962515 -1.8677233118823668e-06 -0.0012780756327833156 0.0021568230901086636 -6.8055902846415237e-06 -7.597139330482985e-07 -1.4465372010716092e-06 0.0008860826438855285 -0.0017641105463344897 1.4939499453406125e-06 -0.0004097603994222751 4.1722802744053477e-06 0.00031996449102598078 2.4196697781667551e-06 0.00029966193407679308 0.00045455453491916406 -8.6237929270016552e-09 -4.698246678711829e-08 0.0035628973680958921 9.5441935588100668e-05 0.00011021242401477068 0.0027594231060609491 -5.0989524487672197e-06 -2.2486521900395399e-05 -0.0016107037423472442 -0.00065777142247082051 4.7859092984987083e-06 -4.9564711132804239e-09 -9.6590515100229013e-06 -4.6478156909731422e-07 7.2672594918993673e-06 -6.5560243186567386e-07 2.7150369851795423e-09 2.0198624379654239e-06 2.787301611898231e-06 -9.0274694117195562e-05 -0.004006877788072653 -0.00058359686327249442 0.00073374683587689089 0.0019600063457226764 4.2147035006843366e-06 -9.1792942300641885e-08 -1.0981232317068863e-06 -0.00027417432635689308 0.001148447944605903 1.7334802025415916e-06 -0.0023585399253111708 2.3338160872590612e-06 0.001835747733284357 6.4257590348899184e-08 5.4031453326564673e-05 -2.7527503746558524e-06
leaf_weight=35 28 26 21 21 25 22 20 22 36 30 24 22 32 31 20 31 21 20 27 32 20 20 24 20 20 25 28 36 21 22 28 20 21 21 28 33 23 33 22 26 21 27 29 20 24 20 20 26 21 23 26 20 20 30
leaf_count=35 28 26 21 21 25 22 20 22 36 30 24 22 32 31 20 31 21 20 27 32 20 20 24 20 20 25 28 36 21 22 28 20 21 21 28 33 23 33 22 26 21 27 29 20 24 20 20 26 21 23 26 20 20 30
internal_value=8.79765e-05 -0.000331162 0.000959368 0.000707071 -0.00203704 0.000893333 -0.000166667 -0.000414201 -0.000252366 0.00114583 -0.000151515 0.00110951 -0.000501859 -0.000355731 0.000836066 0.000507813 0.0002 -0.000271739 -0.00132075 0.00115385 0.000853659 0.000486111 -0.001 -0.00056044 -0.00103846 -0.00145161 -0.002125 -0.00127451 0.000434783 7.69231e-05 -0.000257143 -0.00214286 0.000438596 0.000338346 0.000803571 0.00204918 -0.000686275 -0.00202381 -0.00285714 0.0012766 0.000106383 0.00244681 0.00255102 0.00147059 -0.00289474 -0.00267857 0.00309524 0.0023913 -0.00347826 0.00104651 0.00308511 0.00231707 0.00119048 -0.00362069
internal_weight=1364 921 443 396 81 375 840 676 634 96 66 347 538 506 305 256 225 184 106 78 164 144 50 455 260 217 160 102 46 195 175 42 57 133 112 61 51 84 42 94 47 47 49 51 57 56 42 46 46 43 47 41 42 58
internal_count=1364 921 443 396 81 375 840 676 634 96 66 347 538 506 305 256 225 184 106 78 164 144 50 455 260 217 160 102 46 195 175 42 57 133 112 61 51 84 42 94 47 47 49 51 57 56 42 46 46 43 47 41 42 58
is_linear=0
shrinkage=0.005


Tree=7
num_leaves=53
num_cat=0
split_feature=99 72 8 72 16 78 21 46 41 38 81 71 41 11 22 70 27 81 73 89 25 70 41 13 11 27 65 21 71 67 16 70 71 73 32 81 78 73 20 73 22 3 28 81 41 19 3 91 60 78 27 25
split_gain=11.458 13.7076 15.2213 11.5507 13.1202 9.49011 9.03491 8.46154 8.07142 9.23076 10.9326 8.10884 9.58797 8.07593 9.83977 7.99387 8.06645 7.94671 10.2373 7.67864 6.69681 6.57162 10.4152 9.56929 7.10497 6.38512 6.34429 5.75243 5.57955 7.81275 6.98533 5.82061 5.29896 5.13546 5.06685 4.99588 7.06445 6.0671 4.75778 4.73732 6.7353 7.91421 6.09524 6.04884 4.37972 4.00346 4 3.93668 3.74195 3.56455 3.35892 3.18462
threshold=0.34375000000000006 925.40000000000009 396.88208333333336 1296.0300000000002 5801.8500000000013 190.0445104166667 29.775000000000002 102.89500045776369 80.250000000000014 10.575000000000001 3531.0252885185018 1764.1225000000002 75.750000000000014 34578.650000000001 90.750000000000014 690.17250000000013 85.750000000000014 4776.1862348108343 678.78550000000007 817.42220625000016 133.75000000000003 718.46600000000012 100.25000000000001 6380.2500000000009 41128.000000000007 89.250000000000014 28039.900000000005 27.875000000000004 1007.841 31525.050000000007 6031.2000000000016 1601.7 719.17000000000019 1171.5155000000002 214.75000000000003 4541.5263593427653 1159.4758923611114 1348.0445000000002 1237.8500000000001 874.95000000000016 93.250000000000014 13671.150000000001 27.625000000000004 4157.8601693889086 94.750000000000014 823.70000000000016 13812.550000000001 27495.510543750006 1488.1000000000001 1373.7928194444446 98.750000000000014 166.75000000000003
decision_type=2 2 2 2 2 2 2 2 2 2 2 2 2 2 2 2 2 2 2 2 2 2 2 2 2 2 2 2 2 2 2 2 2 2 2 2 2 2 2 2 2 2 2 2 2 2 2 2 2 2 2 2
left_child=1 6 -3 5 7 20 21 -5 9 10 -4 12 13 48 17 16 39 18 49 -16 -2 23 24 -1 25 47 -18 34 30 -30 -10 -31 -17 -21 -28 36 -20 -38 -11 40 41 42 -7 -43 51 -41 -9 -23 -12 -15 -36 -25
right_child=3 2 8 4 -6 15 -8 46 28 38 11 -13 -14 14 19 32 26 -19 35 33 -22 22 -24 44 -26 -27 27 -29 29 31 -32 -33 -34 -35 50 -37 37 -39 -40 45 -42 43 -44 -45 -46 -47 -48 -49 -50 -51 -52 -53
leaf_value=-0.0015627726049121887 -3.9411773836033164e-06 -0.0018706527443949727 0.0005704221179982312 -0.004628918634759227 6.2240985023057233e-07 -7.3805078688060332e-06 0.0024252346664644263 -0.00088895916163937196 -1.3622917916850623e-06 3.3339285580688697e-06 -0.002233447306704319 -5.2535991998127291e-07 1.8963480896861447e-05 0.00013945854916380391 -1.2219640398571512e-06 3.4600573020058961e-05 0.0029643603115016826 0.00038305125171913412 -0.00072533441630560132 0.00081572749107809543 -2.1490676149768263e-08 0.0014621944639859063 -5.5668076887699024e-05 2.6001139739862359e-05 -2.5639261703228457e-06 2.1752005928724172e-06 -3.9671370649050694e-06 5.1816318620568997e-06 4.7468185102105474e-06 -0.00099532163409823265 2.0467159628929488e-06 -9.5557597553685816e-07 0.0015487660849199984 3.3478267247757995e-06 9.4956080510391792e-07 -0.00030216319376624566 0.00016959222367199814 -1.7428027647009383e-06 0.000516667632455443 -0.016316240453709382 7.5815843288438035e-06 -2.4974337890131875e-06 0.0012852192208581568 -1.516837969500281e-06 2.5702220852403396e-06 -1.7250784969903206e-06 1.9456946477140458e-06 0.029574758685350505 -8.8186089129362615e-08 -7.4069679342074574e-08 -1.3987496962607512e-06 -1.1954359971105242e-08
leaf_weight=20 27 22 28 33 29 21 21 25 34 31 21 34 32 26 24 34 22 20 25 30 23 33 22 20 21 27 21 33 23 25 23 30 23 37 24 20 20 34 23 20 21 23 21 39 25 22 20 34 23 20 29 26
leaf_count=20 27 22 28 33 29 21 21 25 34 31 21 34 32 26 24 34 22 20 25 30 23 33 22 20 21 27 21 33 23 25 23 30 23 37 24 20 20 34 23 20 21 23 21 39 25 22 20 34 23 20 29 26
internal_value=4.39883e-05 0.000398126 -8.26446e-06 -0.00054902 -0.00200935 -0.00016129 0.00138554 -0.00307692 0.000145798 0.00046875 0.000203046 -2.73224e-05 0.000210843 -6.66667e-05 0.000273438 0.000127479 -0.000202703 -0.000454545 -0.000862069 0.00159341 -0.0022 0.00109649 0.00178832 5.49451e-05 0.0023913 0.00297872 0.000736434 0.000233645 -0.000925926 -0.00179487 0.000263158 -0.00281818 0.00184211 0.00246269 -0.000540541 -0.00176768 -0.00120253 -0.000185185 0.00240741 -0.000928144 -0.00044 -0.000961538 0.000714286 -0.00209677 0.000915493 -0.00238095 -0.00166667 0.00380597 -0.00204545 0.00108696 0.000283019 0
internal_weight=1364 854 605 510 107 403 249 78 583 448 394 366 332 300 256 353 296 165 145 91 50 228 137 91 115 94 129 107 135 78 57 55 57 67 74 99 79 54 54 167 125 104 42 62 71 42 45 67 44 46 53 46
internal_count=1364 854 605 510 107 403 249 78 583 448 394 366 332 300 256 353 296 165 145 91 50 228 137 91 115 94 129 107 135 78 57 55 57 67 74 99 79 54 54 167 125 104 42 62 71 42 45 67 44 46 53 46
is_linear=0
shrinkage=0.005


Tree=8
num_leaves=53
num_cat=0
split_feature=72 74 34 62 88 74 62 97 69 1 79 31 44 0 27 24 78 22 69 41 33 97 29 83 74 41 25 0 19 34 78 69 19 34 69 2 83 25 83 79 44 7 0 22 31 64 69 69 20 42 32 83
split_gain=16.5743 15.2622 12.579 11.9365 11.0646 9.14501 8.42071 15.7076 7.66765 8.16238 7.2584 7.0656 8.18294 8.26826 6.92815 8.4831 6.3952 6.38395 7.96122 7.91524 8.88083 8.32659 7.47692 7.56422 7.35981 7.2496 10.7251 8.69206 5.99253 6.83619 5.81731 5.72727 5.46233 6.65558 5.27039 10.3158 4.93479 5.8298 4.47819 4.2879 9.12852 3.80952 3.71736 4.00346 3.58636 5.33333 3.19662 3.0722 2.50213 2.5 2.38095 2.361
threshold=1297.9565000000002 1003.5169895833334 81.750000000000014 1031.2500000000002 3153.9631249999993 1451.7270104166671 1223.0430000000003 0.26041666666666669 25439.250000000004 13049.900000000001 313.51703309567023 3.7750000000000004 3.0110000371932988 30285.000000000004 29.750000000000004 10.575000000000001 1740.1688229166668 94.250000000000014 30586.500000000004 107.75000000000001 23.750000000000004 1.0000000180025095e-35 83.750000000000014 1637.1000000000024 407.57307291666672 71.750000000000014 130.75000000000003 34529.000000000007 416.85000000000008 81.750000000000014 637.56367708333335 32390.250000000004 1733.0500000000002 90.250000000000014 33571.150000000009 2636.9500000000003 1834.0000000000002 63.250000000000007 1733.1499999999999 420.77450383154456 3.748499989509583 21.935000000000006 31551.150000000005 88.750000000000014 6.7750000000000012 0.75000000000000011 29151.000000000004 29744.250000000004 2178.4000000000005 137.37500000000003 71.250000000000014 2075.2500000000005
decision_type=2 2 2 2 2 2 2 2 2 2 2 2 2 2 2 2 2 2 2 2 2 2 2 2 2 2 2 2 2 2 2 2 2 2 2 2 2 2 2 2 2 2 2 2 2 2 2 2 2 2 2 2
left_child=1 8 11 4 -2 6 -5 48 -1 30 -4 -3 13 -13 51 16 42 18 22 20 -20 32 23 -11 -21 26 -23 -28 -9 36 -10 -12 33 41 35 -6 47 -38 -27 40 -14 -22 -16 -44 45 -40 -25 -30 -8 -17 -49 -7
right_child=3 2 10 5 34 14 7 28 9 17 31 12 39 -15 15 49 -18 -19 19 24 21 25 -24 46 -26 38 27 -29 29 -31 -32 -33 -34 -35 -36 -37 37 -39 44 -41 -42 -43 43 -45 -46 -47 -48 50 -50 -51 -52 -53
leaf_value=0.0010118231685457204 3.9525620347206973e-06 0.001180721042766585 -0.00010751734297320247 1.3287896390893992e-05 -0.0023655631228442354 3.9793149481287005e-06 -0.0002743904844586679 0.00010981649381418206 0.00045346632855656935 -1.6844093679213037e-06 0.0022525332250668594 -6.4601870616328854e-05 0.0015239736900691512 0.00055092735314474456 -4.1404177368033068e-08 -1.4240427552171827e-06 2.7209023809339709e-07 -0.0013463007591993361 3.2268310470439678e-05 -1.4873911752054404e-06 8.4588955714569113e-06 -3.8703993488269562e-05 -9.43871786628667e-06 0.0023223348125776594 0.0015307095187742151 -1.5052903108041137e-07 8.1561782240952596e-05 -1.9112924904788772e-08 1.9149153399598615e-06 -1.740629387884484e-06 -0.0011920985562985441 -1.8981740293311533e-06 4.0504425836844333e-06 -5.0688366622760477e-05 -0.0015367016822013791 -8.4439131381540352e-07 -3.6542338277930792e-06 1.0746923900416933e-06 -7.4947049521911068e-09 0.0010300546588681262 -9.030977305987701e-05 -1.57983280513959e-07 -2.3258660370155032e-06 -1.3516201286371164e-06 -1.0324244194109442e-05 -1.2691242204316859e-05 0.0034447891368389228 4.3493614250998139e-06 -0.0011277061905258776 -2.3020894881867715e-06 0.00030116083072052028 -9.1742459773247404e-08
leaf_weight=25 21 39 36 36 38 21 27 27 20 22 28 22 21 38 20 20 22 37 35 21 20 24 39 22 20 27 21 24 20 20 32 22 21 26 28 38 25 24 24 36 26 28 20 22 29 24 21 21 20 20 21 23
leaf_count=25 21 39 36 36 38 21 27 27 20 22 28 22 21 38 20 20 22 37 35 21 20 24 39 22 20 27 21 24 20 20 32 22 21 26 28 38 25 24 24 36 26 28 20 22 29 24 21 21 20 20 21 23
internal_value=-8.06452e-05 0.000361446 0.00134328 -0.00076779 -0.00212 -0.000354523 0.00026971 -0.000121951 -0.000106762 -0.000232775 -0.000232558 0.00208791 0.00157343 0.000166667 -0.00125 -0.00185484 -0.000952381 -3.09278e-05 0.000133929 -0.000232558 -0.000511551 -0.000820896 0.00134615 0.00238462 0.00182927 -0.00147399 -0.000217391 0.00122222 0.000632911 0.00019084 -0.00211538 0.001 0.000368421 -0.00027027 -0.00278846 -0.00210526 0.000675676 -0.000510204 -0.00230769 0.00259036 0.00159574 0.000833333 -0.00177419 -0.00261905 -0.00292208 -0.00208333 0.00360465 0.0016129 -0.00265957 -0.00375 0.00238095 0.000454545
internal_weight=1364 830 268 534 125 409 241 205 562 537 86 182 143 60 168 124 84 485 448 344 303 268 104 65 41 173 69 45 158 131 52 50 95 74 104 76 111 49 104 83 47 48 62 42 77 48 43 62 47 40 42 44
internal_count=1364 830 268 534 125 409 241 205 562 537 86 182 143 60 168 124 84 485 448 344 303 268 104 65 41 173 69 45 158 131 52 50 95 74 104 76 111 49 104 83 47 48 62 42 77 48 43 62 47 40 42 44
is_linear=0
shrinkage=0.005


Tree=9
num_leaves=52
num_cat=0
split_feature=96 68 64 98 63 81 89 69 38 36 81 45 38 30 82 3 89 83 61 30 35 24 34 81 3 68 33 70 100 16 36 68 38 97 14 92 78 78 23 16 45 82 100 13 89 97 83 64 14 45 43
split_gain=12.7592 24.7161 12.2044 9.49668 9.37148 10.6242 9.98811 9.81996 8.79476 11.5385 9.92069 8.54659 7.57521 7.51455 7.399 7.32323 7.28242 7.18184 7.76668 7.02779 7.84 7.00922 10.0746 10.0536 6.59084 5.83265 7.62255 9.795 15.061 7.89757 8.40047 5.76 5.43047 5.38272 5.33968 5.33474 4.9 4.32 4.09999 4.7192 4.08473 3.61542 3.55109 3.67742 3.24364 11.1111 4.5737 6.2621 2.89377 2.35577 2.17779
threshold=1.0000000180025095e-35 1362.7500000000002 1450.7640000000004 0.50347222222222232 31401.950000000004 4384.7463811745592 1423.0497937500002 27572.850000000002 8.1750000000000025 85.250000000000014 3647.5514466036025 24299.000000000004 5.6750000000000016 16.000000000000004 85.56750000000001 10842.600000000002 1356.5357812500001 2024.3499999999988 37333.950000000004 88.750000000000014 26.875000000000004 14.325000000000001 50.750000000000007 4189.5825248205338 13058.400000000001 1104.9500000000003 134.25000000000003 0.95200000000000007 0.14236111111111113 5825.9000000000005 87.250000000000014 895.92400000000009 4.1250000000000009 0.093750000000000014 17313.400000000005 25518.515087500007 414.3238784722223 912.37950347222238 99.250000000000014 5755.2000000000016 24332.500000000004 0.085000000000000034 0.6840277777777779 6415.2000000000007 1202.5033312500002 0.51041666666666685 2075.2500000000005 1509.5500000000002 13949.050000000001 24515.000000000004 76.370002746582045
decision_type=2 2 2 2 2 2 2 2 2 2 2 2 2 2 2 2 2 2 2 2 2 2 2 2 2 2 2 2 2 2 2 2 2 2 2 2 2 2 2 2 2 2 2 2 2 2 2 2 2 2 2
left_child=1 2 3 13 7 17 36 15 10 14 -3 42 21 -1 16 -2 48 -6 19 -19 -21 22 23 -12 -4 26 29 -28 31 30 37 -29 41 -27 -32 -13 -7 -15 49 -40 -34 -24 43 -9 46 -46 47 -14 -10 -26 -31
right_child=4 8 24 -5 5 6 -8 11 9 -11 12 35 44 25 -16 -17 -18 18 -20 20 -22 -23 32 -25 38 33 27 28 -30 50 34 -33 40 -35 -36 -37 -38 -39 39 -41 -42 -43 -44 -45 45 -47 -48 -49 -50 -51 -52
leaf_value=0.0013979678176014579 4.0603143179110011e-05 9.2738537571075343e-06 1.8349376378755894e-05 -1.3855171709182848e-05 4.7391048925814581e-06 -4.3096007768840572e-06 -4.3595989090695735e-06 -0.0012919444235090611 4.4345257337073612e-06 -0.00070618998202022411 2.2092443774226816e-05 -7.2801491184404187e-06 -0.0012883881647424806 0.00088897554071620019 -2.0905267608984426e-07 -0.00093671753353337416 -1.1654580773483076e-08 -1.2901088338001062e-05 1.1064816571530425e-06 -5.4063327241460758e-06 7.4913587760349769e-06 -0.00022681110378538948 -5.882473145464553e-06 -1.0426635709111484e-06 0.0015051832160709511 1.469735426266302e-05 -2.0421914140853374e-06 0.00069831785378392588 0.0011473687746681813 0.00027646896118315806 -1.7777165183663185e-05 -0.00087969536864151499 -2.3768484187020352e-06 -0.00053743498710129821 3.1350834546521647e-06 7.7952260532858966e-07 3.3137350954910246e-06 0.00091223529268866536 0.0013658606199482366 6.0170416863262273e-07 2.8885382680116737e-06 -2.2932422635794997e-06 -8.6413911556066809e-05 -0.0036159548818906597 6.2578287536088075e-06 -1.6088797560129664e-06 -0.00012796414296098501 -3.4604523361146649e-07 0.00039416737606085808 0.0012376587972110881 0.0012533999975488585
leaf_weight=21 36 38 37 27 31 20 26 24 24 39 21 21 25 30 29 22 26 28 31 20 25 20 21 38 32 26 32 20 29 22 21 25 33 33 24 26 20 20 21 26 20 22 25 38 25 20 32 28 23 20 21
leaf_count=21 36 38 37 27 31 20 26 24 24 39 21 21 25 30 29 22 26 28 31 20 25 20 21 38 32 26 32 20 29 22 21 25 33 33 24 26 20 20 21 26 20 22 25 38 25 20 32 28 23 20 21
internal_value=-0.000168622 0.000139032 0.000934292 0.000441595 -0.000928753 -0.000174129 -0.00181818 -0.00171875 -0.000661157 0.000390071 -0.00109329 -0.00246269 -0.00139344 0.000679012 0.00127451 0 0.00212329 0.00062963 0 -0.000890411 0.000333333 -0.000714286 -0.000354839 0.00127119 0.00220588 0.000478548 0.000819672 -0.000188679 0.000810811 0.0015942 0.000789474 -0.001 -0.00135417 -0.000932203 -0.000777778 -0.000744681 -0.00025 0.0022 0.00287879 0.00180851 -0.000283019 -0.00267442 -0.0033908 -0.00403226 -0.00230769 -0.00122222 -0.00288235 -0.00198113 0.00329787 0.00384615 0.00337209
internal_weight=1364 971 487 351 393 201 66 192 484 141 343 134 305 324 102 58 73 135 104 73 45 175 155 59 136 303 244 106 74 138 95 45 96 59 45 47 40 50 99 47 53 43 87 62 130 45 85 53 47 52 43
internal_count=1364 971 487 351 393 201 66 192 484 141 343 134 305 324 102 58 73 135 104 73 45 175 155 59 136 303 244 106 74 138 95 45 96 59 45 47 40 50 99 47 53 43 87 62 130 45 85 53 47 52 43
is_linear=0
shrinkage=0.005


Tree=10
num_leaves=52
num_cat=0
split_feature=93 42 40 93 66 68 0 67 67 62 36 24 24 98 24 88 29 90 56 67 46 98 93 98 65 67 22 67 68 43 43 76 74 76 76 66 66 37 37 0 0 30 94 39 40 3 20 98 42 70 24
split_gain=12.6304 14.0838 12.0296 11.1031 13.8766 13.4095 9.09636 8.68056 7.77735 12.6972 6.96599 6.93265 9.68429 7.83262 13.1722 9.47455 9.47688 11.9828 7.72715 7.76407 10.3618 6.71312 6.68863 6.57836 6.5461 7.9013 6.50047 6.4 5.95384 5.88506 5.82579 7.89369 6.3 5.78233 5.43786 7.70783 10.5053 5.25014 8.06667 5.18652 5.12422 4.94 4.60909 4.11225 4.09599 4.09357 3.87879 3.6 3.07507 2.20588 1.75325
threshold=393.23111111111115 140.41999816894534 73.750000000000014 403.1306654135339 1386.2 1145.1360000000002 30285.000000000004 32551.800000000007 31320.550000000003 1602.1500000000003 89.250000000000014 3.2250000000000005 4.9250000000000016 0.25347222222222227 5.9750000000000005 6643.1033333333335 89.750000000000014 1347.2770500000004 -0.60785761079279388 31867.900000000005 102.9650001525879 0.17708333333333334 416.68715149359895 0.16319444444444445 29226.900000000005 35716.150000000009 79.250000000000014 30563.050000000007 1346.5740000000003 77.20999908447267 76.18500137329103 36772.11041666667 807.87660416666665 22623.476041666672 35693.84479166667 997.60000000000014 1311.2710000000002 99.750000000000014 71.250000000000014 28490.850000000002 31193.900000000005 98.250000000000014 567726.73491500015 189.25000000000003 77.750000000000014 10700.550000000001 1311.1000000000001 0.10763888888888891 116.37500000000001 1601.7 10.125000000000002
decision_type=2 2 2 2 2 2 2 2 2 2 2 2 2 2 2 2 2 2 2 2 2 2 2 2 2 2 2 2 2 2 2 2 2 2 2 2 2 2 2 2 2 2 2 2 2 2 2 2 2 2 2
left_child=39 6 8 45 5 27 33 26 9 28 -10 21 30 18 -15 16 24 -18 41 20 -20 -8 50 37 -16 43 -6 -5 47 -19 31 -13 -32 -2 35 48 -37 38 -21 -1 -7 -14 -39 -26 -38 -4 -40 -3 -35 -28 -17
right_child=1 2 3 4 7 40 11 -9 10 -11 -12 12 13 14 15 22 17 29 19 23 -22 -23 -24 -25 25 -27 49 -29 -30 -31 32 -33 -34 34 -36 36 44 42 46 -41 -42 -43 -44 -45 -46 -47 -48 -49 -50 -51 -52
leaf_value=-0.0029924587547428176 2.0170864374428328e-05 -8.9802055982797179e-05 0.001045673216090823 0.0010980620828849826 5.4885676997377135e-07 -0.00031507668274485486 -2.5247164268708894e-09 -2.5352680066751982e-06 -0.0020038142582904468 1.8474799936827498e-05 8.731671280049158e-07 0.0010225270965737265 -6.885982466100584e-09 -2.081866461421914e-06 1.9708416052333845e-08 0.00022250745525835176 -2.4571411392895514e-06 0.00052683679174852377 -0.00087172752208095191 -1.2000694795107156e-05 1.5711120962812249e-05 -8.5859191016988606e-06 2.7724019469087346e-06 -1.2921996458922995e-05 -2.0800741270939502e-07 3.9334987424647987e-06 0.00073004792246105638 -1.1212180442822283e-05 -0.00070093874154041481 6.8417344347073302e-07 3.5853949915147374e-06 4.4069248545357378e-07 -3.6307493407995581e-06 -0.0018581377411369445 4.443157797803739e-08 6.0205027337925913e-05 -8.4159667413395348e-06 -0.00081066106624417655 -1.2481651319461066e-06 -0.00092190601179532958 -0.00094902421285329654 1.3768164875138884e-06 -7.5866386568835682e-07 -9.1231111074492033e-06 -0.00071019675342551963 0.0011344575410240888 0.00012905548448471677 0.00058049095452962745 -1.5717565742112319e-05 0.00022597779623026963 0.00054034968162540453
leaf_weight=21 23 20 21 20 21 21 20 24 28 37 21 22 37 28 34 22 29 29 39 35 37 21 34 29 23 21 27 20 31 25 24 21 21 29 37 35 28 20 27 23 23 27 24 22 31 36 22 20 21 24 20
leaf_count=21 23 20 21 20 21 21 20 24 28 37 21 22 37 28 34 22 29 29 39 35 37 21 34 29 23 21 27 20 31 25 24 21 21 29 37 35 28 20 27 23 23 27 24 22 31 36 22 20 21 24 20
internal_value=-9.22509e-05 -3.81388e-06 0.000786802 0.00149789 0.000888889 -0.000595238 -0.000343511 0.0021875 -0.000286624 0.000462963 -0.00193878 -7.71388e-05 4.46429e-05 -0.000188356 0.000400697 0.000752896 0.000136612 0.00138554 -0.000757576 -0.00118026 0.000131579 -0.00207317 0.00223684 -0.00181529 -0.0009 -0.00181818 0.00305556 0.0015 -0.000774648 0.00277778 0.00159091 0.00290698 0.000333333 -0.00127451 -0.00157459 -0.00201389 -0.00117021 -0.00132813 -0.000595238 -0.00272727 -0.0025 0.00078125 -0.00272727 -0.003 -0.00245763 0.00342105 0.000714286 0.0005 -0.0036 0.00401961 0.00357143
internal_weight=1355 1311 394 237 180 84 917 96 157 108 49 713 672 584 287 259 183 83 297 233 76 41 76 157 100 66 72 40 71 54 88 43 45 204 181 144 94 128 84 44 44 64 44 45 59 57 49 40 50 51 42
internal_count=1355 1311 394 237 180 84 917 96 157 108 49 713 672 584 287 259 183 83 297 233 76 41 76 157 100 66 72 40 71 54 88 43 45 204 181 144 94 128 84 44 44 64 44 45 59 57 49 40 50 51 42
is_linear=0
shrinkage=0.005


Tree=11
num_leaves=50
num_cat=0
split_feature=69 1 69 26 28 1 83 17 77 43 46 33 92 71 28 17 21 69 28 28 10 1 57 61 34 33 33 77 67 82 45 39 34 98 17 79 21 24 77 77 77 5 67 21 10 91 69 8 17
split_gain=13.6974 16.3132 15.3918 13.8539 16.9187 11.31 9.82608 9.64955 9.23874 9.22654 8.69206 8.65815 8.54533 8.45267 7.55048 6.84524 7.78802 6.22903 10.2046 8.31863 9.00735 8.06266 14.5671 8.77296 7.88926 6.80063 7.66326 6.68293 6.4 6.38253 6.26867 7.05595 9.17916 6.21957 5.4678 5.25762 4.9268 4.47386 4.30572 9.31371 3.79172 4.36148 3.6 3.48589 3.25584 3.63462 2.59262 2.5 2.5
threshold=32561.650000000005 13774.450000000003 29593.850000000002 138.75000000000003 26.525000000000002 13236.750000000002 2210.1500000000001 223.00000000000003 4434.0657868111475 93.079998016357436 102.77999877929689 50.250000000000007 33733.418068750012 1236.5435000000002 30.925000000000004 136.15000000000003 27.675000000000004 36691.600000000013 28.075000000000006 28.325000000000006 39427.100000000013 16306.300000000001 -0.56174490092936669 34259.250000000007 39.250000000000007 25.750000000000004 51.250000000000007 4048.4909427132111 34175.100000000013 -0.050500000000000038 24772.500000000004 174.75000000000003 89.250000000000014 0.28125000000000006 6.1500000000000012 527.44862026053818 26.825000000000006 10.425000000000002 3955.0865715615796 3643.3980852070649 3978.2808415079007 6280.005000000001 33010.80000000001 26.475000000000005 31871.900000000005 29303.536443750003 31021.800000000007 410.48802631578951 52.100000000000009
decision_type=2 2 2 2 2 2 2 2 2 2 2 2 2 2 2 2 2 2 2 2 2 2 2 2 2 2 2 2 2 2 2 2 2 2 2 2 2 2 2 2 2 2 2 2 2 2 2 2 2
left_child=1 2 5 4 7 9 37 8 34 12 -7 -9 13 40 17 16 36 18 21 20 -19 24 -23 -24 -2 42 -27 29 -25 -20 31 -28 -33 -31 -3 -21 -6 -4 39 -17 41 -1 -26 -29 45 46 -36 -5 -46
right_child=14 3 6 47 15 10 -8 11 -10 -11 -12 -13 -14 -15 -16 38 -18 19 27 35 -22 22 23 28 25 26 30 43 -30 33 -32 32 -34 -35 44 -37 -38 -39 -40 -41 -42 -43 -44 -45 48 -47 -48 -49 -50
leaf_value=-0.00068919977888682248 -0.00046508473975786775 0.00032444985601939023 -0.0027881360075933644 0.0022370453357960251 -3.4905974347769871e-05 0.0015543766311325799 2.8336452573853716e-06 -5.4420987724044398e-06 -1.399444918534068e-06 0.00013520819807974355 -2.4010770677373863e-06 8.7658714450010688e-06 0.00040088439421160201 1.0708052880474617e-06 1.9158348379314512e-06 3.2141252705677347e-06 5.5092323630933873e-08 1.6036631498111671e-06 6.1249465721980921e-08 6.3734471939457752e-06 -0.0012865199692807265 -2.3147150432985195e-06 0.0010131140776845624 -2.8143147579042791e-07 -1.1847112977681118e-07 -0.00097475227788284115 3.8836048906903718e-06 -9.8469145960818332e-07 2.2686219006134602e-06 -6.4564042326939604e-06 -6.4033074522146742e-05 -1.5458665203849076e-06 8.1726508539291632e-07 -3.6875198613059297e-07 0.00049166035371747154 1.2608868154160115e-08 -0.00029386525375194955 -0.0004534865326969502 5.406314328960757e-06 -0.0007258225039019925 -3.2012920663990719e-06 -0.0012391604730173991 5.8324521622244938e-06 -1.1940691321131621e-05 0.0002433280973419726 0.00083904725933158528 4.7226256619542861e-06 0.030051687953294205 1.316863046172821e-06
leaf_weight=23 21 35 36 20 31 36 31 27 38 28 20 22 30 31 35 26 36 36 36 22 32 34 26 20 20 29 27 20 20 30 21 24 23 31 33 23 22 32 30 20 22 27 20 31 20 27 31 20 20
leaf_count=23 21 35 36 20 31 36 31 27 38 28 20 22 30 31 35 26 36 36 36 22 32 34 26 20 20 29 27 20 20 30 21 24 23 31 33 23 22 32 30 20 22 27 20 31 20 27 31 20 20
internal_value=-9.9631e-05 0.000335917 -0.000537975 0.000938865 0.000669856 0.000207373 -0.00217172 0.00148221 0.00196078 -0.000465839 0.00214286 -0.000510204 -0.00101504 -0.00169903 -0.000679862 -0.000575758 -0.00151685 -0.000824176 -0.001097 0.000221239 -0.000882353 -0.00054386 0.0006 0.0019697 -0.00116216 -0.000792683 -0.00137097 -0.00216216 0.0005 -0.00139175 -0.000684211 0 -0.00117021 -0.00237705 0.00246988 0.00188889 -0.00273585 -0.00323529 0.000526316 -0.000434783 -0.00263889 -0.0034 0.001 -0.00362745 0.00293893 0.00346154 0.0028125 0.00375 0.00175
internal_weight=1355 774 316 458 418 217 99 253 204 161 56 49 133 103 581 165 89 546 433 113 68 285 100 66 185 164 124 148 40 97 95 74 47 61 166 45 53 68 76 46 72 50 40 51 131 91 64 40 40
internal_count=1355 774 316 458 418 217 99 253 204 161 56 49 133 103 581 165 89 546 433 113 68 285 100 66 185 164 124 148 40 97 95 74 47 61 166 45 53 68 76 46 72 50 40 51 131 91 64 40 40
is_linear=0
shrinkage=0.005


Tree=12
num_leaves=52
num_cat=0
split_feature=68 62 77 62 8 4 75 87 36 44 1 36 7 13 77 75 77 68 30 35 3 100 64 40 1 19 41 65 3 71 35 16 67 81 72 11 17 88 6 62 6 3 75 75 16 62 35 67 26 65 6
split_gain=11.443 16.9404 14.516 13.3238 10.0471 10.5109 8.45217 15 7.67549 11.67 12.4724 12.0714 8.95661 8.19378 9.10449 8.04692 7.94613 7.71429 7.56546 7.70005 8.6396 7.24394 9.85608 7.20532 7.14286 7.07709 12.9124 6.66667 6.4 6.16159 5.88878 10.4658 5.13333 5.06288 5.01354 4.9 4.89925 4.7489 4.34686 4.12456 5.84074 7.35594 5.31626 4.9634 4.08559 3.78409 3.6 3.40961 3.66288 2.90049 1.01739
threshold=1494.7 980.50000000000011 3874.1540907108601 1511.2240000000004 422.85084637268852 1994.8050000000001 247.12650344744222 0.21875000000000003 90.250000000000014 2.6935000419616704 15538.366500000002 84.250000000000014 1457.0800000000002 14154.600000000002 4110.648836480982 353.62355783717192 3659.4308069334161 1011.3785000000001 98.250000000000014 25.825000000000006 15256.812000000002 0.059027777777777783 1493.1660000000002 140.75000000000003 14369.400000000003 891.75000000000011 83.750000000000014 30258.900000000005 15348.200000000003 1.026 26.375000000000004 6199.6000000000013 33974.000000000007 4189.5825248205338 223.71250000000003 37361.200000000004 90.90000000000002 5492.831666666666 6206.8650000000007 961.9235000000001 3515.7950000000005 14540.700000000003 361.64969031094932 397.9889480047471 6305.5500000000011 1447.5500000000002 25.175000000000004 34450.200000000004 62.250000000000007 28767.000000000004 4581.0350000000008
decision_type=2 2 2 2 2 2 2 2 2 2 2 2 2 2 2 2 2 2 2 2 2 2 2 2 2 2 2 2 2 2 2 2 2 2 2 2 2 2 2 2 2 2 2 2 2 2 2 2 2 2 2
left_child=1 8 21 4 5 -2 27 30 9 25 11 17 24 14 23 -13 34 -11 19 35 -21 22 -3 -12 -10 26 -1 -4 -29 47 31 -8 -26 -18 -17 -5 -14 -20 50 44 43 42 -42 -41 49 -43 -9 -27 -49 -7 -23
right_child=3 2 6 18 -6 39 7 46 12 10 13 15 36 -15 -16 16 33 -19 37 20 -22 38 -24 -25 32 29 -28 28 -30 -31 -32 -33 -34 -35 -36 -37 -38 -39 -40 40 41 45 -44 -45 -46 -47 -48 48 -50 -51 -52
leaf_value=3.5332406721302191e-06 4.4778432694598574e-06 -0.000144479596495009 -9.0567292285620825e-05 -1.5269284023723452e-06 1.5366579836433948e-05 -0.0014113986035054623 0.0011895011357753822 -0.00057505333864135233 -1.0616963896592221e-05 0.0014368403179880129 0.0029874063385951512 -0.0018876081471129397 -1.3864545735521133e-05 -3.4279565812593195e-06 -1.3458987970672935e-08 0.0011735178466316162 -0.00047237803210423813 -0.0013015154383032685 4.9721141892337861e-06 4.5994582500555447e-05 -2.3043024384568541e-07 0.0011702799985225266 0.0010360308200451428 9.5450519062325522e-07 0.00027654760257936697 -0.00042367525736502511 -7.7217685052678114e-06 1.1908833383707357e-05 -3.5968188904596994e-05 -3.5741165084063692e-07 0.001243438928591584 -2.7161138061842106e-06 8.2484754321613212e-07 -3.5586453024742558e-06 -0.00029968526549716841 -1.8493340298148642e-06 1.9009131364502108e-06 8.1317875996595175e-07 0.00080443864112262242 -0.00091433844763538687 0.00020828963680096088 -5.4781760730266937e-05 -0.00032424500044736342 -1.1029901554294453e-05 -0.0001723464064180286 -3.6111884367166083e-06 5.6812643010257671e-07 -2.7029228681552717e-06 -3.2024075254347567e-06 -0.0014283676184048569 0.0009630957542875188
leaf_weight=37 25 35 24 20 20 35 39 20 21 21 31 33 23 29 39 22 26 21 34 38 31 20 32 36 22 27 20 20 20 26 21 20 20 20 25 20 22 39 33 24 20 30 31 25 20 23 20 26 20 23 26
leaf_count=37 25 35 24 20 20 35 39 20 21 21 31 33 23 29 39 22 26 21 34 38 31 20 32 36 22 27 20 20 20 26 21 20 20 20 25 20 22 39 33 24 20 30 31 25 20 23 20 26 20 23 26
internal_value=-7.74908e-05 0.000250836 0.00115152 -0.000720524 -0.00141304 -0.00167969 0.000217391 0.001 -0.000273369 -0.000555556 1.65017e-05 -0.000892857 0.000925926 0.00114815 0.00179245 -0.00166667 -0.000913978 0.00142857 0.00032967 -0.000504587 0.000507246 0.00232877 0.0011194 0.00291045 0.00214286 -0.00166667 -0.000263158 -0.00125 0 -0.00247475 0.00225 0.00144068 0.00333333 -0.0023913 0.000531915 -0.00225 -0.000777778 0.00157534 0.00335443 -0.00201299 -0.00153595 -0.000865385 0.000490196 -0.00295918 -0.00294872 -0.00216981 -0.0015 -0.00321918 -0.0023913 -0.00362069 0.00434783
internal_weight=1355 897 330 458 276 256 184 120 567 459 303 168 108 135 106 126 93 42 182 109 69 146 67 67 63 156 57 64 40 99 80 59 42 46 47 40 45 73 79 231 153 104 51 49 78 53 40 73 46 58 46
internal_count=1355 897 330 458 276 256 184 120 567 459 303 168 108 135 106 126 93 42 182 109 69 146 67 67 63 156 57 64 40 99 80 59 42 46 47 40 45 73 79 231 153 104 51 49 78 53 40 73 46 58 46
is_linear=0
shrinkage=0.005


Tree=13
num_leaves=52
num_cat=0
split_feature=46 81 8 29 11 21 27 5 24 69 3 40 40 64 3 11 42 16 24 8 35 19 3 27 34 35 23 40 35 24 96 19 81 16 91 69 42 70 69 5 33 46 3 25 3 40 40 27 17 63 7
split_gain=11.2689 12.3259 13.8965 9.90274 9.36386 9.22621 12.5812 11.7445 10.8518 8.84532 7.71429 7.69754 7.58846 6.99717 7.85801 9.40756 7.45914 6.89655 6.80491 10.9994 7.54851 10.516 7.12529 6.76397 7.12529 6.27595 8.68699 5.77154 7.7727 6.34021 5.74901 8.57018 6.64314 5.4697 5.46697 8.88433 6.67681 5.48173 5.18123 6.91429 4.84362 3.88396 3.6 3.6 3.57745 3.34545 3.11688 2.77778 2.74932 2.66825 1.75325
threshold=108.51499938964845 3942.6497634111447 392.9500000000001 80.250000000000014 34087.500000000007 29.575000000000006 97.750000000000014 3867.3350000000005 8.2250000000000014 31372.200000000001 13302.050000000001 42.750000000000007 147.75000000000003 1.0155000000000001 16425.206000000002 39919.55000000001 109.6800003051758 5177.6000000000013 5.4250000000000016 417.52342717717721 25.275000000000002 1979.3000000000002 15631.531500000003 100.25000000000001 73.250000000000014 25.725000000000005 99.750000000000014 75.250000000000014 24.025000000000002 9.1250000000000018 1.0000000180025095e-35 259.20000000000005 3766.8418903766728 6378.0500000000011 32353.160725000005 36267.850000000006 118.20000076293947 1040.7000000000003 32530.500000000004 5184.3900000000012 10.250000000000002 102.47499847412111 14343.700000000003 97.250000000000014 14925.250000000002 81.750000000000014 88.750000000000014 75.750000000000014 38.900000000000006 30887.850000000002 870.81000000000006
decision_type=2 2 2 2 2 2 2 2 2 2 2 2 2 2 2 2 2 2 2 2 2 2 2 2 2 2 2 2 2 2 2 2 2 2 2 2 2 2 2 2 2 2 2 2 2 2 2 2 2 2 2
left_child=1 2 -1 -2 9 6 7 8 -4 10 -3 43 -8 14 15 16 -6 -5 19 22 27 34 46 24 -18 -17 44 29 -29 -20 31 -13 -32 -28 36 -36 37 -22 39 -38 -23 48 -21 -9 -27 -11 -15 -40 -33 -31 -26
right_child=3 4 5 17 13 -7 12 11 -10 45 -12 30 -14 18 -16 25 23 -19 20 42 21 40 -24 -25 50 26 33 28 -30 49 32 41 -34 -35 35 -37 38 -39 47 -41 -42 -43 -44 -45 -46 -47 -48 -49 -50 -51 -52
leaf_value=-0.0016732635354826098 0.00079051597740417397 -0.0011404046877979044 -0.00037366225920618486 0.0003916022004180834 -8.1413183101305668e-06 0.0012798367372469654 -0.00097472389149105821 0.00012169124581580594 0.00016147222581323049 -0.0013473758324870023 0.00012354834998999918 1.9899604903684407e-05 6.6329469236629038e-07 0.00013718594958633839 2.1865210280038733e-06 7.5877925726561856e-06 -5.5672340413655811e-07 -4.4953712475809517e-06 -1.3921038274000787e-07 1.7631693522953768e-06 8.8375844761442949e-07 0.00054141987251794766 2.4362093281763303e-08 0.0022284905633656242 -9.2526966118519127e-06 -1.1251680773119758e-06 -1.2231103407879958e-06 -0.00029089099672534118 4.7719418213501382e-05 -0.0013271945737946297 5.6877353083793466e-06 0.00036883026172746495 -1.4934982595355617e-05 5.0751074692947673e-06 -0.00043486329938304864 -1.8734670096203644e-06 -5.8208648298602626e-06 0.00096372981817830568 -1.4596589311403038e-06 0.00032304297427971019 1.0476063911080498e-06 0.00020636963861204706 -2.6841737383433908e-06 -1.0244151338997024e-05 -5.0708170276432714e-06 -0.0018781701063773748 0.00057192233734649806 -6.5005978361603641e-07 0.00082593688073354739 -9.8265720054745249e-06 -0.002722007004790388
leaf_weight=36 26 21 31 29 32 34 33 20 37 22 21 34 28 22 22 21 25 29 23 20 22 20 25 20 20 21 22 20 29 24 30 34 21 32 23 30 35 21 25 35 37 35 20 20 31 23 20 20 31 21 22
leaf_count=36 26 21 31 29 32 34 33 20 37 22 21 34 28 22 22 21 25 29 23 20 22 20 25 20 20 21 22 20 29 24 30 34 21 32 23 30 35 21 25 35 37 35 20 20 31 23 20 20 31 21 22
internal_value=-0.000107011 -0.000224233 0.000471698 0.00166667 -0.000572609 0.000747423 0.000508475 0.000938567 -0.000882353 -0.00212644 -0.00047619 0.00148889 -0.00155738 -0.000394737 -0.00104478 -0.00130081 -0.00231092 0.000517241 -4.06504e-05 0.00107477 -0.000350649 0.00011194 0.00231343 -0.00155172 -0.00231343 -0.000354331 -0.000849057 -0.00141026 -0.000102041 -0.00235294 0.00191892 0.00246269 0.000490196 0.000555556 -0.000402844 -0.00179245 6.32911e-05 0.00174419 -0.000565217 0.000285714 0.00201754 0.0032 -0.001 -0.0005 -0.00230769 -0.00366667 0.00357143 -0.00188889 0.00392308 -0.00344444 -0.00357143
internal_weight=1355 1271 424 84 847 388 354 293 68 87 42 225 61 760 268 246 119 58 492 107 385 268 67 87 67 127 106 117 49 68 185 134 51 54 211 53 158 43 115 70 57 100 40 40 52 45 42 45 65 45 42
internal_count=1355 1271 424 84 847 388 354 293 68 87 42 225 61 760 268 246 119 58 492 107 385 268 67 87 67 127 106 117 49 68 185 134 51 54 211 53 158 43 115 70 57 100 40 40 52 45 42 45 65 45 42
is_linear=0
shrinkage=0.005


Tree=14
num_leaves=52
num_cat=0
split_feature=72 62 77 27 2 35 75 74 62 98 14 59 65 65 44 2 28 2 28 43 29 75 75 72 57 88 71 0 0 0 29 71 65 63 37 6 98 79 79 94 16 79 81 71 2 7 13 0 65 7 0
split_gain=20.8578 12.2427 11.2631 10.6963 9.77364 9.21029 8.44061 22.4074 7.23476 7.15771 6.98683 10.5191 6.93673 11.5607 6.54762 6.51959 11.2407 7.89206 7.48081 6.52909 6.74626 8.18569 6.21551 7.65499 8.12804 7.58457 6.19286 6.25 6.0804 10.1944 5.94668 5.78528 5.70705 7.24508 5.84136 9.96399 5.79336 9.54669 6.29194 5.66154 5.4658 4.86195 4.58009 4.45455 4.27458 5.84929 3.39231 3.27273 2.81299 0.962791 0.104762
threshold=1297.9565000000002 980.50000000000011 3919.2358028684534 86.750000000000014 2563.1500000000001 24.275000000000002 247.12650344744222 1185.3615625000004 1297.3770000000002 0.50347222222222232 12353.050000000001 -0.5 29461.200000000004 30914.500000000004 5.3404998779296884 3191.9500000000003 30.925000000000004 3101.9500000000003 28.925000000000004 76.780002593994155 84.750000000000014 499.3323185116684 469.4882726350715 896.37400000000014 1.0000000180025095e-35 7255.0979166666666 793.2700000000001 32226.900000000005 33798.450000000004 30476.300000000007 93.250000000000014 1042.7165000000002 29001.900000000005 28772.250000000004 98.750000000000014 4706.3900000000012 0.51041666666666674 500.77694915088699 652.48210789594395 673237.25596343772 6128.4000000000005 319.60250351148454 3896.5610233226021 1257.4950000000001 3399.3000000000006 175.60500000000005 3204.1500000000005 30654.250000000004 28767.000000000004 17.615000000000006 28771.550000000003
decision_type=2 2 2 2 2 2 2 2 2 2 2 2 2 2 2 2 2 2 2 2 2 2 2 2 2 2 2 2 2 2 2 2 2 2 2 2 2 2 2 2 2 2 2 2 2 2 2 2 2 2 2
left_child=1 9 3 41 5 -2 31 40 49 15 12 -12 -6 -14 48 17 19 18 22 20 21 -17 23 24 47 -24 27 -20 29 39 32 -4 33 34 35 -13 37 -34 -39 -27 -8 -3 50 -32 45 -21 -38 -1 -10 -7 -43
right_child=4 2 6 -5 10 8 7 -9 14 -11 11 30 13 -15 -16 16 -18 -19 26 44 -22 -23 25 -25 -26 28 -28 -29 -30 -31 43 -33 36 -35 -36 -37 46 38 -40 -41 -42 42 -44 -45 -46 -47 -48 -49 -50 -51 -52
leaf_value=9.6083372371027695e-07 2.02849628887733e-05 0.00067864528619160076 1.0660937238203357e-05 -9.790620194760407e-06 2.3357069191946996e-05 -0.0014928494013621535 1.6082781505843207e-05 0.001207269602451316 -0.0003560154178668718 -8.6508375299836909e-05 -0.0011676238855019819 -6.2181435561592547e-06 -2.6855221076964722e-06 7.9053613396008506e-06 1.8698045623040199e-06 -1.1981724417321051e-07 1.6444256618479013e-06 0.00020115873403837791 -0.00058188861280038804 -6.4918734096162004e-06 -6.790562104073932e-06 0.003460746021105375 0.0002089019183306552 -0.0021554870706608949 -1.7854086960014197e-05 -0.0004495880704835475 -0.0021444506664355925 2.5274426579248793e-06 -1.7019294079644029e-06 1.2730252026100762e-05 -1.8145955715665455e-07 -0.00011199932037998458 2.893432710548029e-06 2.6186084427449694e-06 -3.1752446517014695e-06 3.1130539213733521e-05 -3.9488692210526978e-06 -0.00046113079276218589 2.6161838134708047e-06 0.00021160677071748558 -0.0010735179084286198 0.0018573308505559155 0.0010558467551329228 3.6043459648615963e-05 -8.3534968548587694e-08 -3.5184703757237868e-06 -1.1275759962891186e-06 0.00013145420424171534 -2.0935501315768966e-06 -0.0022908623477733447 0.0019322433426950598
leaf_weight=22 27 33 20 27 22 20 34 36 20 20 30 25 32 31 24 25 26 32 32 23 28 22 29 23 27 20 20 32 31 31 22 26 21 37 30 28 20 27 24 26 20 22 33 22 28 26 32 22 22 23 20
leaf_count=22 27 33 20 27 22 20 34 36 20 20 30 25 32 31 24 25 26 32 32 23 28 22 29 23 27 20 20 32 31 31 22 26 21 37 30 28 20 27 24 26 20 22 33 22 28 26 32 22 22 23 20
internal_value=-0.000136531 0.000367647 0.00123616 0.00225926 -0.000899814 -0.00205882 0.000220588 0.00111111 -0.00270642 -6.42202e-05 -0.000508685 -0.000849057 0.000764706 -7.93651e-05 -0.00166667 4.7619e-05 -0.000730337 0.000446686 0.000206349 -0.00125 -0.0002 0.000957447 0.000670996 -0.000319149 0.000492958 0.00135036 -0.00107143 -0.0003125 0.000740741 0.00149351 -0.000555556 -0.00152174 -0.000860656 -8.33333e-05 -0.000903614 9.43396e-05 -0.0016129 -0.000694444 -0.00186275 0 -0.000925926 0.00296296 0.00366667 0.00113636 -0.00227273 -0.00316327 -0.00288462 0.00181818 -0.00285714 -0.00430233 0.0047619
internal_weight=1355 816 271 135 539 136 136 90 109 545 403 318 85 63 66 525 178 347 315 152 75 47 231 94 71 137 84 64 108 77 288 46 244 120 83 53 124 72 51 46 54 108 75 44 77 49 52 44 42 43 42
internal_count=1355 816 271 135 539 136 136 90 109 545 403 318 85 63 66 525 178 347 315 152 75 47 231 94 71 137 84 64 108 77 288 46 244 120 83 53 124 72 51 46 54 108 75 44 77 49 52 44 42 43 42
is_linear=0
shrinkage=0.005


Tree=15
num_leaves=51
num_cat=0
split_feature=68 76 34 64 62 23 93 23 77 62 37 1 65 1 14 6 65 36 77 68 23 93 29 10 90 20 2 37 2 23 37 6 23 74 36 90 87 2 2 17 29 34 21 61 68 77 70 24 33 62
split_gain=15.3097 14.4389 12.1591 10.0826 11.7867 11.3169 10.5412 11.884 8.55944 7.7797 9.81049 7.38399 7.08042 6.55253 13.567 12.9152 6.23813 13.2873 7.35055 6.2255 9.58111 6.18215 6.08142 9.05259 6.14226 10.1369 5.97579 5.77153 5.67326 5.42625 5.39887 5.26815 6.72545 7.20911 10.2694 7.32814 7.27289 5.30748 4.80657 4.6045 4.59825 7.2264 4.35376 4.12751 3.93418 3.72308 3.27273 2.77778 2.6225 1.06531
threshold=1425.8500000000001 41361.290625000009 79.750000000000014 1161.3815000000002 1231.0935000000002 11.250000000000002 417.31263888888896 89.750000000000014 3238.1175605693584 1175.6580000000001 46.750000000000007 13098.231500000002 30293.550000000007 14004.900000000003 18715.200000000001 4983.8000000000011 26639.900000000005 86.750000000000014 3870.1510449251396 611.55000000000007 94.250000000000014 403.40305555555562 70.750000000000014 40740.500000000007 2104.7323500000007 825.20000000000016 3040.3500000000008 99.750000000000014 2937.2380000000007 98.750000000000014 56.750000000000007 2802.1850000000004 51.500000000000007 1604.0313750000003 87.250000000000014 1247.9386500000003 0.093750000000000014 2679.6500000000005 3110.1500000000005 29.100000000000005 86.750000000000014 61.250000000000007 18.175000000000001 29481.900000000005 1236.3805000000002 4048.4909427132111 890.6500000000002 7.875 205.75000000000003 1.0725000000000002
decision_type=2 2 2 2 2 2 2 2 2 2 2 2 2 2 2 2 2 2 2 2 2 2 2 2 2 2 2 2 2 2 2 2 2 2 2 2 2 2 2 2 2 2 2 2 2 2 2 2 2 2
left_child=1 2 8 6 -5 -6 30 -8 21 10 -4 -12 31 16 15 40 17 -10 -18 22 -21 39 -13 24 25 -24 -16 -11 -14 -26 -2 -7 -33 34 36 -36 37 -34 -22 -1 -15 -42 -30 -32 48 -20 -23 -28 -17 -45
right_child=3 -3 9 4 5 12 7 -9 13 27 11 19 28 14 26 44 18 -19 45 20 38 46 23 -25 29 -27 47 -29 42 -31 43 32 33 -35 35 -37 -38 -39 -40 -41 41 -43 -44 49 -46 -47 -48 -49 -50 -51
leaf_value=0.00020785740873900194 -0.00047420458698913329 -1.4651009398810898e-05 -1.5706221549112347e-05 7.8069125633429405e-06 8.3614258331871725e-05 -2.063009169883405e-05 -0.00080404642273965653 9.099227690044445e-06 0.00083189656411826549 0.00085887365454912564 -0.00088530055297817746 1.1070628012264106e-05 -3.709479544396642e-06 -5.3300993618888625e-06 4.4129521062491569e-06 0.0012648664458721898 0.00050889835729674854 -0.00036725467834660352 -0.0013316085012754259 6.7696894013837209e-06 -0.0020370073233412266 1.0209698301131261e-05 7.5504526960137705e-06 -1.2547652813653236e-05 0.0036495616297062285 -5.1802961174491489e-06 -4.2752107676081815e-06 -1.2515458205844131e-06 -3.1966789332391635e-06 1.7948221278243716e-08 -0.00034345866960536014 -1.9083392978526985e-06 -1.3049876475579296e-06 -1.1766486307731756e-06 0.00012369366019054673 -0.00030091610341684212 0.00035427334819027587 0.00023022224215452747 -5.7604194289165105e-06 -0.00037819297336465116 0.00093254936904410741 -6.4594140425681188e-06 -3.3153652853307538e-08 -0.0014022033937467926 0.00062100927015631177 -6.0123515879282767e-05 0.0015216527426273113 -1.1309292687344502e-05 0.00070566387898613858 -0.0020102216432910888
leaf_weight=27 27 34 30 37 27 25 25 28 26 37 30 21 20 38 32 38 23 22 20 30 39 22 25 22 21 36 20 21 32 25 26 22 31 32 20 22 24 22 29 21 34 25 36 20 23 32 22 25 20 29
leaf_count=27 27 34 30 37 27 25 25 28 26 37 30 21 20 38 32 38 23 22 20 30 39 22 25 22 21 36 20 21 32 25 26 22 31 32 20 22 24 22 29 21 34 25 36 20 23 32 22 25 20 29
internal_value=-0.000149091 0.000252874 0.000382775 -0.000841584 -0.000371429 -0.000686901 -0.00190323 -9.43396e-05 0.000914894 -0.000300546 -0.000616883 -0.000323741 -0.000979021 0.000582011 0.00103922 0.00179775 -0.000365854 0.00104167 -0.00126667 -4.03226e-05 -0.00102041 0.00228261 0.0006 0.000193798 0.000794393 -0.000245902 -0.000714286 0.00137931 -0.00215909 0.00217391 -0.00284314 -0.000454545 -0.000144509 0.000231788 0.000798319 -0.00119048 0.00188312 0.000849057 -0.00205882 0.00104167 0.00056701 0.00144068 -0.00147059 -0.00353333 0.0032716 -0.00230769 0.00363636 -0.00188889 0.00396552 -0.00438776
internal_weight=1375 870 836 505 350 313 155 53 470 366 308 278 286 378 255 178 123 48 75 248 98 92 150 129 107 61 77 58 88 46 102 198 173 151 119 42 77 53 68 48 97 59 68 75 81 52 44 45 58 49
internal_count=1375 870 836 505 350 313 155 53 470 366 308 278 286 378 255 178 123 48 75 248 98 92 150 129 107 61 77 58 88 46 102 198 173 151 119 42 77 53 68 48 97 59 68 75 81 52 44 45 58 49
is_linear=0
shrinkage=0.005


end of trees

feature_importances:
load_rolling_std_24h=27
load_lag_336=26
wind_speed_hanoi=23
temperature_hcmc=19
disp_solar_midday_mw=18
smp_lag_336=18
load_rolling_std_72h=18
load_total_mw=17
smp_north_lag_336=17
load_north_mw=16
load_south_mw=15
direct_radiation_hanoi=15
humidity_hcmc=15
smp_lag_50=15
spike_prob_72h=15
disp_wind_midday_mw=14
smp_lag_49=14
load_ramp_lag48=14
disp_hydro_midday_mw=13
cloud_cover_hanoi=13
humidity_danang=13
load_lag_50=13
load_lag_96=13
smp_north_lag_48=13
load_central_mw=12
temperature_hanoi=12
diffuse_radiation_danang=12
hydro_spill_discharge_m3s=11
cloud_cover_danang=11
direct_radiation_danang=11
direct_radiation_hcmc=11
diffuse_radiation_hcmc=11
smp_rolling_std_24h=11
hydro_plant_discharge_m3s=10
disp_wind_evening_mw=10
diffuse_radiation_hanoi=10
smp_rolling_mean_72h=10
residual_load_proxy=10
hydro_inflow_m3s=9
disp_solar_evening_mw=9
shortwave_radiation_hanoi=9
usd_vnd=9
smp_south_lag_48=9
hydro_total_discharge_m3s=8
disp_hydro_evening_mw=8
humidity_hanoi=8
cloud_cover_hcmc=8
wind_speed_hcmc=8
dxy_index=8
smp_south_lag_336=8
hydro_depletion_index=8
disp_total_midday_mw=7
disp_total_evening_mw=7
temperature_danang=7
coal_proxy_price=7
brent_price=7
smp_lag_96=7
load_rolling_mean_24h=7
load_rolling_mean_72h=7
solar_gen_proxy=7
wind_gen_proxy=7
hydro_water_level_m=6
smp_lag_48=6
smp_rolling_mean_24h=6
smp_rolling_std_72h=6
price_spread_ns_lag48=6
hydro_discharge_rolling_24h=6
spike_prob_24h=6
wind_speed_danang=5
zero_prob_72h=5
shortwave_radiation_hcmc=4
gas_proxy_price=4
load_lag_49=4
is_spike=4
shortwave_radiation_danang=3
load_lag_48=3
smp_yesterday_min=3
thermal_margin_proxy=3
margin_temp_interaction=3
is_zero=3
zero_prob_24h=3
sin_dow=2
cos_dow=2
smp_yesterday_mean=2
smp_yesterday_zero_ratio=2
cos_month=1

parameters:
[boosting: gbdt]
[objective: regression_l1]
[metric: l1]
[tree_learner: serial]
[device_type: cpu]
[data_sample_strategy: bagging]
[data: ]
[valid: ]
[num_iterations: 3000]
[learning_rate: 0.005]
[num_leaves: 127]
[num_threads: -1]
[seed: 42]
[deterministic: 0]
[force_col_wise: 0]
[force_row_wise: 0]
[histogram_pool_size: -1]
[max_depth: -1]
[min_data_in_leaf: 20]
[min_sum_hessian_in_leaf: 0.001]
[bagging_fraction: 0.8]
[pos_bagging_fraction: 1]
[neg_bagging_fraction: 1]
[bagging_freq: 5]
[bagging_seed: 400]
[bagging_by_query: 0]
[feature_fraction: 0.5]
[feature_fraction_bynode: 1]
[feature_fraction_seed: 30056]
[extra_trees: 0]
[extra_seed: 12879]
[early_stopping_round: 0]
[early_stopping_min_delta: 0]
[first_metric_only: 0]
[max_delta_step: 0]
[lambda_l1: 0]
[lambda_l2: 0]
[linear_lambda: 0]
[min_gain_to_split: 0]
[drop_rate: 0.1]
[max_drop: 50]
[skip_drop: 0.5]
[xgboost_dart_mode: 0]
[uniform_drop: 0]
[drop_seed: 17869]
[top_rate: 0.2]
[other_rate: 0.1]
[min_data_per_group: 100]
[max_cat_threshold: 32]
[cat_l2: 10]
[cat_smooth: 10]
[max_cat_to_onehot: 4]
[top_k: 20]
[monotone_constraints: ]
[monotone_constraints_method: basic]
[monotone_penalty: 0]
[feature_contri: ]
[forcedsplits_filename: ]
[refit_decay_rate: 0.9]
[cegb_tradeoff: 1]
[cegb_penalty_split: 0]
[cegb_penalty_feature_lazy: ]
[cegb_penalty_feature_coupled: ]
[path_smooth: 0]
[interaction_constraints: ]
[verbosity: -1]
[saved_feature_importance_type: 0]
[use_quantized_grad: 0]
[num_grad_quant_bins: 4]
[quant_train_renew_leaf: 0]
[stochastic_rounding: 1]
[linear_tree: 0]
[max_bin: 255]
[max_bin_by_feature: ]
[min_data_in_bin: 3]
[bin_construct_sample_cnt: 200000]
[data_random_seed: 175]
[is_enable_sparse: 1]
[enable_bundle: 1]
[use_missing: 1]
[zero_as_missing: 0]
[feature_pre_filter: 1]
[pre_partition: 0]
[two_round: 0]
[header: 0]
[label_column: ]
[weight_column: ]
[group_column: ]
[ignore_column: ]
[categorical_feature: ]
[forcedbins_filename: ]
[precise_float_parser: 0]
[parser_config_file: ]
[objective_seed: 16083]
[num_class: 1]
[is_unbalance: 0]
[scale_pos_weight: 1]
[sigmoid: 1]
[boost_from_average: 1]
[reg_sqrt: 0]
[alpha: 0.9]
[fair_c: 1]
[poisson_max_delta_step: 0.7]
[tweedie_variance_power: 1.5]
[lambdarank_truncation_level: 30]
[lambdarank_norm: 1]
[label_gain: ]
[lambdarank_position_bias_regularization: 0]
[eval_at: ]
[multi_error_top_k: 1]
[auc_mu_weights: ]
[num_machines: 1]
[local_listen_port: 12400]
[time_out: 120]
[machine_list_filename: ]
[machines: ]
[gpu_platform_id: -1]
[gpu_device_id: -1]
[gpu_use_dp: 0]
[num_gpu: 1]

end of parameters

pandas_categorical:null
