tree
version=v4
num_class=1
num_tree_per_iteration=1
label_index=0
max_feature_idx=100
objective=regression_l1
feature_names=load_total_mw load_north_mw load_central_mw load_south_mw hydro_inflow_m3s hydro_total_discharge_m3s hydro_plant_discharge_m3s hydro_spill_discharge_m3s hydro_water_level_m disp_total_installed_mw disp_total_midday_mw disp_total_evening_mw disp_hydro_installed_mw disp_hydro_midday_mw disp_hydro_evening_mw disp_solar_installed_mw disp_solar_midday_mw disp_solar_evening_mw disp_wind_installed_mw disp_wind_midday_mw disp_wind_evening_mw temperature_hanoi humidity_hanoi cloud_cover_hanoi wind_speed_hanoi shortwave_radiation_hanoi direct_radiation_hanoi diffuse_radiation_hanoi temperature_danang humidity_danang cloud_cover_danang wind_speed_danang shortwave_radiation_danang direct_radiation_danang diffuse_radiation_danang temperature_hcmc humidity_hcmc cloud_cover_hcmc wind_speed_hcmc shortwave_radiation_hcmc direct_radiation_hcmc diffuse_radiation_hcmc coal_proxy_price brent_price gas_proxy_price usd_vnd dxy_index is_weekend is_workday is_holiday is_tet is_pre_holiday is_post_holiday season sin_hour cos_hour sin_dow cos_dow sin_month cos_month smp_lag_48 load_lag_48 smp_lag_49 load_lag_49 smp_lag_50 load_lag_50 smp_lag_96 load_lag_96 smp_lag_336 load_lag_336 smp_north_lag_48 smp_south_lag_48 smp_north_lag_336 smp_south_lag_336 smp_rolling_mean_24h smp_rolling_std_24h load_rolling_mean_24h load_rolling_std_24h smp_rolling_mean_72h smp_rolling_std_72h load_rolling_mean_72h load_rolling_std_72h price_spread_ns_lag48 load_ramp_lag48 smp_yesterday_mean smp_yesterday_max smp_yesterday_min smp_yesterday_zero_ratio hydro_discharge_rolling_24h solar_gen_proxy wind_gen_proxy residual_load_proxy thermal_margin_proxy hydro_depletion_index margin_temp_interaction is_spike is_zero spike_prob_24h spike_prob_72h zero_prob_24h zero_prob_72h
feature_infos=[16738.400000000001:43669.699999999997] [8141:23529.633000000002] [1030.2:4920.1390000000001] [6568.3000000000002:17620.469000000001] [-24696.790000000001:52718.32] [261.23000000000002:27182.77] [243.56999999999999:14362.75] [11.359999999999999:15398] [386.1925:23252.132105263157] none [14491.4:47673.900000000001] [19152.799999999999:47033.400000000001] none [-3952.3000000000002:18862.5] [6035.6999999999998:23435.200000000001] none [0:8134.5] [0:344.30000000000001] none [0:4273.1999999999998] [0:4263.3999999999996] [7.5:32.299999999999997] [31:99] [0:100] [0.55000000000000004:30.25] [3.5:282] [0:208.5] [3.5:150.5] [16.050000000000001:33.25] [52:99.5] [0:100] [0.80000000000000004:50] [7:306.5] [0:234] [7:146] [20.600000000000001:31.300000000000001] [56:98] [0:100] [0.5:24] [16:265] [0:198] [16:133.5] [63.700000762939453:438.35000610351562] [55.099998474121087:127.98000335693359] [1.5750000476837158:9.6800003051757795] [22394.345703125:26405] [89.639999389648438:114.11000061035156] [0:1] [0:1] [0:1] [0:1] [0:1] [0:1] [1:4] none none [-0.97492791218182362:0.97492791218182362] [-0.90096886790241903:1] [-1:1] [-1:1] [0:1778.5999999999999] [16738.400000000001:43669.699999999997] [0:1778.5999999999999] [16515.5:40602.099999999999] [0:1778.5999999999999] [15251.9:39424.300000000003] [0:1778.5999999999999] [16738.400000000001:43669.699999999997] [0:1778.5999999999999] [16738.400000000001:43669.699999999997] [0:1778.5999999999999] [0:1778.5999999999999] [0:1778.5999999999999] [0:1778.5999999999999] [0:1778.5999999999999] [0:869.78656539635756] [15840.402083333332:48300.345833333326] [1494.0634266859377:7412.3475695858406] [0.069944444444444434:1778.5999999999999] [0:822.68470809772941] [15990.384722222221:45267.230555555558] [2009.5728777065494:7328.5193476692311] [-1602.3:1778.5999999999999] [-2000.7000000000007:5250.3000000000029] [0:1778.5999999999999] [0:1778.5999999999999] [0:1778.5999999999999] [0:1] [919.52208333333328:41870.738333333335] [112.0236:1855.3908750000001] [124.17300000000002:5960.3040000000001] [13767.265887500002:40395.97834999999] [13155.821650000013:39784.534112499998] [386.1925:23252.132105263157] [371342.92174875003:1122197.6812312501] [0:1] [0:1] [0:1] [0:1] [0:1] [0:1]
tree_sizes=4265 4467 4523

Tree=0
num_leaves=52
num_cat=0
split_feature=20 62 73 72 38 30 30 7 95 70 69 4 46 40 20 20 98 62 16 93 35 77 64 19 4 19 61 72 73 62 14 30 16 30 58 46 38 26 92 0 40 45 84 24 16 4 19 93 70 25 30
split_gain=27.5702 19.6297 22.5347 22.0526 12.1485 11.7 11.2728 10.9114 10.1791 9.59731 9.57556 9.43459 8.94057 7.62117 7.57998 7.89252 7.15799 10.9095 7.06341 6.7259 6.13969 6.77344 5.65762 5.64366 6.15385 5.28842 5.52051 6.86285 4.92184 4.78819 7.42117 4.72327 4.54155 4.53186 4.22098 4.00758 3.77001 3.94036 3.57166 3.50941 3.34342 3.21429 3.12963 3.05566 2.9409 2.54452 2.36862 2.08333 1.33333 0.654762 0.245455
threshold=2217.7000000000003 1058.0160000000003 1266.8995000000002 963.64250000000015 9.2750000000000021 94.250000000000014 51.250000000000007 20.515000000000004 1.0000000180025095e-35 735.00000000000011 30129.100000000002 2870.0650000000005 106.5550003051758 48.250000000000007 1262.7500000000002 954.25000000000011 0.34375000000000006 1407.4750000000001 3436.9500000000003 417.37513888888896 27.275000000000002 4233.4771128360017 1293.5500000000002 670.65000000000009 3009.0850000000005 756.50000000000011 29704.550000000003 0.79250000000000009 1111.0525000000002 852.15000000000009 17912.750000000004 98.750000000000014 6361.0000000000009 93.250000000000014 0.68301270189221941 99.790000915527358 7.075000000000002 80.750000000000014 25446.767331250008 32446.850000000002 143.75000000000003 23482.500000000004 366.70290625000013 5.7750000000000012 5763.2000000000016 13103.040000000001 211.65000000000003 417.52342717717721 1386.9115000000002 111.75000000000001 29.250000000000004
decision_type=2 2 2 2 2 2 2 2 2 2 2 2 2 2 2 2 2 2 2 2 2 2 2 2 2 2 2 2 2 2 2 2 2 2 2 2 2 2 2 2 2 2 2 2 2 2 2 2 2 2 2
left_child=1 3 6 4 9 7 35 39 16 13 38 -5 47 44 15 25 22 -18 -12 32 21 45 -8 -7 -25 26 -15 -28 29 -20 -31 46 36 -30 -9 -3 37 -13 -2 -4 -27 -26 -22 -16 -1 -6 -11 48 -10 -38 -37
right_child=10 2 5 11 20 23 8 34 12 31 18 19 -14 14 43 -17 17 -19 28 -21 42 -23 -24 24 41 40 27 -29 33 30 -32 -33 -34 -35 -36 50 49 -39 -40 -41 -42 -43 -44 -45 -46 -47 -48 -49 -50 -51 -52
leaf_value=-0.0022945956885814666 0 0.00057672230526804923 0 0 -0.0014384104311466217 0 0 0.00015715865418314934 0.00092004291713237768 0.0004544690065085888 -0.032315657138824463 -0.0028378301858901977 0 0.00091070320457220077 0.0065947312116622922 -0.00077591829001903538 -0.002816835418343544 0.00028236959129571913 -0.0005834597558714449 0 0 0 0.031109039783477784 0 -0.0013952490687370301 0.0032274603843688967 0 -0.00047967394813895229 -0.00039807813242077829 -0.00016281655058264733 0.0010568580217659473 0 -0.0001876838132739067 -0.0027388408780097961 0.00063549019396305086 0.031917692422866822 -0.0022678115963935853 -0.00016059935092926025 0.0016961286589503289 0 0 -0.00055155780166387563 0 0 0 -0.029124834537506104 0.0018393538892269134 0.0011589052528142929 0.016586783677339553 -0.0088621996343135837 0.01767581209540367
leaf_weight=23 21 22 32 29 31 29 35 28 20 24 23 33 26 22 23 38 22 32 32 34 27 21 25 20 21 26 34 20 24 37 22 31 21 27 29 24 20 21 20 34 23 24 27 31 21 23 33 30 30 22 20
leaf_count=23 21 22 32 29 31 29 35 28 20 24 23 33 26 22 23 38 22 32 32 34 27 21 25 20 21 26 34 20 24 37 22 31 21 27 29 24 20 21 20 34 23 24 27 31 21 23 33 30 30 22 20
internal_value=1.09729e-05 0.000310078 0.00105368 -0.000258359 0.000303347 -0.00016129 0.00197552 0.000853659 0.00143182 0.000787966 -0.00167476 -0.00175 0.00254717 0.000306513 0.000691244 0.000153374 0.000394737 -0.000925926 -0.00221212 -0.00225166 -0.00100775 -0.00193333 0.00158333 -0.00148936 -0.00230769 0.00076 -6.57895e-05 -0.000925926 -0.00179577 -0.0010989 -0.000254237 0.00221591 -0.00282051 -0.00303922 0.00245614 0.00378788 -0.00328125 -0.00240741 0.000487805 -0.000530303 0.00204082 -0.00333333 0.000277778 0.00231481 -0.00159091 -0.00287037 0.00307018 0.003375 0.004 -0.00440476 0.00465909
internal_weight=1367 1161 503 658 478 217 286 123 220 349 206 180 106 261 217 163 114 54 165 151 129 75 60 94 65 125 76 54 142 91 59 88 117 51 57 66 96 54 41 66 49 45 54 54 44 54 57 80 50 42 44
internal_count=1367 1161 503 658 478 217 286 123 220 349 206 180 106 261 217 163 114 54 165 151 129 75 60 94 65 125 76 54 142 91 59 88 117 51 57 66 96 54 41 66 49 45 54 54 44 54 57 80 50 42 44
is_linear=0
shrinkage=0.005


Tree=1
num_leaves=53
num_cat=0
split_feature=33 28 1 20 30 94 72 4 8 20 74 20 72 0 24 81 14 91 29 16 10 19 39 97 78 64 74 96 4 23 95 77 29 72 13 33 13 16 72 13 83 90 77 41 5 81 24 1 83 72 28 0
split_gain=18.2075 17.0515 18.42 17.4322 10.3367 10.1738 9.54961 13.2017 9.59373 9.23994 11.2757 11.3581 9.12265 8.55735 8.52279 8.15686 7.89454 7.74987 7.54079 9.36222 7.50319 6.89627 6.81677 6.6622 7.87064 6.52894 9.88261 9.72794 7.74074 7.41758 6.41443 5.74298 5.11897 4.98542 4.84644 4.49167 4.40789 5.7091 4.29519 4.75043 4.01885 3.55374 3.42696 3.24107 3.00166 2.94712 2.12413 2.025 2.01667 1.93393 1.67462 0.0272727
threshold=31.750000000000004 25.125000000000004 15057.400000000001 2135.4000000000001 24.500000000000004 527761.61091656273 1463.7500000000002 3391.1550000000007 417.37513888888896 1758.2 605.04143750000014 943.40000000000009 915.5055000000001 30826.550000000003 8.5750000000000028 4205.260920873855 19738.400000000005 32092.412737500006 91.250000000000014 4439.8000000000002 31126.200000000004 394.45000000000005 217.75000000000003 0.61458333333333337 937.81581597222237 1384.0280000000002 642.10971875000007 1.0000000180025095e-35 5735.9450000000006 64.750000000000014 1.0000000180025095e-35 3793.522062631509 83.250000000000014 798.88000000000011 3921.2500000000005 3.7500000000000004 1897.0500000000002 5545.1500000000005 0.95350000000000013 3921.2500000000005 1911.399999999998 2042.6458500000001 4006.6935447075107 81.750000000000014 11591.130000000003 3961.528704365358 8.4250000000000025 14242.000000000002 2462.6500000000019 690.17250000000013 28.825000000000006 29001.450000000001
decision_type=2 2 2 2 2 2 2 2 2 2 2 2 2 2 2 2 2 2 2 2 2 2 2 2 2 2 2 2 2 2 2 2 2 2 2 2 2 2 2 2 2 2 2 2 2 2 2 2 2 2 2 2
left_child=6 3 4 30 33 22 7 18 42 10 11 15 32 14 -9 50 49 43 19 -1 -5 -14 -4 24 -10 26 27 -6 41 -28 36 -26 44 -3 -23 -16 -2 -38 -31 -40 -29 -27 -8 -13 48 -32 -47 -39 -12 -15 -7 -41
right_child=1 2 5 20 25 9 8 13 23 -11 12 17 21 16 35 -17 -18 -19 -20 -21 -22 34 -24 -25 31 28 29 40 -30 38 45 -33 -34 -35 -36 -37 37 47 39 51 -42 -43 -44 -45 -46 46 -48 -49 -50 -51 -52 -53
leaf_value=0.0010103668172843755 -3.7426277413032951e-06 0.00095624797423370187 -0.0018901015151292085 -0.0017931763402186335 0.0021369941830635072 0.002984631340391934 -0.0013149361200630665 0.00014562417268753052 2.757789008319378e-06 2.9172987793572246e-06 0.020190819914638995 -0.00063508793711662291 -0.00077843258976936335 -9.7676285484340054e-06 0 0 0 0 0.00072990432381629948 -2.6030766684561967e-05 8.140827529132367e-07 0 3.1389805953949693e-06 2.3740898352116349e-06 -0.0018217272733338178 -3.2391166314482689e-05 0 0 0.0028741706583648918 0 0.00015680211503058672 -0.0029242261499166488 1.9397957250475885e-06 0 0.00037625881535932425 -0.016630267607793209 4.0149837732315062e-07 0.0013351178199984132 -0.00059380300343036651 -0.030395397804724056 -0.00053065028982236979 0 -0.0019843425974249841 -0.028859552815929057 0.00091009834781289104 0.0027635860167909412 0.0016598296832293271 0.00057097562877461315 0.0046514625493437054 -0.0031120598504319787 0.00010839134678244591 -0.0020778693474829196
leaf_weight=22 22 20 34 24 24 23 31 29 25 34 30 27 23 20 24 31 21 26 21 39 33 25 24 38 23 25 21 26 22 20 30 24 22 21 34 20 34 20 27 24 25 29 37 21 22 22 30 20 30 28 20 20
leaf_count=22 22 20 34 24 24 23 31 29 25 34 30 27 23 20 24 31 21 26 21 39 33 25 24 38 23 25 21 26 22 20 30 24 22 21 34 20 34 20 27 24 25 29 37 21 22 22 30 20 30 28 20 20
internal_value=7.31529e-05 0.000445596 6.84932e-05 0.00161702 -0.000871711 0.000739437 -0.000820896 -0.000133929 -0.00168539 0.0010462 0.000793413 -0.000236486 0.0016129 -0.00105634 0.000136986 0.00114865 -0.00231884 -0.00162162 0.00146341 0.00057377 -0.000789474 0.000365854 -0.0012069 -0.000772727 -0.00166667 -0.00123574 -0.00173797 -0.000333333 0 -0.00267857 0.00238764 -0.00287234 0.00259615 0.00146341 0.00127119 -0.00125 0.00151042 0.00209459 -0.0032967 -0.00387324 -0.00156863 -0.00101852 -0.00316176 -0.0028125 0.00317073 0.00341463 0.00413462 0.003375 0.00375 -0.0034375 0.00255814 -0.00488636
internal_weight=1367 965 730 235 304 426 402 224 178 368 334 148 186 142 73 74 69 74 82 61 57 82 58 110 72 263 187 75 76 112 178 47 104 41 59 44 96 74 91 71 51 54 68 48 82 82 52 40 60 48 43 44
internal_count=1367 965 730 235 304 426 402 224 178 368 334 148 186 142 73 74 69 74 82 61 57 82 58 110 72 263 187 75 76 112 178 47 104 41 59 44 96 74 91 71 51 54 68 48 82 82 52 40 60 48 43 44
is_linear=0
shrinkage=0.005


Tree=2
num_leaves=52
num_cat=0
split_feature=72 95 64 19 80 5 40 4 40 69 1 20 20 94 20 69 96 4 46 7 89 26 27 73 4 100 8 69 22 40 5 3 0 40 7 94 63 5 22 26 88 19 46 7 8 93 3 27 94 88 3
split_gain=17.7562 16.3803 12.8208 14.1439 10.7752 10.711 10.3349 9.80185 10.2168 8.6869 8.64286 9.60571 9.71996 7.92537 10.0041 9.08937 10.563 12.941 10.317 11.8192 7.68443 12.4342 16.5772 7.57279 7.20639 7.00913 6.9706 7.40626 6.6881 6.30418 6.15865 6.00072 5.85604 5.6087 5.88806 6.60357 5.48578 5.15703 5.05711 4.79745 4.37703 4.35479 4.22284 4.08333 3.93768 3.83849 2.72737 2.64652 1.76087 1.33516 0.109091
threshold=1458.5980000000002 1.0000000180025095e-35 1117.0440000000001 841.6500000000002 25906.701388888894 3014.5800000000004 133.75000000000003 18620.910000000003 157.25000000000003 36629.850000000013 13049.900000000001 2799.2500000000005 1575.7000000000003 631649.48109125008 2515.9500000000003 31171.750000000004 1.0000000180025095e-35 10539.385 103.15500259399415 574.95500000000004 950.45023125000012 79.750000000000014 40.750000000000007 0.99950000000000017 10355.565000000001 0.024305555555555556 405.1516666666667 31308.400000000005 91.250000000000014 103.75000000000001 6221.8400000000011 15470.400000000003 32775.100000000006 30.250000000000004 25.955000000000002 575863.01962000015 24902.250000000004 10977.165000000003 88.250000000000014 33.250000000000007 7729.260416666667 1473.5000000000002 99.155002593994155 26.285 419.22645448079669 418.1136842105264 15480.759500000002 70.250000000000014 718230.15194875014 5023.8300000000008 13846.550000000001
decision_type=2 2 2 2 2 2 2 2 2 2 2 2 2 2 2 2 2 2 2 2 2 2 2 2 2 2 2 2 2 2 2 2 2 2 2 2 2 2 2 2 2 2 2 2 2 2 2 2 2 2 2
left_child=1 4 6 26 -1 -3 32 8 9 13 -5 12 38 14 25 16 28 29 48 -20 41 22 -22 -11 40 -6 -4 -28 47 -18 -24 43 36 -27 35 -35 -2 -21 -12 44 -10 49 -36 -29 -14 -44 -25 -15 -17 -7 -38
right_child=2 5 3 10 7 20 -8 -9 24 23 11 -13 39 15 -16 18 17 -19 19 37 21 -23 30 46 -26 33 27 31 -30 -31 -32 -33 -34 34 42 -37 50 -39 -40 -41 -42 -43 45 -45 -46 -47 -48 -49 -50 -51 -52
leaf_value=0.00075825759365409618 -0.0011766694551333787 -0.0009583621171105188 -4.2307521295879273e-05 -0.0012284726455807687 -0.00010274991376884282 0.0023970779261011633 9.5713220507604995e-07 9.4505075756460435e-06 7.0550311356782906e-06 0 -1.8812940767966214e-06 -0.0019744208844378591 8.2127682276477579e-06 1.3771599832922221e-05 -0.0011684066640892997 -0.0009533073523640633 -0.0029865316049656832 2.9143455673474817e-06 1.0389346737414598e-05 -0.0034542140957373488 0.00062735003907419748 0.0041995273454324342 -0.00015861788008734586 -0.028907061482778752 -9.6989786252379434e-09 -2.8548781438730656e-06 0.003189969033444184 0 -9.1967694461345674e-06 -0.0033509117745783878 2.4419071371085013e-08 0.00016763482053764163 -0.00096068922221520915 -2.1018957386491822e-05 1.8928436713991686e-05 3.8795914500951771e-06 -0.022123115316048964 -2.2752458695322277e-06 0 0.000532218347101938 0.0011717968715280293 0.0016716563342651352 0.0034582670407250701 -3.1774509698152544e-06 -2.3795626325299966e-06 0.0019957401884433349 -0.00059315642147872135 0.0027412625610940158 -0.0034585438601672648 0.0016549031333203893 -0.0027478381366070827
leaf_weight=29 21 20 28 25 21 24 27 35 29 30 32 35 28 26 27 23 27 32 31 21 23 38 25 22 29 23 24 28 24 20 22 20 26 24 34 21 20 20 26 24 36 23 32 21 30 22 34 30 23 28 24
leaf_count=29 21 20 28 25 21 24 27 35 29 30 32 35 28 26 27 23 27 32 31 21 23 38 25 22 29 23 24 28 24 20 22 20 26 24 34 21 20 20 26 24 36 23 32 21 30 22 34 30 23 28 24
internal_value=7.68105e-05 0.00046875 -0.000751708 -0.000233645 0.000117241 0.00172414 -0.00216102 -7.18391e-06 -0.000143722 -0.000396825 -0.00105 -0.000657143 -7.14286e-05 -0.000135135 0.000612745 -0.000685921 9.43396e-05 -0.00120253 -0.00173729 -0.000555556 0.00210383 0.00125 0 -0.00186047 0.00138298 0.0010452 0.0011157 0.00177419 0.001375 -0.00287234 -0.00170213 0.000942029 -0.00296703 0.00141026 0.00180451 0.000333333 -0.00376923 -0.00231707 -0.00163793 0.00103659 0.00230769 0.00333333 0.00255682 0 0.000258621 0.00342593 -0.00294643 0.00232143 -0.00358696 0.00413462 -0.00477273
internal_weight=1367 928 439 321 725 203 118 696 661 567 200 175 140 481 204 277 159 79 118 72 183 108 70 86 94 177 121 93 80 47 47 69 91 156 133 45 65 41 58 82 65 75 88 49 58 54 56 56 46 52 44
internal_count=1367 928 439 321 725 203 118 696 661 567 200 175 140 481 204 277 159 79 118 72 183 108 70 86 94 177 121 93 80 47 47 69 91 156 133 45 65 41 58 82 65 75 88 49 58 54 56 56 46 52 44
is_linear=0
shrinkage=0.005


end of trees

feature_importances:
disp_wind_evening_mw=9
hydro_inflow_m3s=8
smp_north_lag_336=8
disp_wind_midday_mw=6
cloud_cover_danang=6
direct_radiation_hcmc=6
disp_solar_midday_mw=5
load_total_mw=4
hydro_total_discharge_m3s=4
hydro_spill_discharge_m3s=4
dxy_index=4
load_lag_336=4
margin_temp_interaction=4
load_north_mw=3
load_south_mw=3
hydro_water_level_m=3
disp_hydro_midday_mw=3
wind_speed_hanoi=3
direct_radiation_hanoi=3
smp_lag_49=3
smp_lag_50=3
smp_south_lag_336=3
load_rolling_std_24h=3
hydro_depletion_index=3
is_spike=3
disp_hydro_evening_mw=2
humidity_hanoi=2
diffuse_radiation_hanoi=2
temperature_danang=2
humidity_danang=2
direct_radiation_danang=2
wind_speed_hcmc=2
smp_north_lag_48=2
smp_rolling_mean_24h=2
load_rolling_std_72h=2
load_ramp_lag48=2
hydro_discharge_rolling_24h=2
is_zero=2
disp_total_midday_mw=1
cloud_cover_hanoi=1
shortwave_radiation_hanoi=1
temperature_hcmc=1
shortwave_radiation_hcmc=1
diffuse_radiation_hcmc=1
usd_vnd=1
sin_month=1
load_lag_48=1
load_lag_49=1
smp_rolling_mean_72h=1
load_rolling_mean_72h=1
smp_yesterday_mean=1
solar_gen_proxy=1
wind_gen_proxy=1
residual_load_proxy=1
thermal_margin_proxy=1
spike_prob_24h=1
spike_prob_72h=1
zero_prob_72h=1

parameters:
[boosting: gbdt]
[objective: regression_l1]
[metric: l1]
[tree_learner: serial]
[device_type: cpu]
[data_sample_strategy: bagging]
[data: ]
[valid: ]
[num_iterations: 3000]
[learning_rate: 0.005]
[num_leaves: 127]
[num_threads: -1]
[seed: 42]
[deterministic: 0]
[force_col_wise: 0]
[force_row_wise: 0]
[histogram_pool_size: -1]
[max_depth: -1]
[min_data_in_leaf: 20]
[min_sum_hessian_in_leaf: 0.001]
[bagging_fraction: 0.8]
[pos_bagging_fraction: 1]
[neg_bagging_fraction: 1]
[bagging_freq: 5]
[bagging_seed: 400]
[bagging_by_query: 0]
[feature_fraction: 0.5]
[feature_fraction_bynode: 1]
[feature_fraction_seed: 30056]
[extra_trees: 0]
[extra_seed: 12879]
[early_stopping_round: 0]
[early_stopping_min_delta: 0]
[first_metric_only: 0]
[max_delta_step: 0]
[lambda_l1: 0]
[lambda_l2: 0]
[linear_lambda: 0]
[min_gain_to_split: 0]
[drop_rate: 0.1]
[max_drop: 50]
[skip_drop: 0.5]
[xgboost_dart_mode: 0]
[uniform_drop: 0]
[drop_seed: 17869]
[top_rate: 0.2]
[other_rate: 0.1]
[min_data_per_group: 100]
[max_cat_threshold: 32]
[cat_l2: 10]
[cat_smooth: 10]
[max_cat_to_onehot: 4]
[top_k: 20]
[monotone_constraints: ]
[monotone_constraints_method: basic]
[monotone_penalty: 0]
[feature_contri: ]
[forcedsplits_filename: ]
[refit_decay_rate: 0.9]
[cegb_tradeoff: 1]
[cegb_penalty_split: 0]
[cegb_penalty_feature_lazy: ]
[cegb_penalty_feature_coupled: ]
[path_smooth: 0]
[interaction_constraints: ]
[verbosity: -1]
[saved_feature_importance_type: 0]
[use_quantized_grad: 0]
[num_grad_quant_bins: 4]
[quant_train_renew_leaf: 0]
[stochastic_rounding: 1]
[linear_tree: 0]
[max_bin: 255]
[max_bin_by_feature: ]
[min_data_in_bin: 3]
[bin_construct_sample_cnt: 200000]
[data_random_seed: 175]
[is_enable_sparse: 1]
[enable_bundle: 1]
[use_missing: 1]
[zero_as_missing: 0]
[feature_pre_filter: 1]
[pre_partition: 0]
[two_round: 0]
[header: 0]
[label_column: ]
[weight_column: ]
[group_column: ]
[ignore_column: ]
[categorical_feature: ]
[forcedbins_filename: ]
[precise_float_parser: 0]
[parser_config_file: ]
[objective_seed: 16083]
[num_class: 1]
[is_unbalance: 0]
[scale_pos_weight: 1]
[sigmoid: 1]
[boost_from_average: 1]
[reg_sqrt: 0]
[alpha: 0.9]
[fair_c: 1]
[poisson_max_delta_step: 0.7]
[tweedie_variance_power: 1.5]
[lambdarank_truncation_level: 30]
[lambdarank_norm: 1]
[label_gain: ]
[lambdarank_position_bias_regularization: 0]
[eval_at: ]
[multi_error_top_k: 1]
[auc_mu_weights: ]
[num_machines: 1]
[local_listen_port: 12400]
[time_out: 120]
[machine_list_filename: ]
[machines: ]
[gpu_platform_id: -1]
[gpu_device_id: -1]
[gpu_use_dp: 0]
[num_gpu: 1]

end of parameters

pandas_categorical:null
