tree
version=v4
num_class=1
num_tree_per_iteration=1
label_index=0
max_feature_idx=100
objective=regression_l1
feature_names=load_total_mw load_north_mw load_central_mw load_south_mw hydro_inflow_m3s hydro_total_discharge_m3s hydro_plant_discharge_m3s hydro_spill_discharge_m3s hydro_water_level_m disp_total_installed_mw disp_total_midday_mw disp_total_evening_mw disp_hydro_installed_mw disp_hydro_midday_mw disp_hydro_evening_mw disp_solar_installed_mw disp_solar_midday_mw disp_solar_evening_mw disp_wind_installed_mw disp_wind_midday_mw disp_wind_evening_mw temperature_hanoi humidity_hanoi cloud_cover_hanoi wind_speed_hanoi shortwave_radiation_hanoi direct_radiation_hanoi diffuse_radiation_hanoi temperature_danang humidity_danang cloud_cover_danang wind_speed_danang shortwave_radiation_danang direct_radiation_danang diffuse_radiation_danang temperature_hcmc humidity_hcmc cloud_cover_hcmc wind_speed_hcmc shortwave_radiation_hcmc direct_radiation_hcmc diffuse_radiation_hcmc coal_proxy_price brent_price gas_proxy_price usd_vnd dxy_index is_weekend is_workday is_holiday is_tet is_pre_holiday is_post_holiday season sin_hour cos_hour sin_dow cos_dow sin_month cos_month smp_lag_48 load_lag_48 smp_lag_49 load_lag_49 smp_lag_50 load_lag_50 smp_lag_96 load_lag_96 smp_lag_336 load_lag_336 smp_north_lag_48 smp_south_lag_48 smp_north_lag_336 smp_south_lag_336 smp_rolling_mean_24h smp_rolling_std_24h load_rolling_mean_24h load_rolling_std_24h smp_rolling_mean_72h smp_rolling_std_72h load_rolling_mean_72h load_rolling_std_72h price_spread_ns_lag48 load_ramp_lag48 smp_yesterday_mean smp_yesterday_max smp_yesterday_min smp_yesterday_zero_ratio hydro_discharge_rolling_24h solar_gen_proxy wind_gen_proxy residual_load_proxy thermal_margin_proxy hydro_depletion_index margin_temp_interaction is_spike is_zero spike_prob_24h spike_prob_72h zero_prob_24h zero_prob_72h
feature_infos=[16738.400000000001:43669.699999999997] [8141:23529.633000000002] [1030.2:4920.1390000000001] [6568.3000000000002:17620.469000000001] [-24696.790000000001:52718.32] [261.23000000000002:27182.77] [243.56999999999999:14362.75] [11.359999999999999:15398] [386.1925:23252.132105263157] none [14491.4:47673.900000000001] [19152.799999999999:47033.400000000001] none [-3952.3000000000002:18862.5] [6035.6999999999998:23435.200000000001] none [0:8134.5] [0:344.30000000000001] none [0:4273.1999999999998] [0:4263.3999999999996] [7.5:32.299999999999997] [31:99] [0:100] [0.55000000000000004:30.25] [3.5:282] [0:208.5] [3.5:150.5] [16.050000000000001:33.25] [52:99.5] [0:100] [0.80000000000000004:50] [7:306.5] [0:234] [7:146] [20.600000000000001:31.300000000000001] [56:98] [0:100] [0.5:24] [16:265] [0:198] [16:133.5] [63.700000762939453:438.35000610351562] [55.099998474121087:127.98000335693359] [1.5750000476837158:9.6800003051757795] [22394.345703125:26405] [89.639999389648438:114.11000061035156] [0:1] [0:1] [0:1] [0:1] [0:1] [0:1] [1:4] none none [-0.97492791218182362:0.97492791218182362] [-0.90096886790241903:1] [-1:1] [-1:1] [0:1778.5999999999999] [16738.400000000001:43669.699999999997] [0:1778.5999999999999] [16515.5:40602.099999999999] [0:1778.5999999999999] [15251.9:39424.300000000003] [0:1778.5999999999999] [16738.400000000001:43669.699999999997] [0:1778.5999999999999] [16738.400000000001:43669.699999999997] [0:1778.5999999999999] [0:1778.5999999999999] [0:1778.5999999999999] [0:1778.5999999999999] [0:1778.5999999999999] [0:869.78656539635756] [15840.402083333332:48300.345833333326] [1494.0634266859377:7412.3475695858406] [0.069944444444444434:1778.5999999999999] [0:822.68470809772941] [15990.384722222221:45267.230555555558] [2009.5728777065494:7328.5193476692311] [-1602.3:1778.5999999999999] [-2000.7000000000007:5250.3000000000029] [0:1778.5999999999999] [0:1778.5999999999999] [0:1778.5999999999999] [0:1] [919.52208333333328:41870.738333333335] [112.0236:1855.3908750000001] [124.17300000000002:5960.3040000000001] [13767.265887500002:40395.97834999999] [13155.821650000013:39784.534112499998] [386.1925:23252.132105263157] [371342.92174875003:1122197.6812312501] [0:1] [0:1] [0:1] [0:1] [0:1] [0:1]
tree_sizes=4401 4673 4774

Tree=0
num_leaves=53
num_cat=0
split_feature=20 16 92 28 73 40 78 35 26 62 16 19 73 64 14 43 93 68 16 98 46 89 30 26 66 38 14 19 7 89 71 73 28 28 20 11 24 62 72 11 94 94 93 98 14 43 58 69 30 30 20 4
split_gain=40.1566 29.4461 19.7073 18.26 16.3895 13.0064 9.2485 8.72839 8.72191 8.51306 7.89167 11.7203 7.79926 7.74648 8.05121 7.41427 9.00052 7.02347 9.16808 6.70783 6.37663 6.26882 6.2679 6.71425 5.7865 5.43695 5.0578 4.83951 5.34815 4.6148 4.25007 4.16677 3.94938 8.70307 8.00935 5.28899 4.7028 3.86385 3.82255 8.55254 5.42335 3.80817 3.74701 3.49164 2.99221 2.8424 2.68438 2.46447 2.08333 1.32678 2.27273 1.15043
threshold=2201.9000000000005 6361.0000000000009 18327.039087500012 23.375000000000004 1355.7645000000002 108.25000000000001 648.83384027777788 26.875000000000004 126.25000000000001 1284.2405000000001 5846.9500000000007 378.85000000000008 972.45500000000004 1106.5575000000001 16067.450000000003 61.104999542236335 417.37513888888896 1355.7645000000002 5927.2000000000016 0.82638888888888895 101.00500106811525 841.92736875000003 95.250000000000014 5.7500000000000009 1142.7500000000002 4.4250000000000016 19847.900000000005 2546.9500000000003 24.98 820.92294375000006 1.0955000000000001 1233.3210000000001 30.525000000000002 29.375000000000004 493.10000000000008 42352.05000000001 7.5750000000000011 0.75000000000000011 1.0025000000000002 36232.900000000001 664396.41036531271 661046.4262240628 405.66236111111118 0.57291666666666674 13167.850000000002 79.284999847412124 -0.6830127018922193 25096.200000000004 87.750000000000014 94.250000000000014 912.15000000000009 6996.7850000000008
decision_type=2 2 2 2 2 2 2 2 2 2 2 2 2 2 2 2 2 2 2 2 2 2 2 2 2 2 2 2 2 2 2 2 2 2 2 2 2 2 2 2 2 2 2 2 2 2 2 2 2 2 2 2
left_child=1 3 -3 4 15 6 10 29 9 25 11 -5 17 14 51 -1 47 18 -2 31 -10 -18 23 -15 -16 46 -13 28 -14 -4 45 -11 33 34 -9 36 -36 -31 39 -27 -40 -24 -39 -6 -38 -19 -7 -17 -42 50 -44 -8
right_child=12 2 7 5 43 8 13 32 20 19 -12 26 27 22 24 16 21 30 -20 -21 -22 -23 41 -25 -26 38 -28 -29 -30 37 -32 -33 -34 -35 35 -37 44 42 40 -41 48 -43 49 -45 -46 -47 -48 -49 -50 -51 -52 -53
leaf_value=-2.8890949324704706e-05 0.0012514972314238548 -0.001882639303803444 1.4849573744868395e-07 0.00071252956986427311 0 -0.00089774034917354582 -0.0013100796937942506 0 0.0025806723535060881 0.0012017651647329331 0.0017640739679336548 -0.029380970001220703 -0.0011156733334064485 -0.00026352412067353725 -0.0014269553124904633 0.00010912839323282242 -0.00017644220963120461 -0.0013910326361656188 -0.00037913059815764428 0 0 0.0014372208714485168 -0.0015329884737730027 0 0 0.0031515647470951079 0 -0.00096945643424987797 0 0.00014536719769239425 0 0 0.0031677484512329102 -0.0012406038492918014 0 0.0026120495796203612 0 0.00060712540522217756 0.000132489325478673 0 -0.00016220705583691597 0 0.0014360003918409347 -0.0025796213746070861 0.00055762503296136862 -0.00092443607747554784 -0.0013493863865733148 0.0020407533645629885 -0.0022796536237001419 0.0031247448921203616 0.00074393313378095626 -0.030922291278839113
leaf_weight=22 38 28 24 23 29 21 23 28 22 32 26 33 24 26 34 21 21 25 24 26 25 23 32 33 26 20 26 27 30 20 20 22 30 21 26 20 30 20 23 38 24 20 22 23 33 21 20 39 24 30 22 27
leaf_count=22 38 28 24 23 29 21 23 28 22 32 26 33 24 26 34 21 21 25 24 26 25 23 32 33 26 20 26 27 30 20 20 22 30 21 26 20 30 20 23 38 24 20 22 23 33 21 20 39 24 30 22 27
internal_value=-4.02341e-05 0.000323834 0.00152542 -0.000205224 0.00120787 -0.000607029 -0.00129179 0.00187117 0.000151515 -0.00022 -9.25926e-05 -0.000853659 -0.00205742 -0.00187783 -0.00281818 0.00218254 0.00274038 -0.00128906 -8.06452e-05 0.001125 0.00212766 0.00102273 -0.000945946 0.000169492 -0.00158333 -0.000852941 -0.0020339 -0.0032716 -0.00240741 0.00282609 -0.00242424 0.00212963 0.00117021 0.00085443 0.00131387 0.00192661 0.00140449 0.00324561 -0.000348837 0.000603448 -0.00112676 -0.00221154 0.00367021 -0.00115385 0.00214286 -0.00326087 -0.00243902 0.004 -0.00208333 0.00418919 0.00363636 -0.0043
internal_weight=1367 1158 354 804 178 626 329 326 297 250 108 82 209 221 110 126 104 128 62 80 47 44 111 59 60 170 59 81 54 138 66 54 188 158 137 109 89 114 129 58 71 52 94 52 63 46 41 60 48 74 44 50
internal_count=1367 1158 354 804 178 626 329 326 297 250 108 82 209 221 110 126 104 128 62 80 47 44 111 59 60 170 59 81 54 138 66 54 188 158 137 109 89 114 129 58 71 52 94 52 63 46 41 60 48 74 44 50
is_linear=0
shrinkage=0.005


Tree=1
num_leaves=55
num_cat=0
split_feature=20 16 28 5 91 82 40 94 72 58 8 77 30 29 16 1 72 24 90 72 16 10 13 28 29 64 74 20 58 78 5 8 81 19 97 16 23 72 14 32 81 13 32 32 22 16 19 14 72 10 3 4 4 0
split_gain=36.1717 16.6115 13.6714 11.4283 10.9286 10.1353 10.0701 10.385 9.53216 8.92835 8.85454 8.7804 9.4308 7.92154 8.75247 8.72891 10.1377 8.16121 8.40053 7.90556 7.19676 6.99735 8.74669 8.00833 6.48214 6.2471 6.02381 5.40948 6.46359 8.36117 5.76136 6.21059 5.38875 5.0882 5.02976 4.92308 4.75888 6.71312 4.70298 4.37335 4.31395 4.3006 4.03146 3.7897 3.73521 3.35436 3.33333 3.025 2.60905 2.20819 1.34017 0.444444 0.427907 0.0261905
threshold=2178.4000000000005 6361.0000000000009 23.075000000000006 4651.9700000000012 35216.025799999996 483.14999999999998 115.25000000000001 792981.66627406271 1589.5590000000002 -0.93301270189221919 405.59694444444455 3447.4587137984013 64.750000000000014 85.750000000000014 5632.4000000000005 17042.350000000002 843.89450000000011 10.575000000000001 1645.2922500000004 1499.9500000000003 7268.4500000000007 35009.450000000004 9956.6000000000022 29.925000000000001 88.250000000000014 1299.8000000000002 113.64041666666668 456.65000000000003 -0.6830127018922193 1472.8014479166668 2999.7750000000005 404.44289285714291 4126.8574008210599 1370.2500000000002 0.28125000000000006 4874.2000000000007 60.750000000000007 1299.8000000000002 16969.000000000004 151.75000000000003 3384.5672101744776 1769.2000000000003 45.000000000000007 114.75000000000001 89.750000000000014 6878.9000000000005 2314.9500000000003 18736.550000000007 1601.7 31126.200000000004 15348.200000000003 5252.8550000000005 9641.8250000000025 33571.150000000009
decision_type=2 2 2 2 2 2 2 2 2 2 2 2 2 2 2 2 2 2 2 2 2 2 2 2 2 2 2 2 2 2 2 2 2 2 2 2 2 2 2 2 2 2 2 2 2 2 2 2 2 2 2 2 2 2
left_child=1 2 8 33 9 46 13 11 10 -3 35 12 -8 14 25 16 38 18 49 -7 26 22 24 47 34 40 -11 -28 -29 30 -30 -32 -19 -2 -13 -1 -12 -38 -16 -20 -4 -22 -10 48 52 50 -5 -23 53 -15 51 -33 -42 -35
right_child=3 4 6 5 -6 19 7 -9 42 20 36 21 -14 17 15 -17 -18 32 39 -21 41 23 -24 -25 -26 -27 27 28 29 -31 31 45 -34 43 -36 -37 37 -39 -40 -41 44 -43 -44 -45 -46 -47 -48 -49 -50 -51 -52 -53 -54 -55
leaf_value=0.0007855461611892678 -0.00045318934358656409 0.033205823314841842 -0.001024364985525608 -1.8598328344523906e-06 -0.0018732261072844268 0.0025744221689179541 0 0.0015483054526150228 -0.0019872855052351949 -6.6277079808060093e-06 0.0025408725105226038 -9.2406925559043886e-05 -0.0010017480875831098 0.002339311797358096 0.0029926043748855591 -0.00058774166367948054 -1.8470652867108585e-05 -0.00038115746118128307 -0.00038081632521934806 -0.00083222345486283315 0 0 0.002034169912035577 9.0726000256836417e-06 0.0005154843840748072 0 0 -7.2683598846197131e-07 0 0 0.00011602446464821696 0.0010032851817876006 0 -0.0013834320753812791 0 -5.456419661641121e-07 0.0021719741344451904 9.9351274780929084e-06 0 7.1347765624523166e-06 -0.00224640178270638 0.0010676293750293553 3.4335909644141795e-06 -0.00034724872037768365 -0.001325860920548439 0.00081599548161029821 -0.00032865621633827681 -0.0011695442800410091 -0.000799229508638382 8.1103527918457982e-07 0.00081961875497363508 0.0054172864982858305 -0.031765674686431884 -0.0039249276466667652
leaf_weight=26 20 22 30 24 28 29 28 35 21 22 26 21 36 20 20 22 31 38 27 20 20 20 24 20 28 22 30 39 24 30 21 20 23 22 35 26 21 20 23 21 20 28 22 21 31 22 30 20 29 21 20 25 23 20
leaf_count=26 20 22 30 24 28 29 28 35 21 22 26 21 36 20 20 22 31 38 27 20 20 20 24 20 28 22 30 39 24 30 21 20 23 22 35 26 21 20 23 21 20 28 22 21 31 22 30 20 29 21 20 25 23 20
internal_value=-4.75494e-05 0.000303819 -9.3633e-05 -0.00193023 0.00121083 -0.000728155 -0.000422535 0.000318352 0.0012037 0.00147059 0.00193277 -6.46552e-05 -0.00164062 -0.000954301 -0.00155405 -0.000416667 0.000405405 -6.66667e-05 0.000898876 0.000918367 0.00124585 0.000535714 0.0012963 -0.000833333 0.000535714 -0.00242063 0.000909091 0.00114719 0.00144279 0.00188272 0.00242424 0.00291667 -0.00147541 -0.00303571 -0.000446429 0.000384615 0.00313433 0.00207317 0.00197674 -0.000520833 -0.00293269 0.00302083 -0.000813953 -0.00353261 -0.00358108 0.00350575 -0.00222222 -0.002125 -0.00408451 0.00256098 0.00407692 0.00455556 -0.00453488 -0.00488095
internal_weight=1367 1152 801 215 351 103 639 267 162 323 119 232 64 372 222 96 74 150 89 49 301 168 108 60 84 126 253 231 201 162 132 108 61 112 56 52 67 41 43 48 104 48 43 92 74 87 54 40 71 41 65 45 43 42
internal_count=1367 1152 801 215 351 103 639 267 162 323 119 232 64 372 222 96 74 150 89 49 301 168 108 60 84 126 253 231 201 162 132 108 61 112 56 52 67 41 43 48 104 48 43 92 74 87 54 40 71 41 65 45 43 42
is_linear=0
shrinkage=0.005


Tree=2
num_leaves=55
num_cat=0
split_feature=19 93 78 64 89 20 80 93 5 4 73 94 46 91 78 98 64 66 22 100 35 20 26 99 77 30 78 23 0 23 98 80 46 88 46 1 20 20 99 13 40 46 100 40 45 4 0 77 3 72 77 19 7 0
split_gain=27.6658 13.7615 9.46927 14.9722 13.5541 13.4494 11.2311 10.0606 9.73253 15.2771 12.8731 10.5078 10.4472 9.62812 8.07908 8.05829 7.83196 9.5918 8.81212 7.26112 7.0044 6.73304 6.71087 6.33243 7.225 6.25695 6.25 6.06671 6.41994 5.78989 5.66222 5.34545 5.32073 5.22787 6.31488 5.18571 4.74899 4.74333 7.57207 5.5467 5.43214 4.52038 4.28575 4.80541 4.26087 4.07868 4.26005 4.05543 6.72501 3.12567 3.01385 2.92943 2.41779 1
threshold=2283.9000000000005 392.85416666666669 430.98357638888893 972.70600000000013 1647.0969937499999 961.00000000000011 33709.479166666679 399.62430555555562 3136.0250000000005 3009.0850000000005 1152.6500000000003 509454.13901937503 105.75000000000001 32909.808562500009 1039.667902777778 0.96180555555555569 910.61400000000015 344.35000000000008 76.250000000000014 0.24652777777777782 27.325000000000006 722.85000000000002 96.750000000000014 0.78125000000000011 3593.6588797043323 88.750000000000014 552.26638194444456 57.750000000000007 27917.400000000005 55.750000000000007 0.079861111111111119 33562.340972222235 91.884998321533217 7729.260416666667 103.13000106811525 15033.650000000001 493.10000000000008 1237.8500000000001 0.19791666666666671 3403.4500000000003 84.750000000000014 101.18500137329103 0.10069444444444446 98.750000000000014 24402.500000000004 2906.2850000000003 29270.350000000002 4170.1411525310523 14769.250000000002 960.50000000000011 3978.2808415079007 1014.7500000000001 20.545000000000005 28490.850000000002
decision_type=2 2 2 2 2 2 2 2 2 2 2 2 2 2 2 2 2 2 2 2 2 2 2 2 2 2 2 2 2 2 2 2 2 2 2 2 2 2 2 2 2 2 2 2 2 2 2 2 2 2 2 2 2 2
left_child=1 -1 5 4 7 6 53 49 14 32 11 -11 25 -8 -5 45 17 20 -19 31 30 36 23 50 -25 42 -21 -20 -29 -27 -9 -2 -10 -30 -35 -31 -12 40 39 -39 -23 -6 43 -13 -14 46 -16 52 -49 -4 -7 -32 -34 -3
right_child=19 2 3 8 41 22 13 16 9 10 21 12 44 -15 15 -17 -18 18 27 26 -22 37 -24 24 -26 29 -28 28 33 35 51 -33 47 34 -36 -37 -38 38 -40 -41 -42 -43 -44 -45 -46 -47 -48 48 -50 -51 -52 -53 -54 -55
leaf_value=-0.0015596496373042465 -0.00022035573215596377 0.0028976487752217801 -0.0010993990372680127 6.5455731758847838e-06 0.001260715782037005 6.7162758134712932e-05 0 -6.9369744855794132e-07 0.00035393308140337472 -1.6613473535267986e-05 0 0.00074486966469464817 -0.0003144241011904087 0.0024757119973433583 -0.00057308021717891093 0 -0.00070585803525708617 -0.0012449197467505001 0.0011167172711207532 -0.00079783486050739882 1.6407008556416257e-05 -0.00090403116114600563 -0.00023100237465836109 7.343923764373176e-05 -0.0021193356670618523 0.0010097740063257515 0.00023471197690721601 -0.00032781453964918184 0.00026414469216251747 -0.00051442488138005139 -0.0014617838416981976 -0.0016806676569841802 0.00051015904338005936 0.0013355535526267488 -1.2566935717302839e-05 0.00072938098163832918 7.6649423688650134e-06 1.2880938918213359e-05 -0.00022882538923434914 -0.00012289767153561115 -2.2681500064209105e-08 1.8283704277127978e-06 0.015535191619333616 6.1544207856059071e-05 8.7832976616919058e-06 -0.00091785214852425272 0 0 0.0018759062959230505 -0.0016748582568597049 0.0012667376198112034 -0.029231567257987336 0.0010478535367525184 0.026427033774627608
leaf_weight=29 22 20 20 20 21 20 37 25 23 26 23 22 23 22 22 21 35 33 32 32 23 21 21 20 20 29 32 21 21 35 38 33 22 20 28 21 27 27 24 23 24 20 34 20 23 20 26 21 25 21 22 27 25 25
leaf_count=29 22 20 20 20 21 20 37 25 23 26 23 22 23 22 22 21 35 33 32 32 23 21 21 20 20 29 32 21 21 35 38 33 22 20 28 21 27 27 24 23 24 20 34 20 23 20 26 21 25 21 22 27 25 25
internal_value=-9.14411e-05 0.000128205 0.000209188 9.88142e-06 -0.000766234 0.00118357 0.00245192 -0.00109012 0.000486443 0.000772201 0.000310945 0.00107296 0.00144928 0.00101695 -0.00087156 -0.00151685 -0.000775578 -0.000485075 0.000322581 -0.00239496 -0.00159292 -0.000739645 -9.70874e-05 0.00054878 -0.000875 0.00204969 -0.00125 0.000942623 0.000277778 0.00111765 -0.00222222 -0.00372727 0.00237069 0.00101449 0.000104167 0.000178571 0.0008 -0.00138655 -0.000608108 0.0005 -0.00266667 0.00195122 0.00309211 0.00202381 -0.000652174 -0.00235294 -0.0015625 0.00290323 0.00184783 -0.00341463 0.00190476 -0.003 0.00393617 0.00433333
internal_weight=1367 1248 1219 1012 385 207 104 344 627 518 402 233 207 59 109 89 303 268 155 119 113 169 103 82 40 161 64 122 90 85 90 55 116 69 48 56 50 119 74 50 45 41 76 42 46 68 48 93 46 41 42 65 47 45
internal_count=1367 1248 1219 1012 385 207 104 344 627 518 402 233 207 59 109 89 303 268 155 119 113 169 103 82 40 161 64 122 90 85 90 55 116 69 48 56 50 119 74 50 45 41 76 42 46 68 48 93 46 41 42 65 47 45
is_linear=0
shrinkage=0.005


end of trees

feature_importances:
disp_wind_evening_mw=9
disp_solar_midday_mw=8
smp_north_lag_336=7
disp_wind_midday_mw=6
hydro_inflow_m3s=5
disp_hydro_evening_mw=5
temperature_danang=5
cloud_cover_danang=5
dxy_index=5
smp_rolling_mean_72h=5
load_total_mw=4
direct_radiation_hcmc=4
smp_lag_50=4
smp_south_lag_336=4
load_rolling_std_24h=4
hydro_depletion_index=4
margin_temp_interaction=4
spike_prob_72h=4
hydro_total_discharge_m3s=3
disp_hydro_midday_mw=3
cloud_cover_hanoi=3
direct_radiation_hanoi=3
shortwave_radiation_danang=3
sin_month=3
solar_gen_proxy=3
load_north_mw=2
load_south_mw=2
hydro_spill_discharge_m3s=2
hydro_water_level_m=2
disp_total_midday_mw=2
disp_total_evening_mw=2
humidity_hanoi=2
wind_speed_hanoi=2
humidity_danang=2
temperature_hcmc=2
brent_price=2
smp_lag_49=2
smp_lag_96=2
load_rolling_mean_72h=2
load_rolling_std_72h=2
residual_load_proxy=2
zero_prob_24h=2
zero_prob_72h=2
wind_speed_hcmc=1
usd_vnd=1
smp_lag_336=1
load_lag_336=1
smp_south_lag_48=1
smp_rolling_mean_24h=1
price_spread_ns_lag48=1
hydro_discharge_rolling_24h=1
wind_gen_proxy=1
thermal_margin_proxy=1
spike_prob_24h=1

parameters:
[boosting: gbdt]
[objective: regression_l1]
[metric: l1]
[tree_learner: serial]
[device_type: cpu]
[data_sample_strategy: bagging]
[data: ]
[valid: ]
[num_iterations: 3000]
[learning_rate: 0.005]
[num_leaves: 127]
[num_threads: -1]
[seed: 42]
[deterministic: 0]
[force_col_wise: 0]
[force_row_wise: 0]
[histogram_pool_size: -1]
[max_depth: -1]
[min_data_in_leaf: 20]
[min_sum_hessian_in_leaf: 0.001]
[bagging_fraction: 0.8]
[pos_bagging_fraction: 1]
[neg_bagging_fraction: 1]
[bagging_freq: 5]
[bagging_seed: 400]
[bagging_by_query: 0]
[feature_fraction: 0.5]
[feature_fraction_bynode: 1]
[feature_fraction_seed: 30056]
[extra_trees: 0]
[extra_seed: 12879]
[early_stopping_round: 0]
[early_stopping_min_delta: 0]
[first_metric_only: 0]
[max_delta_step: 0]
[lambda_l1: 0]
[lambda_l2: 0]
[linear_lambda: 0]
[min_gain_to_split: 0]
[drop_rate: 0.1]
[max_drop: 50]
[skip_drop: 0.5]
[xgboost_dart_mode: 0]
[uniform_drop: 0]
[drop_seed: 17869]
[top_rate: 0.2]
[other_rate: 0.1]
[min_data_per_group: 100]
[max_cat_threshold: 32]
[cat_l2: 10]
[cat_smooth: 10]
[max_cat_to_onehot: 4]
[top_k: 20]
[monotone_constraints: ]
[monotone_constraints_method: basic]
[monotone_penalty: 0]
[feature_contri: ]
[forcedsplits_filename: ]
[refit_decay_rate: 0.9]
[cegb_tradeoff: 1]
[cegb_penalty_split: 0]
[cegb_penalty_feature_lazy: ]
[cegb_penalty_feature_coupled: ]
[path_smooth: 0]
[interaction_constraints: ]
[verbosity: -1]
[saved_feature_importance_type: 0]
[use_quantized_grad: 0]
[num_grad_quant_bins: 4]
[quant_train_renew_leaf: 0]
[stochastic_rounding: 1]
[linear_tree: 0]
[max_bin: 255]
[max_bin_by_feature: ]
[min_data_in_bin: 3]
[bin_construct_sample_cnt: 200000]
[data_random_seed: 175]
[is_enable_sparse: 1]
[enable_bundle: 1]
[use_missing: 1]
[zero_as_missing: 0]
[feature_pre_filter: 1]
[pre_partition: 0]
[two_round: 0]
[header: 0]
[label_column: ]
[weight_column: ]
[group_column: ]
[ignore_column: ]
[categorical_feature: ]
[forcedbins_filename: ]
[precise_float_parser: 0]
[parser_config_file: ]
[objective_seed: 16083]
[num_class: 1]
[is_unbalance: 0]
[scale_pos_weight: 1]
[sigmoid: 1]
[boost_from_average: 1]
[reg_sqrt: 0]
[alpha: 0.9]
[fair_c: 1]
[poisson_max_delta_step: 0.7]
[tweedie_variance_power: 1.5]
[lambdarank_truncation_level: 30]
[lambdarank_norm: 1]
[label_gain: ]
[lambdarank_position_bias_regularization: 0]
[eval_at: ]
[multi_error_top_k: 1]
[auc_mu_weights: ]
[num_machines: 1]
[local_listen_port: 12400]
[time_out: 120]
[machine_list_filename: ]
[machines: ]
[gpu_platform_id: -1]
[gpu_device_id: -1]
[gpu_use_dp: 0]
[num_gpu: 1]

end of parameters

pandas_categorical:null
