tree
version=v4
num_class=1
num_tree_per_iteration=1
label_index=0
max_feature_idx=100
objective=regression_l1
feature_names=load_total_mw load_north_mw load_central_mw load_south_mw hydro_inflow_m3s hydro_total_discharge_m3s hydro_plant_discharge_m3s hydro_spill_discharge_m3s hydro_water_level_m disp_total_installed_mw disp_total_midday_mw disp_total_evening_mw disp_hydro_installed_mw disp_hydro_midday_mw disp_hydro_evening_mw disp_solar_installed_mw disp_solar_midday_mw disp_solar_evening_mw disp_wind_installed_mw disp_wind_midday_mw disp_wind_evening_mw temperature_hanoi humidity_hanoi cloud_cover_hanoi wind_speed_hanoi shortwave_radiation_hanoi direct_radiation_hanoi diffuse_radiation_hanoi temperature_danang humidity_danang cloud_cover_danang wind_speed_danang shortwave_radiation_danang direct_radiation_danang diffuse_radiation_danang temperature_hcmc humidity_hcmc cloud_cover_hcmc wind_speed_hcmc shortwave_radiation_hcmc direct_radiation_hcmc diffuse_radiation_hcmc coal_proxy_price brent_price gas_proxy_price usd_vnd dxy_index is_weekend is_workday is_holiday is_tet is_pre_holiday is_post_holiday season sin_hour cos_hour sin_dow cos_dow sin_month cos_month smp_lag_48 load_lag_48 smp_lag_49 load_lag_49 smp_lag_50 load_lag_50 smp_lag_96 load_lag_96 smp_lag_336 load_lag_336 smp_north_lag_48 smp_south_lag_48 smp_north_lag_336 smp_south_lag_336 smp_rolling_mean_24h smp_rolling_std_24h load_rolling_mean_24h load_rolling_std_24h smp_rolling_mean_72h smp_rolling_std_72h load_rolling_mean_72h load_rolling_std_72h price_spread_ns_lag48 load_ramp_lag48 smp_yesterday_mean smp_yesterday_max smp_yesterday_min smp_yesterday_zero_ratio hydro_discharge_rolling_24h solar_gen_proxy wind_gen_proxy residual_load_proxy thermal_margin_proxy hydro_depletion_index margin_temp_interaction is_spike is_zero spike_prob_24h spike_prob_72h zero_prob_24h zero_prob_72h
feature_infos=[16738.400000000001:43669.699999999997] [8141:23529.633000000002] [1030.2:4920.1390000000001] [6568.3000000000002:17620.469000000001] [-24696.790000000001:52718.32] [261.23000000000002:27182.77] [243.56999999999999:14362.75] [11.359999999999999:15398] [386.1925:23252.132105263157] none [14491.4:47673.900000000001] [19152.799999999999:47033.400000000001] none [-3952.3000000000002:18862.5] [6035.6999999999998:23435.200000000001] none [0:8134.5] [0:344.30000000000001] none [0:4273.1999999999998] [0:4263.3999999999996] [7.5:32.299999999999997] [31:99] [0:100] [0.55000000000000004:30.25] [3.5:282] [0:208.5] [3.5:150.5] [16.050000000000001:33.25] [52:99.5] [0:100] [0.80000000000000004:50] [7:306.5] [0:234] [7:146] [20.600000000000001:31.300000000000001] [56:98] [0:100] [0.5:24] [16:265] [0:198] [16:133.5] [63.700000762939453:438.35000610351562] [55.099998474121087:127.98000335693359] [1.5750000476837158:9.6800003051757795] [22394.345703125:26405] [89.639999389648438:114.11000061035156] [0:1] [0:1] [0:1] [0:1] [0:1] [0:1] [1:4] none none [-0.97492791218182362:0.97492791218182362] [-0.90096886790241903:1] [-1:1] [-1:1] [0:1778.5999999999999] [16738.400000000001:43669.699999999997] [0:1778.5999999999999] [16515.5:40602.099999999999] [0:1778.5999999999999] [15251.9:39424.300000000003] [0:1778.5999999999999] [16738.400000000001:43669.699999999997] [0:1778.5999999999999] [16738.400000000001:43669.699999999997] [0:1778.5999999999999] [0:1778.5999999999999] [0:1778.5999999999999] [0:1778.5999999999999] [0:1778.5999999999999] [0:869.78656539635756] [15840.402083333332:48300.345833333326] [1494.0634266859377:7412.3475695858406] [0.069944444444444434:1778.5999999999999] [0:822.68470809772941] [15990.384722222221:45267.230555555558] [2009.5728777065494:7328.5193476692311] [-1602.3:1778.5999999999999] [-2000.7000000000007:5250.3000000000029] [0:1778.5999999999999] [0:1778.5999999999999] [0:1778.5999999999999] [0:1] [919.52208333333328:41870.738333333335] [112.0236:1855.3908750000001] [124.17300000000002:5960.3040000000001] [13767.265887500002:40395.97834999999] [13155.821650000013:39784.534112499998] [386.1925:23252.132105263157] [371342.92174875003:1122197.6812312501] [0:1] [0:1] [0:1] [0:1] [0:1] [0:1]
tree_sizes=4237 4473 4339 4464 4869 4745 4680 4842 4809 4523 4708

Tree=0
num_leaves=53
num_cat=0
split_feature=72 62 70 72 70 11 98 71 11 68 25 80 45 42 64 70 40 0 93 0 80 26 0 89 7 95 69 75 14 26 20 46 83 4 69 0 7 42 84 16 19 25 77 78 40 7 11 77 93 11 56 7
split_gain=28.2905 22.3943 18.9179 12.3235 14.2552 13.5576 9.54386 9.33889 12.0015 6.92583 6.80132 7.17823 6.71446 9.70261 6.10747 7.842 9.14537 7.37918 5.6006 5.47387 8.67382 5.44725 4.96136 5.56823 4.72711 4.55439 4.44507 6.75 4.21948 4.19723 4.03202 3.92341 3.79247 3.76206 3.66667 3.60498 3.31234 3.20663 3.05945 2.83629 2.80258 2.23089 2.14286 1.77479 1.74545 1.71471 1.70585 1.68424 2.8508 1.72194 1.297 0.942308
threshold=1466.7500000000002 1364.7395000000001 1502.0000000000002 830.31600000000014 0.96850000000000003 38112.05000000001 0.51041666666666674 1047.0500000000002 41976.250000000007 963.64250000000015 23.750000000000004 31820.964236111115 23019.500000000004 139.30000305175784 886.18300000000011 1250.9475000000002 87.750000000000014 31110.250000000004 418.7917034139403 26720.950000000004 30584.711805555562 30.750000000000004 32561.650000000005 1016.96424375 20.825000000000003 1.0000000180025095e-35 30889.600000000002 516.37624582689762 14332.000000000002 67.750000000000014 865.10000000000014 103.84499740600587 2019.8999999999999 3797.4350000000004 34346.250000000007 33798.450000000004 17.645000000000007 122.45000076293947 947.50432291666687 6233.4000000000005 1122.1000000000001 56.750000000000007 3428.4213202704209 1010.6589895833334 94.750000000000014 1509.9950000000001 41547.80000000001 4278.9167438986306 415.73035603715175 41547.80000000001 -1.0000000180025095e-35 2288.7050000000004
decision_type=2 2 2 2 2 2 2 2 2 2 2 2 2 2 2 2 2 2 2 2 2 2 2 2 2 2 2 2 2 2 2 2 2 2 2 2 2 2 2 2 2 2 2 2 2 2 2 2 2 2 2 2
left_child=2 12 3 4 29 14 34 8 -7 -8 18 21 44 24 17 16 38 42 -3 -6 -21 28 23 -11 39 26 -22 -28 -12 37 -17 -26 40 -23 43 36 -13 47 -16 -14 -31 -33 -5 -4 -2 46 -34 48 50 -50 -1 -47
right_child=1 10 6 5 19 7 9 -9 -10 22 11 35 13 -15 15 30 -18 -19 -20 20 25 33 -24 -25 31 -27 27 -29 -30 32 -32 41 45 -35 -36 -37 -38 -39 -40 -41 -42 -43 -44 -45 -46 51 -48 -49 49 -51 -52 -53
leaf_value=0 -0.015887211114168166 2.5262206327170135e-05 0.0045138850808143617 -0.0019067841023206712 0 0.00073059268295764927 0.0010172516666352748 0.0019634521007537843 -0.00050385132431983947 6.9271260872483251e-05 0 -0.00073053695261478431 -0.0011083735525608063 0 -0.00074376560747623443 -0.0017123822867870331 0.00044933762401342395 0 -0.00081115055829286578 0.015958521515130997 0.0032277384400367739 -2.1208666730672121e-05 0.0011788292229175568 -0.0008693058043718338 -0.0018324535340070724 0.0041271492838859556 0 0 0.00068811723962426186 0.0016100437939167024 0 -0.0015318253636360168 0 0 0.00077101258095353849 0 0 -8.9199589565396311e-05 0.00052705654874444011 0 0 0 -0.0024693664163351059 0.0019894338399171828 -0.0018910122662782669 0 0 0 0 0 0 0
leaf_weight=20 24 20 21 20 29 27 28 30 33 21 33 31 21 24 23 22 21 25 28 34 34 20 23 23 32 23 21 28 30 34 23 21 26 27 20 32 27 21 20 20 33 20 28 34 20 26 20 38 24 25 33 26
leaf_count=20 24 20 21 20 29 27 28 30 33 21 33 31 21 24 23 22 21 25 28 34 34 20 23 23 32 23 21 28 30 34 23 21 26 27 20 32 27 21 20 20 33 20 28 34 20 26 20 38 24 25 33 26
internal_value=3.65764e-06 -0.00105814 0.000490928 0.000156454 0.000626263 -0.000698529 0.002 0.000888889 -0.00025 0.000947368 -8.06452e-05 0.000325 -0.00239011 -0.00184783 -0.00148352 -0.000733945 0.000390625 -0.00260274 -0.00177083 0.00180473 0.00221429 0.00118182 7.46269e-05 -0.000909091 -0.00245614 0.00150943 0.000963855 0 0.00214286 1.53374e-05 -0.00233333 -0.00321918 0.000575758 -0.000106383 0.00333333 -0.000722222 -0.00146552 -0.000559006 -0.000930233 -0.00109756 0.00149254 -0.00219512 -0.00375 0.004 -0.00409091 -5.10204e-05 0.000652174 -0.000285714 4.90196e-05 0.000918367 -0.000754717 -0.000673077
internal_weight=1367 430 937 767 495 272 170 90 60 95 248 200 182 138 182 109 64 73 48 169 140 110 67 44 114 106 83 49 63 326 45 73 165 47 75 90 58 161 43 41 67 41 48 55 44 98 46 140 102 49 53 52
internal_count=1367 430 937 767 495 272 170 90 60 95 248 200 182 138 182 109 64 73 48 169 140 110 67 44 114 106 83 49 63 326 45 73 165 47 75 90 58 161 43 41 67 41 48 55 44 98 46 140 102 49 53 52
is_linear=0
shrinkage=0.005


Tree=1
num_leaves=54
num_cat=0
split_feature=51 77 8 1 23 81 60 33 22 72 1 64 13 70 3 22 22 16 19 28 72 29 91 72 4 10 1 72 24 40 90 78 72 40 97 19 72 13 0 97 56 24 72 13 39 78 23 10 77 28 16 5 8
split_gain=21.6409 11.8673 14.1757 13.1644 11.9227 11.8584 11.5507 12.6376 10.4076 7.29595 11.4108 10.1324 9.47211 8.52343 7.21784 6.43684 5.96859 5.82256 6.50159 6.28597 5.26931 5.19938 5.17174 6.01141 6.68724 5.1172 7.6544 4.73849 4.72381 4.66667 4.59264 4.19379 4.17528 4.02381 3.97245 4.66196 3.83932 5.05372 3.67391 3.3 3.10303 3.08824 2.87203 2.74023 2.60661 2.57165 2.50662 2.25372 1.97045 1.21 1.08224 0.9 0.631169
threshold=1.0000000180025095e-35 3890.1211616643091 392.9500000000001 13949.550000000001 8.2500000000000018 3599.7894517607469 1454.9000000000003 26.250000000000004 65.250000000000014 1122.7305000000003 13863.900000000001 961.11750000000018 2864.2000000000003 1377.6000000000001 14193.200000000003 88.750000000000014 89.750000000000014 6624.4000000000005 1107.6000000000001 25.975000000000005 0.99700000000000011 92.250000000000014 26107.352181250004 1299.8000000000002 8310.2700000000023 28208.200000000004 15487.350000000002 751.6495000000001 7.875 87.750000000000014 1881.2209500000006 723.77754166666671 0.94200000000000006 103.25000000000001 0.30208333333333343 988.70000000000016 843.89450000000011 4304.6500000000005 29102.100000000002 0.26041666666666669 1.0000000180025095e-35 8.2250000000000014 1509.0000000000002 4304.6500000000005 226.75000000000003 1102.4826319444448 95.750000000000014 33297.55000000001 4129.7013545458522 29.125000000000004 5965.4500000000016 4833.6550000000016 412.14865384615388
decision_type=2 2 2 2 2 2 2 2 2 2 2 2 2 2 2 2 2 2 2 2 2 2 2 2 2 2 2 2 2 2 2 2 2 2 2 2 2 2 2 2 2 2 2 2 2 2 2 2 2 2 2 2 2
left_child=1 2 -1 14 40 25 7 20 -8 11 38 27 29 -14 16 -15 36 19 -19 21 -5 42 -9 24 31 -6 30 32 -13 -12 33 48 44 -27 35 -26 -3 -38 -11 -2 -4 -18 51 -22 46 -30 -7 -25 -24 -48 -37 -10 -52
right_child=39 3 4 6 5 9 8 22 17 10 12 28 13 15 -16 -17 41 18 -20 -21 43 -23 23 47 34 26 -28 -29 45 -31 -32 -33 -34 -35 -36 50 37 -39 -40 -41 -42 -43 -44 -45 -46 -47 49 -49 -50 -51 52 -53 -54
leaf_value=-0.0019176845487207175 -0.030847025675047188 0 0.0024061295047227761 0 0.0017400321476161479 0 -0.00049405184509232643 0.001209833599627018 0.0035083224466652607 -0.00063517395369708533 9.1870566830039028e-05 2.1732645109295846e-06 -0.00096901093740016223 -3.4405861981213094e-06 -0.00081985965468920762 0.00043673550710082053 -1.7480936250649396e-06 0.00016325624723103832 -0.00027804341167211535 0 -0.00074684002436697483 3.1470264701056294e-06 0 -4.2136956378817562e-05 0 3.7188280373811723e-06 0.016314070429466664 -8.7150074541568763e-05 0.00091863387436605989 0 0.00049093929044902325 0.00042324602603912355 3.1145530124194922e-05 -0.00042503632605075839 0 0 -3.4405861981213094e-06 -0.029561856039613487 -0.0014402007963508368 -0.0024451898644852915 0.00021997488266788424 6.0714539140462873e-05 0.0002150436465453822 -0.016349507809430362 0 0.0022257225731387737 0 -0.0014038547966629268 0 0 0 0.0042989145964384082 0
leaf_weight=33 33 33 20 28 38 29 24 21 20 23 21 20 36 35 28 34 30 24 21 34 23 26 20 20 39 21 22 22 22 21 35 31 32 21 20 27 20 21 23 22 24 21 26 28 23 20 20 21 24 25 22 20 20
leaf_count=33 33 33 20 28 38 29 24 21 20 23 21 20 36 35 28 34 30 24 21 34 23 26 20 20 39 21 22 22 22 21 35 31 32 21 20 27 20 21 23 22 24 21 26 28 23 20 20 21 24 25 22 20 20
internal_value=-1.82882e-05 0.000110518 0.000612903 -0.000339595 0.000792164 0.000589319 2.78293e-05 -0.000523256 0.001 0.000160099 -0.000544041 0.000798122 0.000136054 -0.000666667 -0.00163399 0.000362319 -0.00112 0.00143275 -0.000111111 0.00198413 -0.00227848 0.00266304 0 -0.000204918 0.000147783 0.00186131 0.00126263 9.93377e-05 0.0025 0.00214286 0.000519481 0.00133333 0.000465116 -0.000595238 -0.000546875 -0.000925926 -0.00202703 -0.00304878 -0.00271739 -0.00309091 0.00329545 0.000196078 0.00340909 -0.00323529 -5.15464e-05 0.00345238 0.000405405 -0.00195122 0.000340909 -0.000333333 -0.000144928 0.00425 0.000357143
internal_weight=1367 1312 620 692 587 543 539 344 195 406 193 213 147 105 153 69 125 171 45 126 79 92 265 244 203 137 99 151 62 42 77 75 129 42 128 108 74 41 46 55 44 51 66 51 97 42 74 41 44 45 69 40 42
internal_count=1367 1312 620 692 587 543 539 344 195 406 193 213 147 105 153 69 125 171 45 126 79 92 265 244 203 137 99 151 62 42 77 75 129 42 128 108 74 41 46 55 44 51 66 51 97 42 74 41 44 45 69 40 42
is_linear=0
shrinkage=0.005


Tree=2
num_leaves=51
num_cat=0
split_feature=72 97 96 73 23 98 0 98 65 30 22 80 59 84 8 89 46 7 77 76 26 69 26 22 35 40 88 63 59 84 99 14 97 84 89 19 5 20 19 88 7 89 40 4 5 14 99 7 4 73
split_gain=11.5143 20.6243 16.0966 12.4735 9.99039 9.49578 7.78627 9.16667 7.56258 7.47308 6.70677 9.32444 6.6118 10.247 8.77238 8.41113 7.41503 10.0333 7.72203 6.64883 6.51772 6.50288 7.79439 9.73309 6.30829 6.19094 6.1289 6.49517 5.34688 5.32151 5.22648 4.86925 4.66667 4.43892 4.25814 4.23345 4.1806 4.17203 4.66667 4.06535 4.55477 3.71057 3.40994 3.09409 3.0044 4.09171 2.14627 2.27273 1.225 1.04833
threshold=1468.7855000000002 0.46875000000000006 1.0000000180025095e-35 780.68250000000012 23.750000000000004 0.031250000000000007 33652.350000000006 0.19791666666666671 30538.400000000005 92.250000000000014 83.250000000000014 28636.296180555561 -0.68301270189221952 1508.1703645833338 411.30882352941182 1451.05569375 91.284999847412124 20.545000000000005 3911.6273716632109 32145.914583333335 55.750000000000007 32995.700000000004 17.750000000000004 90.250000000000014 24.675000000000004 86.250000000000014 7729.260416666667 28693.550000000003 -0.24999999999999994 947.50432291666687 1.0000000180025095e-35 12570.250000000002 0.96875000000000011 1447.4210729166668 1461.5579062500001 919.00000000000011 4735.2350000000015 1060.6500000000003 1452.6000000000001 5664.7331250000016 21.295000000000005 1034.4679312500002 78.750000000000014 8949.6150000000016 9936.0550000000021 19122.700000000001 0.51041666666666685 1713.4450000000004 2279.5050000000006 1.0815000000000003
decision_type=2 2 2 2 2 2 2 2 2 2 2 2 2 2 2 2 2 2 2 2 2 2 2 2 2 2 2 2 2 2 2 2 2 2 2 2 2 2 2 2 2 2 2 2 2 2 2 2 2 2
left_child=2 6 4 26 9 20 10 -8 -5 49 42 -12 14 16 15 -7 -14 41 37 -20 -6 22 23 24 -3 -23 28 -28 34 -21 -25 -17 -27 -24 -4 -11 -31 -19 -39 40 -13 -18 -2 -29 -45 -46 -47 -48 -36 -1
right_child=1 21 3 8 5 12 7 -9 -10 35 11 39 13 -15 -16 31 17 18 19 29 -22 25 33 30 -26 32 27 43 -30 36 -32 -33 -34 -35 48 -37 -38 38 -40 -41 -42 -43 -44 44 45 46 47 -49 -50 -51
leaf_value=0.0038099691174648467 -0.030005196895206344 2.9805345587374183e-06 0 -0.0035536118267849087 -0.0009049482819018012 -8.8753591617569342e-05 0.0010303179301787168 -0.0011907173065901734 0 0.0009310393478174228 0.00011995154958222702 -0.00070392063087131832 -0.00076457752561802036 -5.4816007583867762e-06 0.0002360878199338913 0.00035291339291259645 0.0019660038897367192 0.00090567053625360133 -2.0635746419429779e-05 0 0 1.1979883108288054e-06 0.00037378740862318953 0.00028158306404948237 -0.0010942244037697093 -0.0013005954027175903 0.00024338788476120681 1.6831552842631937e-06 -0.00044177863065246486 0.00052875978501266225 1.9689449742145415e-07 -2.116230130195618e-06 0 2.4702592254616322e-06 0 -2.116230130195618e-06 0.0034236055929213762 -3.2405697391368448e-05 0.0021706770496973771 -4.1164227668195966e-06 -0.0025759209382445552 0.00086756997728860009 -0.0017391353609729559 -1.5572765062097463e-07 0 0 0 -7.7863825310487314e-08 -1.5572765062097463e-07 0.0013116502341267186
leaf_weight=20 33 21 22 31 34 31 20 24 30 20 22 27 20 36 37 20 38 39 39 33 23 27 22 21 32 21 39 20 28 26 20 29 21 39 20 21 23 21 21 20 20 32 38 27 35 37 22 22 20 23
leaf_count=20 33 21 22 31 34 31 20 24 30 20 22 27 20 36 37 20 38 39 39 33 23 27 22 21 32 21 39 20 28 26 20 29 21 39 20 21 23 21 21 20 20 32 38 27 35 37 22 22 20 23
internal_value=-3.29188e-05 -0.000712617 0.00027689 -0.000566572 0.000784983 0.000517928 -0.00186275 0 -0.00262295 0.00238095 -0.002375 -0.00146067 0.000764045 0.00112805 -0.00025641 -0.0011875 0.00143836 0.00165441 0.00108911 0.000289256 -0.00140351 0.000334821 0.000903226 0 -0.00141509 -0.000942029 -0.000136986 0.000346535 -0.00122222 0.00109756 0.00182927 0.000102041 -0.00214286 0.00229508 -0.000403226 0.000853659 0.00214286 0.00228395 0.00119048 -0.00238806 -0.00319149 0.00328571 -0.00352113 -9.20245e-05 -0.00034965 0 -0.000617284 -0.00136364 -0.001375 0.00383721
internal_weight=1367 428 939 353 586 502 204 44 61 84 160 89 445 328 117 80 292 272 202 121 57 224 155 94 53 69 292 202 90 82 41 49 42 61 62 41 49 81 42 67 47 70 71 163 143 116 81 44 40 43
internal_count=1367 428 939 353 586 502 204 44 61 84 160 89 445 328 117 80 292 272 202 121 57 224 155 94 53 69 292 202 90 82 41 49 42 61 62 41 49 81 42 67 47 70 71 163 143 116 81 44 40 43
is_linear=0
shrinkage=0.005


Tree=3
num_leaves=52
num_cat=0
split_feature=69 2 69 42 62 21 77 23 70 80 30 69 38 31 41 77 24 16 23 77 38 33 20 6 31 24 7 41 75 7 23 16 93 89 38 16 17 24 21 17 46 36 6 41 89 37 32 14 19 19 7
split_gain=15.996 20.8333 18.2232 14.6839 16.1486 13.1172 10.2472 8.04538 11.549 7.63089 8.5952 7.6223 9.61 9.58337 9.11047 6.95324 8.82142 7.05907 5.76475 5.47597 5.30662 6.7313 5.21525 11.0652 6.34391 6.64306 5.12124 5.08621 5.02163 5.01372 7.3784 7.96528 9.27447 6.34602 6.2941 5.59755 9.58968 7.14008 5.09482 5.08804 4.83278 4.82143 4.27577 3.78605 3.48718 3.27468 3.24265 3.025 2.69551 2.5 2.35875
threshold=23853.150000000005 2577.1500000000005 32321.500000000004 350.25000000000006 1462.7080000000003 29.875000000000004 3899.0406976205813 95.750000000000014 1101.3500000000001 27697.011805555561 61.750000000000007 34567.400000000009 5.5250000000000012 6.7750000000000012 57.250000000000007 4408.7584068399674 11.275000000000002 6019.0500000000011 99.750000000000014 3793.522062631509 5.2750000000000012 59.250000000000007 447.65000000000003 5328.170000000001 2.8250000000000006 15.875000000000002 345.40000000000003 85.750000000000014 495.30271142974146 1835.1250000000002 98.750000000000014 6007.8000000000011 416.0884815078237 1342.5328312500001 4.6250000000000009 5566.7500000000009 78.750000000000014 7.7750000000000012 25.225000000000005 189.45000000000002 96.625000000000014 87.250000000000014 4513.8250000000016 87.250000000000014 1559.57855625 83.250000000000014 130.00000000000003 13217.900000000001 1155.1500000000003 1733.0500000000002 31.790000000000003
decision_type=2 2 2 2 2 2 2 2 2 2 2 2 2 2 2 2 2 2 2 2 2 2 2 2 2 2 2 2 2 2 2 2 2 2 2 2 2 2 2 2 2 2 2 2 2 2 2 2 2 2 2
left_child=19 2 6 4 5 15 7 9 -9 -2 -11 13 -13 27 49 22 17 41 45 -1 -16 -22 23 -3 26 29 -24 46 -19 30 35 34 44 -31 -32 38 -37 -38 -26 -35 -20 -17 -4 -5 -33 -8 -6 -23 -36 -15 -18
right_child=1 3 42 43 11 -7 18 8 -10 10 -12 12 -14 14 20 16 50 28 40 -21 21 47 24 -25 25 -27 -28 -29 -30 33 31 32 -34 39 48 36 37 -39 -40 -41 -42 -43 -44 -45 -46 -47 -48 -49 -50 -51 -52
leaf_value=0.0034292067110565489 -6.3795494121500457e-06 7.7554291701407786e-06 -0.0026522830024595374 0.001305091982956085 0.001166407130395375 0.00094453449883911522 -0.00093540272239656303 -0.00082870693633973135 3.7458124963345362e-05 0.00010165234252923635 0.00093686371288010859 -0.00085797574662184342 1.2579160851705819e-06 -0.00027236506189613042 0.00043173502926724004 -2.1151474430807867e-06 -0.001942277621024991 0 -0.0018994593803521584 1.9087181975628482e-08 -0.00013840913370566734 2.0024851322656106e-06 0.00074210230758217817 -0.00072820078529575835 0.00017847925592674876 7.7863825310487317e-10 0 1.7202930990606547e-08 1.058115065097809e-08 0 0 0 7.7863825310487317e-10 1.7036739458785159e-05 -0.0017168821075358026 -8.0494403313304075e-06 -5.9021954983472826e-07 2.2088931532623242e-06 0 0 1.0242586949854743e-06 -0.00062960532622922038 -0.00028170224517537284 4.437679580878467e-07 -0.00070040102771696177 -0.00027351966626569627 0.0014978198114141356 0.00041464931146753428 -0.00031621745369095241 -1.0363995871537916e-06 -0.00081404201666063203
leaf_weight=39 30 31 33 27 36 30 20 39 38 23 29 20 25 20 30 28 20 27 20 20 28 20 20 37 32 21 26 21 20 28 21 26 37 20 26 31 22 29 25 21 26 20 38 21 25 22 32 20 24 20 23
leaf_count=39 30 31 33 27 36 30 20 39 38 23 29 20 25 20 30 28 20 27 20 20 28 20 20 37 32 21 26 21 20 28 21 26 37 20 26 31 22 29 25 21 26 20 38 21 25 22 32 20 24 20 23
internal_value=8.04682e-05 -3.44037e-05 -0.0011478 0.000323232 0.000185775 -0.000231343 -0.000506073 0.000251572 -0.000909091 0.00134146 0.0025 0.00121324 -0.000666667 0.0015859 0.00076087 -0.000382813 -0.00137681 -0.000526316 -0.001875 0.00262712 0.00158163 0.000808824 -0.000109562 -0.00139706 9.21659e-05 -0.000115979 0.00184783 0.00286517 0.000851064 -0.00027248 -0.000553691 -0.00128931 -0.000284091 0.000942029 -0.00253521 0.00028777 -0.00054878 0.000784314 0.00149123 0.00219512 -0.000652174 -0.001875 -0.00338028 0.00302083 -0.00166667 -0.00321429 0.00352941 0.002125 -0.0035 -0.00125 -0.00325581
internal_weight=1367 1308 318 990 942 670 247 159 77 82 52 272 45 227 138 640 138 95 88 59 98 68 502 68 434 388 46 89 47 367 298 159 88 69 71 139 82 51 57 41 46 48 71 48 51 42 68 40 50 40 43
internal_count=1367 1308 318 990 942 670 247 159 77 82 52 272 45 227 138 640 138 95 88 59 98 68 502 68 434 388 46 89 47 367 298 159 88 69 71 139 82 51 57 41 46 48 71 48 51 42 68 40 50 40 43
is_linear=0
shrinkage=0.005


Tree=4
num_leaves=56
num_cat=0
split_feature=6 60 26 68 45 93 17 68 81 60 22 17 17 23 93 57 17 4 81 22 3 6 22 38 64 93 100 26 68 80 43 23 43 38 38 66 24 80 43 83 56 42 44 96 22 87 43 43 80 26 7 17 33 44 60
split_gain=13.2047 13.7089 12.6909 9.98218 15.2832 15.8165 11.4239 9.91278 9.42844 9.29969 9.18336 10.423 8.92181 9.27028 11.2281 9.98218 8.22809 7.97669 7.3795 7.31948 7.17048 7.14671 6.91765 9.49067 6.79193 6.67442 6.57118 6.29365 6.22504 9.03327 6.1303 6.0915 7.18022 6.02429 5.97432 6.99107 8.59131 5.76932 5.33333 5.28201 5.16071 4.74113 4.62222 4.61596 4.26136 4.18147 3.93135 3.66545 3.6 3.0303 4.60909 2.96077 2.48766 2.34617 1.6
threshold=3077.3250000000003 1499.4500000000003 169.75000000000003 834.05400000000009 23062.000000000004 421.82539473684216 36.850000000000001 1533.9000000000003 4672.9772922324728 802.66750000000013 91.750000000000014 143.00000000000003 240.35000000000002 99.250000000000014 416.47193812233292 -0.56174490092936669 153.55000000000004 11072.195000000002 4413.493523319813 65.250000000000014 13544.000000000002 5946.295000000001 89.750000000000014 11.675000000000002 1.0155000000000001 414.67855263157895 0.82291666666666674 32.750000000000007 0.10200000000000002 39340.011458333342 73.024997711181655 47.250000000000007 85.885002136230483 4.2750000000000012 8.9750000000000014 1348.6445000000001 6.9750000000000005 33261.520833333336 78.634998321533217 2476.4499999999994 -1.0000000180025095e-35 139.87500000000003 2.5159999132156377 1.0000000180025095e-35 88.750000000000014 0.13541666666666671 84.735000610351577 82.329998016357436 29534.145138888893 30.250000000000004 20.815000000000005 196.50000000000003 143.25000000000003 2.5779999494552617 1.0160000000000002
decision_type=2 2 2 2 2 2 2 2 2 2 2 2 2 2 2 2 2 2 2 2 2 2 2 2 2 2 2 2 2 2 2 2 2 2 2 2 2 2 2 2 2 2 2 2 2 2 2 2 2 2 2 2 2 2 2
left_child=8 2 3 6 9 12 30 19 10 54 11 40 13 15 17 -6 -13 45 24 -3 47 -8 23 31 -17 -24 28 -7 29 42 44 -9 -33 -22 35 36 -11 -18 -12 49 -1 -27 -23 51 -2 -15 53 -21 -32 50 -35 -30 -44 -45 -5
right_child=1 7 -4 4 5 27 21 22 -10 34 38 16 -14 14 -16 18 37 -19 -20 20 33 26 25 -25 -26 41 -28 -29 43 -31 48 32 -34 39 -36 -37 -38 -39 -40 -41 -42 -43 52 46 -46 -47 -48 -49 -50 -51 -52 -53 -54 -55 -56
leaf_value=-0.00020255059720027872 0.00032337780303956043 -4.8158684991586163e-06 0.0021222852978322292 -0.015801211065560764 0.0010259862192903133 -0.0010848548385189018 -1.2136786096385914e-06 7.0004761948237438e-06 -0.0012507191692632219 -0.00098212805071196943 -0.00044764712071791946 3.24442745391233e-06 5.2800917421870043e-05 -0.0006824434055823531 0.00064234233929872904 -8.0502189695835126e-06 1.9549777256911626e-07 0 0.00017111079122952673 0.0018106065931622548 -8.8387676354306512e-07 0 0.00034567370710505968 3.8392577939865837e-06 4.8685878985840828e-06 -2.1936899611654308e-06 4.2547297586684378e-05 -0.001426020869344517 -8.5183697293925796e-08 0 0.0012948275110318084 -2.2505383674564286e-06 -0.0014533840608365262 0.0012623529010981768 -0.0025300466946490321 -0.00080994537141945017 0.00038639293304620404 -9.7494069568458357e-06 5.3510103773303098e-06 1.2420960653634289e-05 -8.52557907767146e-05 0.0005355807022563295 2.9510977491736416e-09 0 -4.3341314955099945e-06 -0.0017781780239857175 -1.1044465766311621e-08 0.00012666293201164707 0.00060331177308414828 0.0037891461820261565 0.00062103487854218162 -1.3180629990164663e-05 3.8227699101417327e-06 3.5020051385848088e-06 -0.0034357873093704538
leaf_weight=28 20 20 24 20 20 26 30 22 26 21 24 23 22 31 20 21 30 20 35 28 37 20 26 20 25 22 20 20 23 33 20 39 21 24 31 23 38 26 24 30 28 20 23 20 24 25 27 22 20 22 20 20 22 21 20
leaf_count=28 20 20 24 20 20 26 30 22 26 21 24 23 22 31 20 21 30 20 35 28 37 20 26 20 25 22 20 20 23 33 20 39 21 24 31 23 38 26 24 30 28 20 23 20 24 25 27 22 20 22 20 20 22 21 20
internal_value=0.000128018 0.000336788 -3.82166e-05 -0.000151117 -0.000669856 5.66038e-05 0.00048105 0.00112601 -0.00102871 -0.0019281 -0.000628415 -0.0012963 0.000616438 0.000279188 -0.000833333 0.00133663 -0.000126582 -0.00171053 0.000555556 0.00187192 0.00218579 -3.861e-05 0.000235294 -0.000588235 -0.00076087 0.00147059 0.000262009 -0.0026087 0 0.000918367 0.00208333 -0.00134146 -0.00216667 0.00157895 -0.00119469 -0.000487805 0.000423729 -0.00116071 0.00125 0.00223958 -0.00294643 0.000238095 0.002 -0.000810811 0.000795455 -0.00267857 0 0.0038 0.0035 0.0030303 0.00227273 -0.00209302 0.00288889 0.00097561 -0.004
internal_weight=1367 1158 785 761 418 265 343 373 209 153 183 135 219 197 96 101 79 76 81 203 183 259 170 102 46 68 229 46 209 98 84 82 60 133 113 82 59 56 48 96 56 42 65 111 44 56 68 50 40 66 44 43 45 41 40
internal_count=1367 1158 785 761 418 265 343 373 209 153 183 135 219 197 96 101 79 76 81 203 183 259 170 102 46 68 229 46 209 98 84 82 60 133 113 82 59 56 48 96 56 42 65 111 44 56 68 50 40 66 44 43 45 41 40
is_linear=0
shrinkage=0.005


Tree=5
num_leaves=54
num_cat=0
split_feature=64 72 46 35 43 91 69 69 27 69 74 72 81 25 91 5 4 81 82 3 69 69 1 77 67 77 77 46 76 21 37 0 72 1 39 31 3 1 41 46 94 80 25 72 77 83 67 69 69 3 41 3 3
split_gain=20.6354 15.7962 17.8544 14.3425 12.9473 12.1156 11.8709 10.4347 9.86687 9.54741 9.21187 9.62225 9.15577 8.85233 10.6667 8.19869 12.8 7.71429 7.34291 7.6735 7.28471 9.18777 7.08923 6.88095 6.56364 6.53333 8.33333 6.23602 6.89215 6.19667 5.77213 5.69524 7.23238 5.95384 5.69414 7.80375 10.2667 5.82165 5.64881 5.46403 5.00075 4.1806 4.03139 4.40348 3.6 3.42857 3.25131 3.17456 3.12233 1.8087 1.75043 0.9 0.111111
threshold=1129.1120000000003 931.14900000000011 101.00500106811525 26.325000000000006 72.70999908447267 30694.413400000001 30745.100000000002 29359.050000000007 34.750000000000007 31308.400000000005 947.50432291666687 1454.9000000000003 4348.520684865869 211.75000000000003 28172.129700000001 4913.5150000000003 3701.4250000000006 4114.9914167279494 -1.0000000180025095e-35 14449.750000000002 30657.700000000004 37062.05000000001 15057.400000000001 4257.6255343782132 27599.850000000002 4366.6675180950278 3870.1510449251396 105.22500228881837 35515.42395833334 28.225000000000005 50.250000000000007 30361.100000000002 926.60550000000012 13354.800000000001 127.25000000000001 11.225000000000001 13825.383500000002 16173.555500000002 88.750000000000014 98.639999389648452 720329.63218187529 30063.291319444445 83.750000000000014 1509.0000000000002 3906.0113154911 2116.9000000000001 35546.500000000007 28887.100000000002 35559.600000000006 13223.100000000002 85.750000000000014 14540.700000000003 14213.900000000003
decision_type=2 2 2 2 2 2 2 2 2 2 2 2 2 2 2 2 2 2 2 2 2 2 2 2 2 2 2 2 2 2 2 2 2 2 2 2 2 2 2 2 2 2 2 2 2 2 2 2 2 2 2 2 2
left_child=1 5 30 4 45 13 31 -4 -9 39 -8 12 -12 18 -15 16 25 -13 19 24 -7 27 -10 51 -1 26 -11 28 -22 38 -3 32 -6 44 -20 36 -36 -38 -23 -5 -26 -33 -17 -44 -34 -2 -30 -32 -48 -41 52 -19 -49
right_child=3 2 7 9 6 20 10 8 22 15 11 17 -14 14 -16 42 -18 23 34 -21 21 29 -24 -25 40 -27 -28 -29 46 -31 47 41 33 -35 35 -37 37 -39 -40 49 -42 -43 43 -45 -46 -47 48 50 -50 -51 -52 -53 -54
leaf_value=5.6531170836600425e-05 0.0013858202972597843 -0.0010411992718571841 0.00014262963223130346 0.00036976280312413256 0.0010499819681579017 7.3212295230133848e-06 -0.0014152920789964288 -0.0027294833656210005 -0.00019847714628713146 3.4429265955640597e-06 -6.9631112065312621e-05 1.5051456494078795e-06 0.0013130643861042268 0.0028839277949290758 4.2591848646962898e-10 1.6459604166890721e-06 -1.767077958994626e-05 -0.00068154763987194917 -8.3482109919997002e-06 1.5717433029226424e-06 -1.0608475391411972e-05 0 3.9377555112926532e-06 -6.7873205796521038e-05 -8.0092078851625016e-06 -1.825133206622992e-06 0.00026412088333425992 5.5222328831558108e-11 -8.4305319100618374e-09 -1.3425452895468376e-07 -0.00040036703936034137 0.00085006667539487481 0.0003250048972332457 -0.0008748693800469992 0.00060761253626139846 5.6936747579100217e-06 -0.00037566909434481112 2.2227072769199734e-10 4.1794258305875985e-08 9.6475999453597924e-06 -1.6750324485335418e-05 2.2066382880582964e-05 0.0015058581137134637 1.4134897341285473e-06 -0.00011115298714099348 0.00036721606344420179 -1.4678074330743187e-07 -0.03069394747801622 -5.2905753254890451e-11 0.002410943245261336 -0.0006208899864278422 -6.3021168355767226e-05 -0.0019387942390645585
leaf_weight=20 21 31 20 20 26 26 37 24 36 28 20 30 32 27 27 25 28 20 24 26 23 29 39 35 21 21 21 25 25 20 29 23 20 31 35 22 22 20 26 20 23 26 24 23 20 21 38 25 23 26 20 20 20
leaf_count=20 21 31 20 20 26 26 37 24 36 28 20 30 32 27 27 25 28 20 24 26 23 29 39 35 21 21 21 25 25 20 29 23 20 31 35 22 22 20 26 20 23 26 24 23 20 21 38 25 23 26 20 20 20
internal_value=-7.69795e-05 -0.000636729 -0.00168033 0.000598706 0 -0.000129482 -0.000323529 -0.000294118 -0.000959596 0.0015678 -0.00113402 -0.000605096 0.00115385 0.000599251 0.00240741 0.000941176 0 -0.00147619 0.000140845 -0.000944444 -0.000957447 -0.00126794 -6.66667e-05 -0.00233333 -0.001875 0.00114286 0.00214286 -0.00205224 -0.00256881 0.000133333 -0.003 0.000753425 5.15464e-05 -0.000774648 0.000934959 0.00146465 0.000714286 -0.000952381 0.001 0.00318182 -0.00295455 0.00214286 0.00222222 0.00308511 0.0005 0.00261905 -0.0019186 -0.00361702 -0.00254098 0.00413043 -0.00423077 -0.00375 -0.00477778
internal_weight=1364 746 244 618 382 502 340 119 99 236 194 157 52 267 54 170 98 105 213 90 235 209 75 75 64 70 49 134 109 75 125 146 97 71 123 99 77 42 55 66 44 49 72 47 40 42 86 94 61 46 65 40 45
internal_count=1364 746 244 618 382 502 340 119 99 236 194 157 52 267 54 170 98 105 213 90 235 209 75 75 64 70 49 134 109 75 125 146 97 71 123 99 77 42 55 66 44 49 72 47 40 42 86 94 61 46 65 40 45
is_linear=0
shrinkage=0.005


Tree=6
num_leaves=53
num_cat=0
split_feature=70 69 65 77 23 80 26 90 8 46 34 67 33 4 13 60 16 36 68 64 90 4 39 16 24 29 85 78 74 65 43 36 8 4 33 24 34 77 23 90 23 24 7 76 8 74 43 65 21 24 29 8
split_gain=17.4903 11.9551 12.334 10.6732 18.1433 11.2942 11.1108 12.7646 11.0487 8.33011 8.23338 8.17986 11.6245 8.37202 10.7775 8.02877 7.8953 7.59382 7.26592 6.8339 8.6932 6.70723 6.57406 10.3611 9.12507 6.85056 6.56661 6.7201 6.25313 8.55929 6.3873 6.22187 6.30806 5.6633 5.63696 5.44438 5.27861 4.90848 4.81333 4.81185 8.4 4.7915 8.16793 4.47109 4.46377 4.19235 3.13213 2.91505 2.70941 2.56 2.5 1.89394
threshold=1500.1820000000002 30745.100000000002 28061.600000000002 3665.1051488296698 62.250000000000007 32981.634375000001 94.750000000000014 1322.4424500000002 392.9500000000001 105.82500076293947 99.250000000000014 31928.300000000007 46.250000000000007 4392.6500000000005 3952.8000000000006 905.63250000000005 5676.9000000000005 89.250000000000014 1103.6000000000001 1129.1120000000003 2154.40155 4512.920000000001 114.25000000000001 5292.2000000000007 8.8750000000000018 85.250000000000014 1584.4715000000003 895.12146180555567 1288.9465312500004 29628.100000000002 85.885002136230483 85.750000000000014 417.52342717717721 9575.8050000000021 99.000000000000014 6.6750000000000016 78.750000000000014 3891.7693806052725 99.750000000000014 2415.1648500000006 91.250000000000014 8.4250000000000025 127.22500000000001 38127.958333333336 414.46342105263165 1172.0361875000001 79.895000457763686 32396.300000000003 20.575000000000006 8.2250000000000014 89.250000000000014 415.82210526315794
decision_type=2 2 2 2 2 2 2 2 2 2 2 2 2 2 2 2 2 2 2 2 2 2 2 2 2 2 2 2 2 2 2 2 2 2 2 2 2 2 2 2 2 2 2 2 2 2 2 2 2 2 2 2
left_child=3 28 48 4 18 17 7 41 -6 26 22 12 -4 16 -15 39 -13 19 49 20 21 -5 -10 33 35 -26 27 31 -2 30 46 32 -9 -24 -12 -25 50 -21 -14 40 -8 42 -7 -28 -33 -39 -30 -43 -3 -1 -18 -19
right_child=1 2 11 5 8 6 15 9 10 -11 34 13 38 14 -16 -17 36 51 -20 37 -22 -23 23 24 25 -27 43 -29 29 -31 -32 44 -34 -35 -36 -37 -38 45 -40 -41 -42 47 -44 -45 -46 -47 -48 -49 -50 -51 -52 -53
leaf_value=0.00051894836938936966 0.0011291033581732968 -0.00078722963744997764 -8.7468191395830361e-05 -0.0019150330699753098 -0.015872060797695646 -0.0007321606690569015 -1.062496038821035e-06 2.3759453447128491e-06 -0.00023515449901831374 -1.1041967133496551e-05 -0.00041424795067660235 0.00032935973395203905 0.0012467128665510448 -0.00071542358969144408 3.0067517301724853e-07 6.7127264477341878e-10 -0.00011529607075352572 -0.001507991788955957 2.0712883408977554e-06 0.00020052891088136778 -0.029229733814845466 3.8167032068016329e-05 0.0002227548358781524 -7.1197389941192657e-08 -3.1752001210313512e-08 0.0017300429811706892 0.0001672171745920721 -1.2123642898810298e-05 1.0948811101033291e-05 0.0015832794852061688 0.00036021139837169293 -2.1230501614731915e-07 2.1536658343948573e-06 0.0039089899627751121 2.6511864138524234e-08 -0.00011510031342470124 3.6404332415075304e-06 -0.00073904644371067013 5.5623736365864509e-06 -2.5606212438495691e-06 4.2378889403728086e-10 -0.001065935834519551 2.1461686186020594e-08 1.3570893276995912e-06 3.4891554989965665e-07 3.2213628402342828e-05 -8.4145326695482856e-06 -6.1735653956430966e-07 -3.9661415935224749e-07 0.0089110217295474657 1.0913401584405043e-05 -8.045450384762077e-05
leaf_weight=25 35 21 24 34 26 26 35 22 26 29 29 30 30 20 33 29 20 24 37 20 21 37 32 31 39 27 31 24 21 26 27 23 21 22 24 24 29 21 20 22 21 27 29 20 21 26 23 20 20 20 20 20
leaf_count=25 35 21 24 34 26 26 35 22 26 29 29 30 30 20 33 29 20 24 37 20 21 37 32 31 39 27 31 24 21 26 27 23 21 22 24 24 29 21 20 22 21 27 29 20 21 26 23 20 20 20 20 20
internal_value=-6.59824e-05 0.000814536 0.000205993 -0.000430052 0.000248619 -0.000837479 -0.00035 0.000153584 -0.000357143 0.00091623 -3.93701e-05 0.000663717 0.00202703 0 -0.00160377 -0.00172897 0.000858586 -0.00179803 0.00231707 -0.00128931 -0.00217391 -0.00133803 0.000422886 0.000771429 -4.13223e-05 0.00121212 0.00135802 0.000675676 0.00204545 0.00139175 0.000492958 0.00132184 0.00267442 0.00259259 -0.00179245 -0.00154545 -7.24638e-05 -7.46269e-05 0.0034 -0.0025641 -0.00178571 -0.00127451 -0.000272727 0.00284314 0 -0.000957447 -0.000681818 -0.00244681 -0.00231707 0.00366667 -0.00125 -0.00363636
internal_weight=1364 399 267 965 362 603 400 293 280 191 254 226 74 152 53 107 99 203 82 159 92 71 201 175 121 66 162 111 132 97 71 87 43 54 53 55 69 67 50 78 56 102 55 51 44 47 44 47 41 45 40 44
internal_count=1364 399 267 965 362 603 400 293 280 191 254 226 74 152 53 107 99 203 82 159 92 71 201 175 121 66 162 111 132 97 71 87 43 54 53 55 69 67 50 78 56 102 55 51 44 47 44 47 41 45 40 44
is_linear=0
shrinkage=0.005


Tree=7
num_leaves=55
num_cat=0
split_feature=60 24 5 7 20 73 83 23 8 72 78 22 98 21 25 32 69 21 19 78 67 98 89 46 40 61 13 67 98 40 19 8 40 19 25 25 11 28 98 16 19 73 22 3 3 16 27 25 43 69 5 24 69 3
split_gain=14.2218 11.3946 12.7344 12.8822 10.4083 9.94734 9.53476 9.9887 10.5107 10.053 11.6502 9.00916 8.49865 14.6873 8.41801 7.93567 9.91029 9.78433 8.1873 11.397 7.75948 7.60323 10.6667 10.1954 9.10222 7.51838 9.49225 9.17472 7.40132 9.48009 7.35968 10.2964 7.27916 6.98182 6.8729 6.75 6.6518 6.5651 6.35353 6.0831 6.06515 6.4 4.78675 4.7619 6.09524 4.59013 4.53564 4.12208 3.11688 2.60999 1.75325 1.6 1.42091 0.1
threshold=1500.1820000000002 3.1250000000000004 3060.6700000000005 81.660000000000011 2178.4000000000005 0.15000000000000005 2116.9000000000001 69.750000000000014 394.44622747747752 938.20000000000016 960.61060763888906 71.250000000000014 0.093750000000000014 20.425000000000004 29.750000000000004 214.75000000000003 31508.550000000003 28.775000000000002 1047.6500000000003 683.98630902777791 36817.100000000013 0.12847222222222224 1227.0084937500001 104.88499832153322 109.75000000000001 26089.350000000002 2838.2000000000003 26965.100000000002 0.82638888888888895 116.75000000000001 919.00000000000011 404.05929365079368 115.75000000000001 793.90000000000009 58.250000000000007 188.25000000000003 37669.750000000007 21.675000000000004 0.57291666666666674 5788.1500000000005 773.55000000000007 899.63550000000009 85.250000000000014 15039.500000000002 14418.100000000002 6573.3500000000013 92.750000000000014 89.250000000000014 75.849998474121108 32159.950000000001 4989.9000000000005 7.625 31372.200000000001 14314.6
decision_type=2 2 2 2 2 2 2 2 2 2 2 2 2 2 2 2 2 2 2 2 2 2 2 2 2 2 2 2 2 2 2 2 2 2 2 2 2 2 2 2 2 2 2 2 2 2 2 2 2 2 2 2 2 2
left_child=4 -2 42 11 5 20 7 9 -9 33 -11 -4 48 37 -5 32 -17 18 19 -18 21 24 -23 -24 51 27 -27 -10 39 -30 31 -28 40 -7 -16 -22 38 -14 -36 53 52 -42 -3 44 -41 -26 -32 -44 -6 -39 -45 -1 -8 -13
right_child=1 2 3 14 12 6 15 8 25 10 -12 28 13 -15 34 16 17 -19 -20 -21 35 22 23 -25 45 26 30 -29 29 -31 46 -33 -34 -35 36 -37 -38 49 -40 43 41 -43 47 50 -46 -47 -48 -49 -50 -51 -52 -53 -54 -55
leaf_value=4.4556791279845392e-06 -9.7369846421392549e-06 3.1927885174574104e-06 -0.00011352144858900687 -0.00072824959036003336 -4.1451937249974471e-07 0.0025666290331084942 -0.0019608436643822041 -0.028525169987849753 0.00030518933319539552 -0.00096297191485843149 0.00087399640234360585 0.0018269222423073711 -5.5205242160437227e-07 1.2164131055014892e-05 0.0011451850194193131 0.00042430284453038724 -1.712481341124538e-05 -1.5673075730975565e-05 2.29778541972134e-06 3.1479195872439378e-06 1.3239912932404857e-09 -2.0474705049487865e-05 -3.2462967523090514e-08 7.3165579476299642e-06 -1.1755293788642233e-06 0.00065369749754198131 0.00017236730328736965 -0.0029685189131920414 -2.2139583306382835e-06 3.5712907659625321e-06 -7.0841402991486695e-08 -0.00060961557899300207 1.0304122953811681e-06 4.057119061102482e-08 0.00063903913724202904 -1.8291395494498501e-06 -1.2493624217718575e-05 -0.00097811308447961652 -1.9009489702505901e-06 0.0012956477986479701 -0.00037021873866805539 1.7362737950191596e-06 -5.3997908365438474e-06 0.0016861672926324024 -4.0629784431942905e-06 1.9043205083983537e-06 7.3756859746625781e-07 -2.9312504564781743e-06 -0.0025588230320848838 -0.0033427457314974041 0.0015433813085625398 0.00030728022848805345 -0.0012544689323509498 0.0013078449481215232
leaf_weight=20 25 27 22 36 22 24 24 23 20 20 22 20 24 24 29 35 23 33 31 33 24 25 26 24 22 32 28 23 28 23 39 32 28 20 23 24 39 20 24 21 20 20 20 20 21 28 25 22 20 21 22 20 23 20
leaf_count=20 25 27 22 36 22 24 24 23 20 20 22 20 24 24 29 35 23 33 31 33 24 25 26 24 22 32 28 23 28 23 39 32 28 20 23 24 39 20 24 21 20 20 20 20 21 28 25 22 20 21 22 20 23 20
internal_value=-5.8651e-05 0.000678733 0.0008753 0.00126437 -0.000412148 -0.000195954 -0.000536332 6.49351e-05 -0.000495495 0.00151163 -0.000238095 0.0021066 -0.00171756 -0.000842697 0.000165563 -0.00122222 -0.000483871 -0.00116667 -0.000287356 -0.00142857 0.0007277 0.00124242 6.66667e-05 0.0014 0.00222222 -0.000125628 0.000384615 -0.00197674 0.00248571 0.000882353 -0.000241935 -0.0015 -0.00221739 0.00318182 0.000826087 -0.00104167 0.000116279 -0.00207692 0.00138298 0.00314516 -0.00293103 -0.0015 -0.00108696 0.00238095 0.00119048 0.0008 0.0009375 -0.00214286 -0.00357143 -0.00329268 0.00357143 0.004 -0.00414894 0.00475
internal_weight=1364 442 417 348 922 791 578 308 222 86 42 197 131 89 151 270 155 120 87 56 213 165 75 50 90 199 156 43 175 51 124 60 115 44 115 48 86 65 47 124 87 40 69 84 42 50 64 42 42 41 42 40 47 40
internal_count=1364 442 417 348 922 791 578 308 222 86 42 197 131 89 151 270 155 120 87 56 213 165 75 50 90 199 156 43 175 51 124 60 115 44 115 48 86 65 47 124 87 40 69 84 42 50 64 42 42 41 42 40 47 40
is_linear=0
shrinkage=0.005


Tree=8
num_leaves=54
num_cat=0
split_feature=22 25 64 46 35 30 72 17 7 31 5 24 22 8 74 31 64 62 41 78 79 88 68 69 74 6 62 97 34 8 41 31 1 78 17 65 46 78 73 29 24 24 24 7 21 69 21 83 6 24 46 3 5
split_gain=13.0331 13.9147 13.768 16.4835 14.5703 11.6634 12.5904 18.8547 11.5323 9.5805 8.36729 11.0909 10.7756 8.2668 8.24071 7.52393 8.85424 7.23481 6.58954 9.26446 7.14799 8.06075 6.37911 7.95978 10.1041 6.29814 6.15534 5.88152 5.55299 5.5223 5.19333 5.18231 5.13765 5.09665 5.68052 5.00837 4.81837 4.66667 4.53704 4.4927 4.35981 4.06681 7.05531 4.04168 6.4 3.40027 3.34545 3.31034 2.80358 2.77778 2.72727 2.49537 1.53462
threshold=77.750000000000014 29.250000000000004 1129.1120000000003 104.5550003051758 26.225000000000005 6.7500000000000009 872.16300000000012 126.25000000000001 70.870000000000019 5.5250000000000012 2959.4250000000006 3.3250000000000006 85.250000000000014 416.63022048364161 613.90860416666681 6.0250000000000012 0.75000000000000011 1306.6000000000001 68.750000000000014 834.68347569444461 542.75627527704341 5200.3677083333341 1509.9500000000003 31552.800000000003 1743.6928020833334 10556.265000000001 1487.2600000000002 0.072916666666666671 46.750000000000007 416.57000000000005 82.750000000000014 9.3250000000000011 13949.550000000001 552.26638194444456 227.10000000000005 28087.600000000002 107.95000076293947 930.31812500000012 1.0040000000000002 80.750000000000014 11.175000000000002 12.825000000000001 8.8750000000000018 175.60500000000005 27.675000000000004 34692.250000000007 25.125000000000004 2310.3000000000034 6260.4950000000008 12.825000000000001 105.45999908447267 14619.200000000003 4712.9900000000007
decision_type=2 2 2 2 2 2 2 2 2 2 2 2 2 2 2 2 2 2 2 2 2 2 2 2 2 2 2 2 2 2 2 2 2 2 2 2 2 2 2 2 2 2 2 2 2 2 2 2 2 2 2 2 2
left_child=1 38 3 5 36 -2 7 9 10 14 12 -12 -4 31 25 27 -17 -10 20 -20 21 -3 30 -24 45 -7 -19 47 -28 33 32 41 40 50 -35 -30 -5 -33 -1 -21 -13 42 46 44 -11 -25 -8 -9 -37 -40 -6 -14 -34
right_child=2 18 8 4 29 6 13 15 17 43 11 22 51 -15 -16 16 -18 26 19 39 -22 -23 23 24 -26 -27 28 -29 35 -31 -32 37 52 34 -36 48 -38 -39 49 -41 -42 -43 -44 -45 -46 -47 -48 -49 -50 -51 -52 -53 -54
leaf_value=-0.00089072944818988174 0.00028530373849256489 0.0010593193487304648 8.756175837755027e-06 -5.7963365503099582e-05 7.8849249735746487e-06 -6.9574090495642064e-08 -0.0037371171278541815 -8.4172537026865486e-07 0.00026667033836141305 -4.8457669006107244e-06 -2.9896289832642653e-06 1.0876210591698311e-05 -0.00015230685625549823 8.1745204134023251e-06 -1.8045244424952699e-06 2.1841866712852708e-06 -3.9045428930154447e-07 -0.00031136681363470783 1.1282712719530992e-06 -0.0012204162140350345 -1.2669173390281969e-05 -0.00018686505038179965 0.00062632468592721427 -0.0002625867595175227 3.5552957347504573e-06 7.606704485712151e-08 0.00067170590048685227 -4.8976905182839892e-06 -0.00072585809538665605 2.5875903332792057e-08 0.00090363191478276127 -0.0025951568904317092 0.0010884052128935036 -7.0123788825863035e-07 0.0011332108370919166 3.2498005320802467e-06 7.1899162981737318e-07 1.0435741434753828e-06 -0.00093529425593075948 -0.00013321179245169435 0.00073683448911438388 -0.0012847064344874615 -0.000226380499584641 4.6266675049251497e-05 0.015599842418268027 4.0494558416895348e-05 -0.0012030376178659779 -1.8610268607427952e-08 -3.8278047950753213e-06 -0.0019941651351864207 4.7941907409003223e-05 -1.1685416315974544e-07 0.0027549164387031346
leaf_weight=27 20 26 20 21 24 21 23 25 31 20 25 21 32 20 38 36 35 23 32 23 31 23 23 32 22 25 22 25 21 34 26 21 35 20 22 21 23 21 20 35 20 21 26 23 20 21 32 29 22 25 20 22 38
leaf_count=27 20 26 20 21 24 21 23 25 31 20 25 21 32 20 38 36 35 23 32 23 31 23 23 32 22 25 22 25 21 34 26 21 35 20 22 21 23 21 20 35 20 21 26 23 20 21 32 29 22 25 20 22 38
internal_value=-2.19941e-05 -0.00107438 0.000204991 -0.000271318 0.00109756 -0.000738046 -0.000900217 -0.000286195 0.000849057 0.000986395 0.00135015 0.00176806 -0.000135135 -0.0020122 -0.000119048 -0.00153333 -0.000352113 -0.000357143 -0.000294118 -0.00122222 0.00075 0.00193878 0.00210084 0.00112245 0.000333333 0.00130435 -0.000963303 -0.00259494 -0.000348837 0.002 0.00278571 -0.00243056 0.00324561 0.00267442 0.00142857 -0.00109375 -0.00136364 -0.000952381 -0.00291667 -0.00241379 0.00182927 -0.00303922 -0.00253086 0.00246032 0.0015 -0.000849057 -0.00354545 -0.00166667 -0.000116279 -0.00388889 0.00386364 -0.0012963 0.0040411
internal_weight=1364 242 1122 645 164 481 461 297 477 147 337 263 74 164 84 150 71 140 170 90 80 49 238 98 75 46 109 79 86 120 140 144 114 86 42 64 44 42 72 58 41 102 81 63 40 53 55 54 43 45 44 54 73
internal_count=1364 242 1122 645 164 481 461 297 477 147 337 263 74 164 84 150 71 140 170 90 80 49 238 98 75 46 109 79 86 120 140 144 114 86 42 64 44 42 72 58 41 102 81 63 40 53 55 54 43 45 44 54 73
is_linear=0
shrinkage=0.005


Tree=9
num_leaves=51
num_cat=0
split_feature=81 25 28 35 1 73 45 64 100 68 30 70 98 4 35 78 81 61 30 3 64 78 23 24 69 3 23 36 61 1 28 33 73 75 98 89 43 34 81 23 70 16 68 28 75 89 33 25 43 28
split_gain=11.3247 12.7796 12.2477 9.75563 8.91771 9.08883 14.5438 8.69272 10.0382 9.56075 9.40926 14.0292 8.61401 9.23027 9.81778 7.83012 7.65395 6.88883 7.43038 7.1254 6.86744 8.14631 7.21569 8.75155 8.93879 8.24567 7.10294 6.76046 6.4381 6.3282 6.26786 6.03175 7.79322 6.24011 6.0195 5.83686 6.64314 5.81275 6.6881 5.64731 6.34833 5.44438 5.38646 4.95238 4.78675 4.04666 4.15584 3.93195 2.66825 1.99481
threshold=3673.5697614134642 223.25000000000003 26.675000000000004 28.725000000000005 12788.493500000002 1.3660000000000003 23186.000000000004 1105.4000000000003 0.10069444444444446 1494.7 74.250000000000014 1372.9000000000003 0.45486111111111116 4392.6500000000005 26.225000000000005 1177.7423055555557 3921.3816844901007 31702.150000000005 99.750000000000014 13108.800000000001 0.75000000000000011 567.61035416666675 91.250000000000014 10.725000000000001 33443.55000000001 15901.815000000001 99.750000000000014 73.250000000000014 33930.900000000001 16792.596000000001 26.025000000000002 60.250000000000007 965.16150000000005 496.93563437902844 0.58680555555555569 1444.05421875 77.045001983642592 55.250000000000007 4211.4185644689669 81.250000000000014 971.05050000000017 5257.2000000000007 1033.6125000000002 22.725000000000005 504.67051009573669 827.92441874999997 80.750000000000014 126.75000000000001 81.625000000000014 27.875000000000004
decision_type=2 2 2 2 2 2 2 2 2 2 2 2 2 2 2 2 2 2 2 2 2 2 2 2 2 2 2 2 2 2 2 2 2 2 2 2 2 2 2 2 2 2 2 2 2 2 2 2 2 2
left_child=1 2 45 7 -4 41 -7 8 39 12 15 -12 31 34 -15 -11 44 19 -19 -13 22 29 28 24 -24 47 35 -5 -18 42 43 32 33 -9 -14 36 -23 -28 -39 -2 -41 -6 -22 -17 -10 -1 -47 -26 -33 -46
right_child=3 -3 4 27 5 6 -8 9 16 10 11 17 13 14 -16 30 20 18 -20 -21 21 26 23 -25 25 -27 37 -29 -30 -31 -32 48 -34 -35 -36 -37 -38 38 -40 40 -42 -43 -44 -45 49 46 -48 -49 -50 -51
leaf_value=3.6559609049890877e-05 -4.7029264672623274e-07 0.0020925535722000218 -0.0020841579772865747 -5.6815816615132073e-07 0.0018859799424331514 -0.0030321906696688218 3.6126139058898995e-06 0.0031236233520117243 -2.6895219247408457e-06 -4.0589125536387199e-06 -0.0013760145936737094 -0.00013033835556616258 -1.8594036106957273e-05 -0.0014399324418023869 4.0437713555764976e-07 3.6806455105219905e-06 9.5588306344016819e-07 -0.00051865555644247535 1.4511380280210099e-06 0.0002540666339288814 -2.1049694822046855e-07 4.3018304443708183e-06 -2.7398277714918429e-06 -1.4969280127267987e-06 3.5579903055889517e-06 -8.8079308018214596e-09 6.4414172189063989e-05 3.1330436956813483e-06 -1.1022414989772352e-06 -1.9230163134170945e-06 -1.4562889952585173e-06 0.00088957353031535072 -3.3425339289064162e-05 3.7018463560096192e-06 0.0011234854246074289 0.00031005850065354146 -2.7384337123650933e-05 -8.5980260485034943e-06 -0.00011721677748973059 -0.001904937418223785 -0.00039527739824868124 7.4428949109461245e-08 -0.0012228255158019091 0.00078422575402565793 0.00036565791482741475 0.00066867904095897302 0.0001529910304627278 1.453239703165109e-06 0.0011899203859952821 4.7011741992765845e-09
leaf_weight=21 21 38 20 20 24 27 23 27 27 27 37 20 22 20 25 28 20 36 37 36 32 21 26 37 22 23 20 37 28 26 32 24 36 32 35 24 30 20 28 27 26 31 21 24 22 35 20 28 21 20
leaf_count=21 21 38 20 20 24 27 23 27 27 27 37 20 22 20 25 28 20 36 37 36 32 21 26 37 22 23 20 37 28 26 32 24 36 32 35 24 30 20 28 27 26 31 21 24 22 35 20 28 21 20
internal_value=3.66569e-05 0.0010251 0.000522388 -0.000173333 -0.00044 0.000142857 -0.0014 -0.000280899 -0.00071949 0.000183044 -0.000451264 -0.00120482 0.000909091 -0.000196078 -0.00188889 0.000675676 -0.000452632 -0.000426357 -0.00143836 0.000892857 -0.000714286 -0.00130631 0 0.000588235 0.00136364 0.00226027 -0.000594406 0.00184211 -0.00166667 -0.00259494 0.00142857 0.00171429 0.001 0.00211864 0.00114035 0.000466667 -0.000490196 -0.00176471 -0.00270833 -0.00243243 -0.00330189 0.00154545 -0.00160377 0.0025 0.00108696 0.00210526 0.00281818 0.0034 0.00322222 0.00214286
internal_weight=1364 239 201 1125 125 105 50 1068 549 519 277 166 242 102 45 111 475 129 73 56 406 222 184 136 99 73 143 57 48 79 84 140 95 59 57 75 51 68 48 74 53 55 53 52 69 76 55 50 45 42
internal_count=1364 239 201 1125 125 105 50 1068 549 519 277 166 242 102 45 111 475 129 73 56 406 222 184 136 99 73 143 57 48 79 84 140 95 59 57 75 51 68 48 74 53 55 53 52 69 76 55 50 45 42
is_linear=0
shrinkage=0.005


Tree=10
num_leaves=53
num_cat=0
split_feature=68 71 22 37 23 37 90 42 0 20 31 91 23 91 7 0 37 62 66 26 93 77 86 40 93 93 73 39 3 91 0 71 39 40 88 20 67 77 24 37 46 62 42 62 43 43 70 20 90 39 24 42
split_gain=14.1999 20.0643 13.6915 11.7492 12.7883 10.6467 9.61705 10.0708 8.13896 8.9284 8.03235 7.62758 7.60871 7.52187 11.1249 9.14655 11.8161 9.91255 9.78307 8.73493 10.5125 11.2041 8.00677 7.54573 11.5238 7.13483 6.76624 6.63701 6.63048 6.28882 6.09404 5.92726 5.72181 6.05914 5.63976 5.44141 8.02003 5.36678 5.27666 5.18161 5.15454 4.94103 4.2767 4.22649 4.07152 3.89061 3.85333 3.6 3.20017 3.07302 2.5 2.48918
threshold=1398.6000000000001 1169.1900000000003 90.250000000000014 46.750000000000007 26.500000000000004 76.750000000000014 2278.5745500000007 119.20000076293947 34006.30000000001 1981.1000000000001 5.8250000000000011 25875.008762500005 79.250000000000014 30553.478087500003 1529.6650000000002 31059.000000000004 98.250000000000014 1175.6580000000001 645.71500000000003 96.250000000000014 414.2852631578948 4183.7506324684546 718.87650000000019 70.750000000000014 416.85402204836424 414.88486842105266 1.0955000000000001 172.75000000000003 10588.150000000001 28447.453518750004 34090.000000000007 1.1820000000000002 120.75000000000001 86.750000000000014 4671.8943750000008 884.6500000000002 32046.400000000005 4001.6695332754302 13.175000000000002 84.250000000000014 103.60499954223634 956.88600000000008 121.66500091552736 1.0005000000000002 81.880001068115249 83.904998779296889 979.58600000000013 1332.9000000000003 1459.0327500000003 170.75000000000003 8.9250000000000025 139.87500000000003
decision_type=2 2 2 2 2 2 2 2 2 2 2 2 2 2 2 2 2 2 2 2 2 2 2 2 2 2 2 2 2 2 2 2 2 2 2 2 2 2 2 2 2 2 2 2 2 2 2 2 2 2 2 2
left_child=3 11 8 35 26 6 7 30 9 38 -4 12 -2 14 15 16 17 18 -7 20 21 48 43 -22 -25 -14 42 -16 -18 44 -6 -21 -31 -34 -12 41 -37 -11 45 47 -38 -1 -5 50 -13 -3 -9 -35 -15 -47 -17 -36
right_child=1 2 10 4 5 13 -8 46 -10 37 34 29 25 19 27 22 28 -19 -20 31 23 -23 -24 24 -26 -27 -28 -29 -30 32 -32 -33 33 39 51 36 40 -39 -40 -41 -42 -43 -44 -45 -46 49 -48 -49 -50 -51 -52 -53
leaf_value=5.9542739592112957e-06 0.00019882921498565038 1.6412405454746657e-06 -4.8035236338131299e-06 -2.1942860546275374e-07 -8.1595219680418761e-07 1.4345859171498228e-05 -0.0019055785054137128 -0.00017708380236513451 3.5256104511068634e-06 0.00023997308748034904 3.1620837523599942e-06 -0.0021137371701427867 -0.0027792323281384985 -1.1510280843035017e-06 1.3435527233979809e-07 -3.3264760948944553e-08 -3.507151916566709e-07 0.0019427443154470413 -0.00040156151600530396 -1.3681597685163272e-06 5.5717938952335331e-06 8.9036210423974796e-08 -6.4782805863537729e-05 3.3874303939378121e-07 -2.9857228488048947e-06 1.5008403549795556e-05 0.0019417953596715988 3.8911371788373295e-05 -0.0014159910846370919 -0.00086429257281011782 3.6171469289049383e-06 -8.658142179085234e-08 3.6315417833345585e-06 -4.2922184703343596e-05 0.0003540194545722072 0.0021764943198651931 -4.9417273320629448e-06 -0.00024493944401620006 -0.0019093973889366584 -0.00061495610527559786 7.0740203700121292e-07 0.00082174146820371578 0.00027240170464419512 0.02925970684322074 -0.0012817575790418623 -4.9900703908108918e-05 -3.3161056536560789e-05 2.2604306709727971e-05 -3.2335848388814891e-06 -2.3307266771788517e-05 7.3959383335532919e-06 0.001282116807454966
leaf_weight=29 30 22 28 23 25 21 35 30 31 21 21 33 25 25 21 20 25 22 27 33 22 34 21 21 21 24 29 31 35 35 33 28 24 20 21 28 22 20 22 29 21 38 26 31 23 24 20 20 21 21 20 23
leaf_count=29 30 22 28 23 25 21 35 30 31 21 21 33 25 25 21 20 25 22 27 33 22 34 21 21 21 24 29 31 35 35 33 28 24 20 21 28 22 20 22 29 21 38 26 31 23 24 20 20 21 21 20 23
internal_value=3.69004e-06 -0.000647969 0.000354331 0.000405728 0.000142857 -9.6463e-05 -0.00129371 -0.000555556 -0.00052795 -0.00107692 0.00188172 -0.00161597 -0.000316456 0.00026096 0.00080292 0.000315315 -0.000538462 0.000857143 -0.000416667 -0.000463415 0.000208333 -0.001 0.00152174 0.00171875 0.00047619 -0.00153061 0.00205128 0.00288462 -0.00216667 -0.00217391 0.000862069 -0.00204918 -0.0015625 -0.000913978 0.00284615 0.00173913 0.000774648 0.000853659 -0.00196629 -0.00166667 -0.000581395 0.00276119 0.000918367 0.00232394 -0.00357143 -0.00126866 -0.0022 -0.0005 -0.0026087 -0.00211111 0.00125 0.00386364
internal_weight=1355 517 254 838 700 622 143 108 161 130 93 263 79 479 274 222 130 70 48 205 144 80 92 64 42 49 78 52 60 184 58 61 128 93 65 138 71 41 89 69 43 67 49 71 56 67 50 40 46 45 40 44
internal_count=1355 517 254 838 700 622 143 108 161 130 93 263 79 479 274 222 130 70 48 205 144 80 92 64 42 49 78 52 60 184 58 61 128 93 65 138 71 41 89 69 43 67 49 71 56 67 50 40 46 45 40 44
is_linear=0
shrinkage=0.005


end of trees

feature_importances:
wind_speed_hanoi=20
load_lag_336=20
cloud_cover_hanoi=17
hydro_spill_discharge_m3s=16
smp_north_lag_336=16
load_rolling_std_24h=16
load_south_mw=14
humidity_hanoi=14
brent_price=13
dxy_index=12
hydro_water_level_m=11
disp_solar_midday_mw=11
disp_wind_midday_mw=11
shortwave_radiation_hanoi=11
direct_radiation_hcmc=11
smp_rolling_mean_72h=11
load_total_mw=10
hydro_inflow_m3s=10
load_north_mw=9
disp_solar_evening_mw=9
direct_radiation_hanoi=9
smp_lag_50=9
smp_lag_336=9
smp_north_lag_48=9
load_rolling_mean_72h=9
solar_gen_proxy=9
hydro_depletion_index=9
spike_prob_72h=9
hydro_total_discharge_m3s=8
temperature_hanoi=8
smp_south_lag_336=8
load_rolling_std_72h=8
disp_wind_evening_mw=7
temperature_danang=7
wind_speed_danang=7
direct_radiation_danang=7
diffuse_radiation_hcmc=7
coal_proxy_price=7
smp_lag_49=7
hydro_plant_discharge_m3s=6
cloud_cover_hcmc=6
wind_speed_hcmc=6
shortwave_radiation_hcmc=6
smp_lag_48=6
load_lag_96=6
wind_gen_proxy=6
residual_load_proxy=6
disp_total_evening_mw=5
disp_hydro_midday_mw=5
cloud_cover_danang=5
temperature_hcmc=5
load_lag_50=5
smp_rolling_mean_24h=5
load_ramp_lag48=5
spike_prob_24h=5
disp_hydro_evening_mw=4
humidity_danang=4
diffuse_radiation_danang=4
humidity_hcmc=4
smp_rolling_std_24h=4
smp_yesterday_mean=4
hydro_discharge_rolling_24h=4
usd_vnd=3
sin_dow=3
load_lag_48=3
smp_south_lag_48=3
load_rolling_mean_24h=3
disp_total_midday_mw=2
diffuse_radiation_hanoi=2
shortwave_radiation_danang=2
gas_proxy_price=2
cos_month=2
smp_lag_96=2
is_zero=2
zero_prob_24h=2
zero_prob_72h=2
load_central_mw=1
is_pre_holiday=1
cos_dow=1
load_lag_49=1
smp_rolling_std_72h=1
price_spread_ns_lag48=1
smp_yesterday_max=1
smp_yesterday_min=1
smp_yesterday_zero_ratio=1
margin_temp_interaction=1
is_spike=1

parameters:
[boosting: gbdt]
[objective: regression_l1]
[metric: l1]
[tree_learner: serial]
[device_type: cpu]
[data_sample_strategy: bagging]
[data: ]
[valid: ]
[num_iterations: 3000]
[learning_rate: 0.005]
[num_leaves: 127]
[num_threads: -1]
[seed: 42]
[deterministic: 0]
[force_col_wise: 0]
[force_row_wise: 0]
[histogram_pool_size: -1]
[max_depth: -1]
[min_data_in_leaf: 20]
[min_sum_hessian_in_leaf: 0.001]
[bagging_fraction: 0.8]
[pos_bagging_fraction: 1]
[neg_bagging_fraction: 1]
[bagging_freq: 5]
[bagging_seed: 400]
[bagging_by_query: 0]
[feature_fraction: 0.5]
[feature_fraction_bynode: 1]
[feature_fraction_seed: 30056]
[extra_trees: 0]
[extra_seed: 12879]
[early_stopping_round: 0]
[early_stopping_min_delta: 0]
[first_metric_only: 0]
[max_delta_step: 0]
[lambda_l1: 0]
[lambda_l2: 0]
[linear_lambda: 0]
[min_gain_to_split: 0]
[drop_rate: 0.1]
[max_drop: 50]
[skip_drop: 0.5]
[xgboost_dart_mode: 0]
[uniform_drop: 0]
[drop_seed: 17869]
[top_rate: 0.2]
[other_rate: 0.1]
[min_data_per_group: 100]
[max_cat_threshold: 32]
[cat_l2: 10]
[cat_smooth: 10]
[max_cat_to_onehot: 4]
[top_k: 20]
[monotone_constraints: ]
[monotone_constraints_method: basic]
[monotone_penalty: 0]
[feature_contri: ]
[forcedsplits_filename: ]
[refit_decay_rate: 0.9]
[cegb_tradeoff: 1]
[cegb_penalty_split: 0]
[cegb_penalty_feature_lazy: ]
[cegb_penalty_feature_coupled: ]
[path_smooth: 0]
[interaction_constraints: ]
[verbosity: -1]
[saved_feature_importance_type: 0]
[use_quantized_grad: 0]
[num_grad_quant_bins: 4]
[quant_train_renew_leaf: 0]
[stochastic_rounding: 1]
[linear_tree: 0]
[max_bin: 255]
[max_bin_by_feature: ]
[min_data_in_bin: 3]
[bin_construct_sample_cnt: 200000]
[data_random_seed: 175]
[is_enable_sparse: 1]
[enable_bundle: 1]
[use_missing: 1]
[zero_as_missing: 0]
[feature_pre_filter: 1]
[pre_partition: 0]
[two_round: 0]
[header: 0]
[label_column: ]
[weight_column: ]
[group_column: ]
[ignore_column: ]
[categorical_feature: ]
[forcedbins_filename: ]
[precise_float_parser: 0]
[parser_config_file: ]
[objective_seed: 16083]
[num_class: 1]
[is_unbalance: 0]
[scale_pos_weight: 1]
[sigmoid: 1]
[boost_from_average: 1]
[reg_sqrt: 0]
[alpha: 0.9]
[fair_c: 1]
[poisson_max_delta_step: 0.7]
[tweedie_variance_power: 1.5]
[lambdarank_truncation_level: 30]
[lambdarank_norm: 1]
[label_gain: ]
[lambdarank_position_bias_regularization: 0]
[eval_at: ]
[multi_error_top_k: 1]
[auc_mu_weights: ]
[num_machines: 1]
[local_listen_port: 12400]
[time_out: 120]
[machine_list_filename: ]
[machines: ]
[gpu_platform_id: -1]
[gpu_device_id: -1]
[gpu_use_dp: 0]
[num_gpu: 1]

end of parameters

pandas_categorical:null
