tree
version=v4
num_class=1
num_tree_per_iteration=1
label_index=0
max_feature_idx=100
objective=regression_l1
feature_names=load_total_mw load_north_mw load_central_mw load_south_mw hydro_inflow_m3s hydro_total_discharge_m3s hydro_plant_discharge_m3s hydro_spill_discharge_m3s hydro_water_level_m disp_total_installed_mw disp_total_midday_mw disp_total_evening_mw disp_hydro_installed_mw disp_hydro_midday_mw disp_hydro_evening_mw disp_solar_installed_mw disp_solar_midday_mw disp_solar_evening_mw disp_wind_installed_mw disp_wind_midday_mw disp_wind_evening_mw temperature_hanoi humidity_hanoi cloud_cover_hanoi wind_speed_hanoi shortwave_radiation_hanoi direct_radiation_hanoi diffuse_radiation_hanoi temperature_danang humidity_danang cloud_cover_danang wind_speed_danang shortwave_radiation_danang direct_radiation_danang diffuse_radiation_danang temperature_hcmc humidity_hcmc cloud_cover_hcmc wind_speed_hcmc shortwave_radiation_hcmc direct_radiation_hcmc diffuse_radiation_hcmc coal_proxy_price brent_price gas_proxy_price usd_vnd dxy_index is_weekend is_workday is_holiday is_tet is_pre_holiday is_post_holiday season sin_hour cos_hour sin_dow cos_dow sin_month cos_month smp_lag_48 load_lag_48 smp_lag_49 load_lag_49 smp_lag_50 load_lag_50 smp_lag_96 load_lag_96 smp_lag_336 load_lag_336 smp_north_lag_48 smp_south_lag_48 smp_north_lag_336 smp_south_lag_336 smp_rolling_mean_24h smp_rolling_std_24h load_rolling_mean_24h load_rolling_std_24h smp_rolling_mean_72h smp_rolling_std_72h load_rolling_mean_72h load_rolling_std_72h price_spread_ns_lag48 load_ramp_lag48 smp_yesterday_mean smp_yesterday_max smp_yesterday_min smp_yesterday_zero_ratio hydro_discharge_rolling_24h solar_gen_proxy wind_gen_proxy residual_load_proxy thermal_margin_proxy hydro_depletion_index margin_temp_interaction is_spike is_zero spike_prob_24h spike_prob_72h zero_prob_24h zero_prob_72h
feature_infos=[16738.400000000001:43669.699999999997] [8141:23529.633000000002] [1030.2:4920.1390000000001] [6568.3000000000002:17620.469000000001] [-24696.790000000001:52718.32] [261.23000000000002:27182.77] [243.56999999999999:14362.75] [11.359999999999999:15398] [386.1925:23252.132105263157] none [14491.4:47673.900000000001] [19152.799999999999:47033.400000000001] none [-3952.3000000000002:18862.5] [6035.6999999999998:23435.200000000001] none [0:8134.5] [0:344.30000000000001] none [0:4273.1999999999998] [0:4263.3999999999996] [7.5:32.299999999999997] [31:99] [0:100] [0.55000000000000004:30.25] [3.5:282] [0:208.5] [3.5:150.5] [16.050000000000001:33.25] [52:99.5] [0:100] [0.80000000000000004:50] [7:306.5] [0:234] [7:146] [20.600000000000001:31.300000000000001] [56:98] [0:100] [0.5:24] [16:265] [0:198] [16:133.5] [63.700000762939453:438.35000610351562] [55.099998474121087:127.98000335693359] [1.5750000476837158:9.6800003051757795] [22394.345703125:26405] [89.639999389648438:114.11000061035156] [0:1] [0:1] [0:1] [0:1] [0:1] [0:1] [1:4] none none [-0.97492791218182362:0.97492791218182362] [-0.90096886790241903:1] [-1:1] [-1:1] [0:1778.5999999999999] [16738.400000000001:43669.699999999997] [0:1778.5999999999999] [16515.5:40602.099999999999] [0:1778.5999999999999] [15251.9:39424.300000000003] [0:1778.5999999999999] [16738.400000000001:43669.699999999997] [0:1778.5999999999999] [16738.400000000001:43669.699999999997] [0:1778.5999999999999] [0:1778.5999999999999] [0:1778.5999999999999] [0:1778.5999999999999] [0:1778.5999999999999] [0:869.78656539635756] [15840.402083333332:48300.345833333326] [1494.0634266859377:7412.3475695858406] [0.069944444444444434:1778.5999999999999] [0:822.68470809772941] [15990.384722222221:45267.230555555558] [2009.5728777065494:7328.5193476692311] [-1602.3:1778.5999999999999] [-2000.7000000000007:5250.3000000000029] [0:1778.5999999999999] [0:1778.5999999999999] [0:1778.5999999999999] [0:1] [919.52208333333328:41870.738333333335] [112.0236:1855.3908750000001] [124.17300000000002:5960.3040000000001] [13767.265887500002:40395.97834999999] [13155.821650000013:39784.534112499998] [386.1925:23252.132105263157] [371342.92174875003:1122197.6812312501] [0:1] [0:1] [0:1] [0:1] [0:1] [0:1]
tree_sizes=4239 4328

Tree=0
num_leaves=53
num_cat=0
split_feature=72 70 95 68 46 4 11 70 89 73 43 70 69 63 43 26 19 80 89 35 26 35 14 11 25 80 16 4 84 89 30 93 30 24 20 80 63 4 83 63 14 30 80 83 30 14 61 63 30 14 35 0
split_gain=37.234 23.1809 13.8377 10.5819 9.25526 10.6685 8.68361 7.86228 6.4225 8.10269 6.3707 7.35793 6.15502 6.46999 6.06668 6.0388 6.34133 7.61233 5.94971 5.6002 5.24538 5.21894 5.10744 5.09511 4.86671 6.61138 4.49167 3.92505 4.01457 3.90963 5.72434 3.68311 7.28553 3.45351 3.28017 3.11688 3.07428 3.9165 3.30439 2.84291 2.83522 2.54848 2.38689 2.03367 2.06426 1.90426 1.64181 1.25952 1.49827 1.04274 0.625 0.102439
threshold=1468.7855000000002 1502.0000000000002 1.0000000180025095e-35 895.92400000000009 103.00500106811525 2771.2300000000005 34578.650000000001 718.46600000000012 915.44285625000009 927.41050000000007 73.024997711181655 1093.2 30092.400000000005 32138.750000000004 76.139999389648452 114.25000000000001 564.40000000000009 29193.056250000005 876.93474375000017 25.475000000000005 69.750000000000014 26.775000000000002 17254.300000000003 37586.30000000001 90.250000000000014 35640.403819444451 5763.2000000000016 2571.4850000000006 1356.1047708333335 1521.0704437500001 85.250000000000014 411.066052631579 68.750000000000014 7.1250000000000009 1826.4000000000003 32040.735069444447 29454.650000000005 9490.3000000000011 1609.9499999999991 30288.150000000005 16014.600000000002 69.250000000000014 30539.098958333339 2019.8999999999999 94.750000000000014 21577.750000000004 37333.950000000004 33745.350000000013 99.250000000000014 19291.900000000005 26.475000000000005 30726.750000000004
decision_type=2 2 2 2 2 2 2 2 2 2 2 2 2 2 2 2 2 2 2 2 2 2 2 2 2 2 2 2 2 2 2 2 2 2 2 2 2 2 2 2 2 2 2 2 2 2 2 2 2 2 2 2
left_child=1 3 20 7 5 -5 -6 24 40 14 -9 50 26 18 -10 16 29 -18 -14 -8 27 -11 -21 -16 25 -1 -4 35 34 30 -7 41 -33 -19 51 -2 37 -26 -39 -38 -3 -20 -34 44 -41 46 47 48 -45 -35 -12 -29
right_child=2 8 12 4 6 15 19 10 9 21 11 -13 13 -15 23 -17 17 33 31 22 -22 -23 -24 -25 36 -27 -28 28 -30 -31 -32 32 42 49 -36 -37 39 38 -40 43 -42 -43 -44 45 -46 -47 -48 -49 -50 -51 -52 -53
leaf_value=-0.02894454836845398 -0.00089906867593526842 0.0012521504610776902 0.0002943752333521843 0.00029675479047000411 -0.00079009532928466799 0 0.0011898919939994812 0 0.0029775944352149965 -0.00068263979628682139 0.030568472146987914 0.00014515335205942393 -0.0004939988069236279 0 0.0021137207746505736 3.6936721880920232e-06 0.0001956353452987969 0 -0.00060742005705833441 0.00033288573846220973 0 0.00026623179204761984 0 0 0 0 0 -0.0021444066613912583 -0.00042120836675167087 -0.0031914567947387697 -0.0028490188717842104 0.00014973537996411325 0 0 -0.0013217800855636597 0 0 0 0.0008597970753908158 0 0.0024204660952091219 0 -2.8096990718040615e-07 0 0.0017328679561614991 0 0 0 0 -0.0034657359123229981 0.0036600334942340851 -0.0016594356298446655
leaf_weight=26 22 30 24 30 20 29 25 38 25 20 20 38 34 35 23 22 22 22 20 28 39 24 32 25 21 37 20 20 22 21 27 29 26 21 37 20 20 21 23 25 23 24 35 31 22 32 27 24 25 20 20 21
leaf_count=26 22 30 24 30 20 29 25 38 25 20 20 38 34 35 23 22 22 22 20 28 39 24 32 25 21 37 20 20 22 21 27 29 26 21 37 20 20 21 23 25 23 24 35 31 22 32 27 24 25 20 20 21
internal_value=7.31529e-06 0.00056443 -0.00121495 0.000195059 -0.000501567 -0.00109813 0.000714286 0.000688889 0.00223529 0.0015812 0.00181034 0.00262821 -0.000445344 -0.000812808 0.00260274 -0.00154891 -0.00188272 -0.000941176 -0.00122024 0.00141176 -0.00226519 -0.000113636 0.000583333 0.0015625 0.000299401 -0.000952381 0.00125 -0.00271127 -0.00325 -0.00292208 -0.00223214 -0.000746269 -0.000166667 -0.0018254 -0.00378205 -0.00142857 0.000590406 0.00153846 0.00238636 0.000291262 0.00367925 -0.00193182 -0.00114754 0.000483871 0.00138298 0.000179856 -0.000140187 -0.0005 -8.92857e-05 -0.00268293 0.004125 -0.0047561
internal_weight=1367 939 428 769 319 214 105 450 170 117 116 78 247 203 73 184 162 85 168 85 181 44 60 48 334 63 44 142 100 77 56 134 90 63 78 42 271 65 44 206 53 44 61 186 47 139 107 80 56 41 40 41
internal_count=1367 939 428 769 319 214 105 450 170 117 116 78 247 203 73 184 162 85 168 85 181 44 60 48 334 63 44 142 100 77 56 134 90 63 78 42 271 65 44 206 53 44 61 186 47 139 107 80 56 41 40 41
is_linear=0
shrinkage=0.005


Tree=1
num_leaves=53
num_cat=0
split_feature=72 95 60 0 5 96 82 82 72 72 4 82 66 19 94 64 8 5 13 19 22 10 29 33 16 60 19 10 24 78 33 77 24 40 90 77 82 74 24 56 98 40 14 77 13 64 3 41 16 97 24 1
split_gain=21.4279 19.4816 18.2937 12.5616 9.32069 7.90399 9.43967 9.4053 8.24022 7.28839 9.28626 8.39715 7.0529 7.00105 6.99835 8.91134 11.5577 10.0839 7.31852 6.71347 6.33634 6.23077 5.89652 6.47453 8.1 5.33497 5.14712 8.35833 5.06706 4.87633 8.09119 4.56575 4.5 4.067 4.06255 4.04579 4.02381 3.67661 3.53262 3.42486 3.87182 3.37191 3.31325 3.27268 3.21111 3.2044 2.5822 2.53968 2.20801 1.8006 1.6 0.936643
threshold=1281.3185000000001 1.0000000180025095e-35 1502.0000000000002 33798.450000000004 3325.8400000000006 1.0000000180025095e-35 -39.016499999999944 -1.0499999999999543 751.6495000000001 896.37400000000014 2854.7000000000003 29.480000000000022 938.15000000000009 2140.1000000000008 537083.1890868753 1037.1535000000001 417.31263888888896 4466.4400000000014 5639.5500000000011 1979.3000000000002 90.750000000000014 30833.600000000002 80.750000000000014 12.250000000000002 4832.1500000000005 1699.0500000000002 857.10000000000014 30279.500000000004 7.375 479.53758333333337 98.250000000000014 2721.9766829610176 8.1250000000000018 80.750000000000014 1570.7884500000005 4006.6935447075107 -1.0000000180025095e-35 1563.5837083333333 7.2250000000000005 1.0000000180025095e-35 0.23958333333333334 109.25000000000001 19424.100000000002 3817.9723889574107 11201.050000000001 1450.7640000000004 15247.050000000001 57.750000000000007 6194.1500000000005 0.072916666666666671 11.025000000000002 16173.555500000002
decision_type=2 2 2 2 2 2 2 2 2 2 2 2 2 2 2 2 2 2 2 2 2 2 2 2 2 2 2 2 2 2 2 2 2 2 2 2 2 2 2 2 2 2 2 2 2 2 2 2 2 2 2 2
left_child=2 14 5 19 -4 6 12 -8 29 11 -11 20 46 41 38 16 33 21 -19 22 44 -17 -3 24 -24 26 27 -25 -12 31 34 -7 -13 -16 -31 -14 -10 45 -2 40 42 -5 -32 51 -9 -6 -1 -47 -45 -50 -27 -33
right_child=1 3 4 13 37 8 7 9 36 10 28 32 35 -15 15 17 -18 18 -20 -21 -22 -23 23 25 -26 50 -28 -29 -30 30 39 43 -34 -35 -36 -37 -38 -39 -40 -41 -42 -43 -44 48 -46 47 -48 -49 49 -51 -52 -53
leaf_value=0.0011363241821527482 -0.0012833727586083112 -0.0002819739014375955 -6.6557948011904966e-07 0.00062138940873555839 0.0013317214262671771 7.9694111691787844e-05 0.0016313730180263519 0.001203678872436285 -0.0034617854356765749 0.00024010404320433734 7.8124683008354633e-06 0.03008687973022461 0 -7.4188697617501027e-07 -0.00085793892233632519 -0.0031875838233856486 0 0.00020629299078136682 -1.5924128517508507e-05 9.8897302523255347e-05 0 0 0 -0.00029728543013334273 -0.0007924661839168039 -1.4718761667609214e-06 2.0317615282692714e-05 1.4048495359020308e-09 -0.00057944709286093712 -0.017316500659659503 -0.00010196899250149729 0 0.0014359053167281673 -0.0017970936972647907 0 -0.001705197544267867 0 0.00088647388969548052 -0.0014052286118268968 0 0 7.024247679510154e-10 0 0 0 0.0018641165349632502 0 0.0033584722320316365 0 0 -1.4048495359020307e-07 0
leaf_weight=23 21 32 26 26 35 20 35 36 21 21 20 25 24 20 30 26 30 20 21 38 26 26 20 23 20 20 38 36 36 20 20 21 25 39 22 28 21 22 37 25 31 20 23 30 24 20 20 36 28 20 20 20
leaf_count=23 21 32 26 26 35 20 35 36 21 21 20 25 24 20 30 26 30 20 21 38 26 26 20 23 20 20 38 36 36 20 20 21 25 39 22 28 21 22 37 25 31 20 23 30 24 20 20 36 28 20 20 20
internal_value=-5.1207e-05 -0.00079929 0.000472637 3.19489e-05 0.0021223 0.00012782 0.000655977 0.00116935 -0.000434783 0.000774648 -0.000454545 0.00147059 -0.000684211 0.0019697 -0.00184 -0.00138021 -0.00242424 -0.000268817 0.00158537 -0.00048583 0.000523256 -0.00173077 -0.000837321 -0.000480226 -0.00225 3.64964e-05 0.000670103 -0.000254237 -0.00151786 -0.000125 -0.000780142 0.000539568 0.0031 -0.00355072 -0.00261905 -0.00192308 -0.0025 0.00274336 -0.00336207 0 -0.000540541 0.00304348 -0.00151163 0.000168067 0.00141667 0.00318681 0.000813953 0.00392857 0.000769231 0.000104167 -0.0015 -0.00097561
internal_weight=1367 563 804 313 139 665 343 248 322 213 77 136 95 66 250 192 99 93 41 247 86 52 209 177 40 137 97 59 56 280 141 139 50 69 42 52 42 113 58 99 74 46 43 119 60 91 43 56 78 48 40 41
internal_count=1367 563 804 313 139 665 343 248 322 213 77 136 95 66 250 192 99 93 41 247 86 52 209 177 40 137 97 59 56 280 141 139 50 69 42 52 42 113 58 99 74 46 43 119 60 91 43 56 78 48 40 41
is_linear=0
shrinkage=0.005


end of trees

feature_importances:
disp_hydro_evening_mw=5
wind_speed_hanoi=5
cloud_cover_danang=5
hydro_inflow_m3s=4
disp_wind_midday_mw=4
load_lag_49=4
smp_north_lag_336=4
load_rolling_mean_72h=4
price_spread_ns_lag48=4
disp_solar_midday_mw=3
temperature_hcmc=3
smp_north_lag_48=3
load_rolling_std_24h=3
solar_gen_proxy=3
load_total_mw=2
hydro_total_discharge_m3s=2
disp_total_midday_mw=2
disp_total_evening_mw=2
disp_hydro_midday_mw=2
direct_radiation_hanoi=2
direct_radiation_danang=2
direct_radiation_hcmc=2
brent_price=2
smp_lag_48=2
smp_lag_50=2
load_ramp_lag48=2
is_spike=2
load_north_mw=1
load_south_mw=1
hydro_water_level_m=1
disp_wind_evening_mw=1
humidity_hanoi=1
shortwave_radiation_hanoi=1
humidity_danang=1
diffuse_radiation_hcmc=1
dxy_index=1
sin_dow=1
load_lag_48=1
smp_lag_96=1
smp_lag_336=1
load_lag_336=1
smp_south_lag_336=1
smp_rolling_mean_24h=1
smp_rolling_mean_72h=1
smp_yesterday_mean=1
wind_gen_proxy=1
hydro_depletion_index=1
margin_temp_interaction=1
is_zero=1
spike_prob_24h=1
spike_prob_72h=1

parameters:
[boosting: gbdt]
[objective: regression_l1]
[metric: l1]
[tree_learner: serial]
[device_type: cpu]
[data_sample_strategy: bagging]
[data: ]
[valid: ]
[num_iterations: 3000]
[learning_rate: 0.005]
[num_leaves: 127]
[num_threads: -1]
[seed: 42]
[deterministic: 0]
[force_col_wise: 0]
[force_row_wise: 0]
[histogram_pool_size: -1]
[max_depth: -1]
[min_data_in_leaf: 20]
[min_sum_hessian_in_leaf: 0.001]
[bagging_fraction: 0.8]
[pos_bagging_fraction: 1]
[neg_bagging_fraction: 1]
[bagging_freq: 5]
[bagging_seed: 400]
[bagging_by_query: 0]
[feature_fraction: 0.5]
[feature_fraction_bynode: 1]
[feature_fraction_seed: 30056]
[extra_trees: 0]
[extra_seed: 12879]
[early_stopping_round: 0]
[early_stopping_min_delta: 0]
[first_metric_only: 0]
[max_delta_step: 0]
[lambda_l1: 0]
[lambda_l2: 0]
[linear_lambda: 0]
[min_gain_to_split: 0]
[drop_rate: 0.1]
[max_drop: 50]
[skip_drop: 0.5]
[xgboost_dart_mode: 0]
[uniform_drop: 0]
[drop_seed: 17869]
[top_rate: 0.2]
[other_rate: 0.1]
[min_data_per_group: 100]
[max_cat_threshold: 32]
[cat_l2: 10]
[cat_smooth: 10]
[max_cat_to_onehot: 4]
[top_k: 20]
[monotone_constraints: ]
[monotone_constraints_method: basic]
[monotone_penalty: 0]
[feature_contri: ]
[forcedsplits_filename: ]
[refit_decay_rate: 0.9]
[cegb_tradeoff: 1]
[cegb_penalty_split: 0]
[cegb_penalty_feature_lazy: ]
[cegb_penalty_feature_coupled: ]
[path_smooth: 0]
[interaction_constraints: ]
[verbosity: -1]
[saved_feature_importance_type: 0]
[use_quantized_grad: 0]
[num_grad_quant_bins: 4]
[quant_train_renew_leaf: 0]
[stochastic_rounding: 1]
[linear_tree: 0]
[max_bin: 255]
[max_bin_by_feature: ]
[min_data_in_bin: 3]
[bin_construct_sample_cnt: 200000]
[data_random_seed: 175]
[is_enable_sparse: 1]
[enable_bundle: 1]
[use_missing: 1]
[zero_as_missing: 0]
[feature_pre_filter: 1]
[pre_partition: 0]
[two_round: 0]
[header: 0]
[label_column: ]
[weight_column: ]
[group_column: ]
[ignore_column: ]
[categorical_feature: ]
[forcedbins_filename: ]
[precise_float_parser: 0]
[parser_config_file: ]
[objective_seed: 16083]
[num_class: 1]
[is_unbalance: 0]
[scale_pos_weight: 1]
[sigmoid: 1]
[boost_from_average: 1]
[reg_sqrt: 0]
[alpha: 0.9]
[fair_c: 1]
[poisson_max_delta_step: 0.7]
[tweedie_variance_power: 1.5]
[lambdarank_truncation_level: 30]
[lambdarank_norm: 1]
[label_gain: ]
[lambdarank_position_bias_regularization: 0]
[eval_at: ]
[multi_error_top_k: 1]
[auc_mu_weights: ]
[num_machines: 1]
[local_listen_port: 12400]
[time_out: 120]
[machine_list_filename: ]
[machines: ]
[gpu_platform_id: -1]
[gpu_device_id: -1]
[gpu_use_dp: 0]
[num_gpu: 1]

end of parameters

pandas_categorical:null
