tree
version=v4
num_class=1
num_tree_per_iteration=1
label_index=0
max_feature_idx=100
objective=regression_l1
feature_names=load_total_mw load_north_mw load_central_mw load_south_mw hydro_inflow_m3s hydro_total_discharge_m3s hydro_plant_discharge_m3s hydro_spill_discharge_m3s hydro_water_level_m disp_total_installed_mw disp_total_midday_mw disp_total_evening_mw disp_hydro_installed_mw disp_hydro_midday_mw disp_hydro_evening_mw disp_solar_installed_mw disp_solar_midday_mw disp_solar_evening_mw disp_wind_installed_mw disp_wind_midday_mw disp_wind_evening_mw temperature_hanoi humidity_hanoi cloud_cover_hanoi wind_speed_hanoi shortwave_radiation_hanoi direct_radiation_hanoi diffuse_radiation_hanoi temperature_danang humidity_danang cloud_cover_danang wind_speed_danang shortwave_radiation_danang direct_radiation_danang diffuse_radiation_danang temperature_hcmc humidity_hcmc cloud_cover_hcmc wind_speed_hcmc shortwave_radiation_hcmc direct_radiation_hcmc diffuse_radiation_hcmc coal_proxy_price brent_price gas_proxy_price usd_vnd dxy_index is_weekend is_workday is_holiday is_tet is_pre_holiday is_post_holiday season sin_hour cos_hour sin_dow cos_dow sin_month cos_month smp_lag_48 load_lag_48 smp_lag_49 load_lag_49 smp_lag_50 load_lag_50 smp_lag_96 load_lag_96 smp_lag_336 load_lag_336 smp_north_lag_48 smp_south_lag_48 smp_north_lag_336 smp_south_lag_336 smp_rolling_mean_24h smp_rolling_std_24h load_rolling_mean_24h load_rolling_std_24h smp_rolling_mean_72h smp_rolling_std_72h load_rolling_mean_72h load_rolling_std_72h price_spread_ns_lag48 load_ramp_lag48 smp_yesterday_mean smp_yesterday_max smp_yesterday_min smp_yesterday_zero_ratio hydro_discharge_rolling_24h solar_gen_proxy wind_gen_proxy residual_load_proxy thermal_margin_proxy hydro_depletion_index margin_temp_interaction is_spike is_zero spike_prob_24h spike_prob_72h zero_prob_24h zero_prob_72h
feature_infos=[16738.400000000001:43669.699999999997] [8141:23529.633000000002] [1030.2:4920.1390000000001] [6568.3000000000002:17620.469000000001] [-24696.790000000001:52718.32] [261.23000000000002:27182.77] [243.56999999999999:14362.75] [11.359999999999999:15398] [386.1925:23252.132105263157] none [14491.4:47673.900000000001] [19152.799999999999:47033.400000000001] none [-3952.3000000000002:18862.5] [6035.6999999999998:23435.200000000001] none [0:8134.5] [0:344.30000000000001] none [0:4273.1999999999998] [0:4263.3999999999996] [7.5:32.299999999999997] [31:99] [0:100] [0.55000000000000004:30.25] [3.5:282] [0:208.5] [3.5:150.5] [16.050000000000001:33.25] [52:99.5] [0:100] [0.80000000000000004:50] [7:306.5] [0:234] [7:146] [20.600000000000001:31.300000000000001] [56:98] [0:100] [0.5:24] [16:265] [0:198] [16:133.5] [63.700000762939453:438.35000610351562] [55.099998474121087:127.98000335693359] [1.5750000476837158:9.6800003051757795] [22394.345703125:26405] [89.639999389648438:114.11000061035156] [0:1] [0:1] [0:1] [0:1] [0:1] [0:1] [1:4] none none [-0.97492791218182362:0.97492791218182362] [-0.90096886790241903:1] [-1:1] [-1:1] [0:1778.5999999999999] [16738.400000000001:43669.699999999997] [0:1778.5999999999999] [16515.5:40602.099999999999] [0:1778.5999999999999] [15251.9:39424.300000000003] [0:1778.5999999999999] [16738.400000000001:43669.699999999997] [0:1778.5999999999999] [16738.400000000001:43669.699999999997] [0:1778.5999999999999] [0:1778.5999999999999] [0:1778.5999999999999] [0:1778.5999999999999] [0:1778.5999999999999] [0:869.78656539635756] [15840.402083333332:48300.345833333326] [1494.0634266859377:7412.3475695858406] [0.069944444444444434:1778.5999999999999] [0:822.68470809772941] [15990.384722222221:45267.230555555558] [2009.5728777065494:7328.5193476692311] [-1602.3:1778.5999999999999] [-2000.7000000000007:5250.3000000000029] [0:1778.5999999999999] [0:1778.5999999999999] [0:1778.5999999999999] [0:1] [919.52208333333328:41870.738333333335] [112.0236:1855.3908750000001] [124.17300000000002:5960.3040000000001] [13767.265887500002:40395.97834999999] [13155.821650000013:39784.534112499998] [386.1925:23252.132105263157] [371342.92174875003:1122197.6812312501] [0:1] [0:1] [0:1] [0:1] [0:1] [0:1]
tree_sizes=4083 4460

Tree=0
num_leaves=51
num_cat=0
split_feature=20 62 72 73 68 4 70 63 95 89 30 28 25 19 40 69 66 24 4 64 38 0 78 66 72 11 43 7 83 62 19 83 26 4 16 77 42 14 14 28 20 19 89 80 75 28 38 4 61 63
split_gain=22.8426 27.9318 26.694 24.8303 15.9707 11.9989 11.9553 11.922 10.9144 11.4647 10.1371 9.87654 10.6623 8.60066 8.32761 7.88393 7.60606 6.86081 6.49977 6.3219 5.49731 5.41043 7.35038 5.19073 4.88588 6.54943 5.58154 5.33968 4.86815 4.45388 4.44248 3.85333 3.61539 4.31026 3.52364 3.36052 3.1799 3.07009 2.7437 2.62987 2.60876 2.38509 2.34569 2.07429 1.96 1.84091 1.58193 1.17993 1.02083 0.289286
threshold=2081.4000000000005 1058.0160000000003 963.64250000000015 1488.6360000000002 1236.3805000000002 2992.0900000000006 735.00000000000011 30636.600000000002 1.0000000180025095e-35 810.42073125000013 94.250000000000014 24.575000000000006 163.25000000000003 756.50000000000011 57.250000000000007 34199.400000000001 1499.9500000000003 4.8250000000000011 13006.845000000003 1311.1175000000001 7.1250000000000009 32775.100000000006 1067.5954583333335 394.55000000000007 0.97550000000000014 42146.700000000004 78.31000137329103 70.220000000000013 1863.7500000000002 1602.1500000000003 1829.3500000000001 2112.0000000000023 46.750000000000007 5992.0550000000012 5687.2000000000007 4116.7781212913096 119.52500152587892 13347.1 16784.800000000007 27.875000000000004 365.00000000000006 1395.6000000000001 1538.5741312500002 29325.489236111112 553.81362822823462 24.475000000000005 7.875 4957.4950000000008 30160.250000000004 29830.400000000005
decision_type=2 2 2 2 2 2 2 2 2 2 2 2 2 2 2 2 2 2 2 2 2 2 2 2 2 2 2 2 2 2 2 2 2 2 2 2 2 2 2 2 2 2 2 2 2 2 2 2 2 2
left_child=1 2 6 8 7 -4 14 -2 9 -3 37 43 31 -12 23 19 32 42 24 -11 36 29 -23 34 25 26 -19 -26 -9 38 35 -13 48 -34 -1 -20 -8 46 -6 -28 -21 -15 -16 -10 -41 -39 -5 -42 -7 -45
right_child=4 3 5 10 21 16 20 28 11 15 13 12 -14 41 17 -17 -18 18 30 40 -22 22 -24 -25 27 -27 39 -29 -30 -31 -32 -33 33 -35 -36 -37 -38 45 -40 44 47 -43 -44 49 -46 -47 -48 -49 -50 -51
leaf_value=-0.0034657359123229981 0.00093856513500213624 -0.00021494112443178892 0 0 -0.028858606815338136 -0.030668343305587768 0.002903098091483116 -0.0025073525309562686 0.00041357357054948806 0 0 4.4465169485192748e-05 0.030514369010925295 -0.00032966226339340213 0 0 0 0.030285321474075318 -0.0034657359123229981 0.00036501685623079537 0 0 -0.0012537631392478942 0 -0.0032274603843688967 0 0 0 0 -2.5188462459482252e-05 0 -7.1188826113939284e-05 -0.0012982683256268501 -0.00056446310132741929 0 0 0.0001636325940489769 0.00058589536696672438 -0.0030382110178470614 0 0.0011254218593239784 -0.0012336023896932602 0.0034657359123229981 0.0010012549534440041 0.0029891848564147952 0 0 0.031989243030548099 -0.0013883909583091735 0.0032923269271850587
leaf_weight=23 23 26 31 26 37 24 26 24 25 37 25 20 31 25 28 25 32 20 33 20 37 29 35 30 24 21 21 21 34 36 20 30 26 39 33 25 37 22 22 20 26 21 25 20 25 22 25 20 24 36
leaf_count=23 23 26 31 26 37 24 26 24 25 37 25 20 31 25 28 25 32 20 33 20 37 29 35 30 24 21 21 21 34 36 20 30 26 39 33 25 37 22 22 20 26 21 25 20 25 22 25 20 24 36
internal_value=2.56035e-05 0.000323869 -0.000356589 0.00123444 -0.001375 -0.00201705 0.000266525 0.000432099 0.00205696 0.0011039 -0.000331325 0.00296296 0.0017284 -0.00176056 -0.000149051 0.00171875 -0.00262069 0.000265018 -0.000108696 0.0023301 0.0018 -0.0022956 -0.00117187 -0.00151163 0.000493421 0.00107477 0.00168605 -0.000888889 -0.000775862 -0.00305263 -0.00128205 0.0003 -0.00323009 -0.00246154 -0.00241071 -0.00198276 0.00269841 0.000736842 -0.00389831 0.000984848 0.00325758 -0.00304348 0.00188679 0.00419753 0.00166667 0.00170455 -9.80392e-05 0.00391304 -0.00427083 0.00473214
internal_weight=1367 1127 645 482 240 176 469 81 316 154 166 162 81 71 369 128 145 283 230 103 100 159 64 86 152 107 86 45 58 95 78 50 113 65 56 58 63 95 59 66 66 46 53 81 45 44 51 46 48 56
internal_count=1367 1127 645 482 240 176 469 81 316 154 166 162 81 71 369 128 145 283 230 103 100 159 64 86 152 107 86 45 58 95 78 50 113 65 56 58 63 95 59 66 66 46 53 81 45 44 51 46 48 56
is_linear=0
shrinkage=0.005


Tree=1
num_leaves=53
num_cat=0
split_feature=95 72 72 41 64 32 20 81 29 5 72 1 14 33 10 90 23 91 30 77 77 4 97 78 77 82 72 98 91 4 77 29 20 90 19 77 72 98 32 19 10 4 5 4 14 81 4 10 30 19 22 1
split_gain=28.9683 23.8553 15.5695 16.0254 12.5789 12.9547 11.6795 11.0377 10.0912 10.0651 9.44948 9.36393 8.2672 7.9013 7.52282 7.24689 7.17834 6.29893 6.08474 6.1875 8.94489 5.98909 6.41491 7.81282 6.09252 6.72819 7.3358 5.85902 5.85845 5.68734 7.77377 6.11118 5.24261 4.78314 7.69005 4.53779 4.25177 4.22788 3.98817 4.42396 5.47208 3.95554 3.49113 2.95918 2.91212 2.06289 2.025 1.96 1.63116 1.48867 0.969987 0.240698
threshold=1.0000000180025095e-35 1339.1775000000002 1097.1530000000002 68.750000000000014 894.1880000000001 96.250000000000014 2536.4000000000001 4516.7335329813641 92.250000000000014 3366.1950000000006 0.93550000000000011 18518.266000000003 16168.750000000002 182.25000000000003 32874.30000000001 1707.3787500000003 55.750000000000007 28713.282918750003 98.750000000000014 4006.6935447075107 3701.3903763145186 17364.695000000003 0.38541666666666669 937.81581597222237 4414.2522019932348 0.0095000000000000102 0.9820000000000001 0.52430555555555569 28735.770131250003 4392.6500000000005 4076.5077576887334 81.750000000000014 832.60000000000014 2514.5032500000002 1175.6500000000003 3454.7649371574526 1503.4000000000003 0.73958333333333348 85.750000000000014 942.9000000000002 31433.000000000004 10423.125000000002 4141.4800000000005 10128.490000000002 16222.150000000001 4015.4415566217394 4101.4050000000007 34974.05000000001 63.250000000000007 1333.2000000000003 86.250000000000014 14563.750000000002
decision_type=2 2 2 2 2 2 2 2 2 2 2 2 2 2 2 2 2 2 2 2 2 2 2 2 2 2 2 2 2 2 2 2 2 2 2 2 2 2 2 2 2 2 2 2 2 2 2 2 2 2 2 2
left_child=2 9 3 10 16 28 7 18 12 -2 13 21 14 47 -7 -13 -4 50 35 20 -20 22 23 24 25 26 32 -24 36 49 31 -31 43 34 -34 -3 -6 46 -12 40 -40 -28 -8 -5 -30 -25 -37 -1 -39 51 -18 -11
right_child=1 6 4 11 5 8 42 -9 -10 29 38 15 -14 -15 -16 -17 17 -19 19 -21 -22 -23 27 45 -26 -27 41 -29 44 30 -32 -33 33 -35 -36 37 -38 48 39 -41 -42 -43 -44 -45 -46 -47 -48 -49 -50 -51 -52 -53
leaf_value=-5.1599674858152873e-06 -2.2232584742596374e-07 0 0 0 0.00014429303407669067 0 -0.0019204368073827938 0.0024435878261923789 0.00099601954221725472 0.0010210266372188926 1.2536762654781343e-05 0 0.00094962792936712501 0.0029891848564147952 -0.0014428990140557289 -0.029203736068308356 -0.030848470710963014 -0.00036643940955400468 -0.00050508593013510105 -0.00085456984825432302 1.6483113169670106e-06 0.0045345288515090945 0.0019890446215867995 -0.0010850359499454498 0.0011721261397004128 0.00030454666120931505 -0.0034495986104011536 -7.7971465885639193e-05 -0.0025694991931319239 0.0028191295266151431 0 0.014954873696062715 -1.4945924282073977e-05 -1.4945924282073977e-05 0 0.00035361118484288453 -0.0016577404985204339 0 0.00073769756158581002 0.0303653716028668 0 0 -7.8005701798247171e-07 0.016295285224914552 -0.0016105861499905586 -0.00054802733138203626 0.00024614211330190305 0 0 0.0013789959578774868 -0.0060172512149438261 0.0027845115602016446
leaf_weight=20 21 35 21 29 23 38 22 37 21 23 36 36 27 21 25 23 27 23 31 25 24 27 36 23 26 24 39 23 24 31 25 32 27 38 31 20 20 28 22 20 20 22 20 20 20 20 20 25 25 20 31 20
leaf_count=20 21 35 21 29 23 38 22 37 21 23 36 36 27 21 25 23 27 23 31 25 24 27 36 23 26 24 39 23 24 31 25 32 27 38 31 20 20 28 22 20 20 22 20 20 20 20 20 25 25 20 31 20
internal_value=3.29188e-05 0.00105664 -0.000484581 -2.46711e-05 -0.00141667 -0.000681818 0.000174216 0.000591837 0.00045045 0.00252907 0.00131098 -0.000518018 -0.000277778 -0.000151515 -0.00126984 -0.00237288 -0.00284314 -0.00351852 0.000144231 -0.0009375 0 -0.000233766 -0.000405028 -0.000702341 -0.000371094 -0.000630435 -0.00092233 0.00110169 -0.00212644 0.00298013 0.00215909 0.00309524 -0.000310345 -0.000989583 -8.62069e-05 0.000820312 -0.000813953 0.00139785 0.00229592 0.00306452 0.00214286 -0.00237705 -0.0022619 0.00102041 -0.00340909 -0.00267442 0.002625 -0.00133333 0.000471698 0.00412698 -0.00439655 0.00465116
internal_weight=1367 459 908 608 300 198 287 245 111 172 164 444 90 66 63 59 102 81 208 80 55 385 358 299 256 230 206 59 87 151 88 63 145 96 58 128 43 93 98 62 42 61 42 49 44 43 40 45 53 63 58 43
internal_count=1367 459 908 608 300 198 287 245 111 172 164 444 90 66 63 59 102 81 208 80 55 385 358 299 256 230 206 59 87 151 88 63 145 96 58 128 43 93 98 62 42 61 42 49 44 43 40 45 53 63 58 43
is_linear=0
shrinkage=0.005


end of trees

feature_importances:
hydro_inflow_m3s=9
smp_north_lag_336=7
disp_wind_midday_mw=6
load_rolling_std_24h=6
disp_hydro_evening_mw=4
disp_wind_evening_mw=4
disp_total_midday_mw=3
temperature_danang=3
cloud_cover_danang=3
load_north_mw=2
hydro_total_discharge_m3s=2
humidity_danang=2
shortwave_radiation_danang=2
wind_speed_hcmc=2
smp_lag_49=2
load_lag_49=2
smp_lag_50=2
smp_lag_96=2
smp_rolling_mean_72h=2
load_rolling_std_72h=2
load_ramp_lag48=2
solar_gen_proxy=2
wind_gen_proxy=2
residual_load_proxy=2
is_spike=2
spike_prob_72h=2
load_total_mw=1
hydro_spill_discharge_m3s=1
disp_total_evening_mw=1
disp_solar_midday_mw=1
humidity_hanoi=1
cloud_cover_hanoi=1
wind_speed_hanoi=1
shortwave_radiation_hanoi=1
direct_radiation_hanoi=1
direct_radiation_danang=1
direct_radiation_hcmc=1
diffuse_radiation_hcmc=1
coal_proxy_price=1
brent_price=1
load_lag_48=1
smp_lag_336=1
load_lag_336=1
smp_north_lag_48=1
smp_south_lag_336=1
smp_rolling_std_24h=1
load_rolling_mean_72h=1
price_spread_ns_lag48=1
spike_prob_24h=1

parameters:
[boosting: gbdt]
[objective: regression_l1]
[metric: l1]
[tree_learner: serial]
[device_type: cpu]
[data_sample_strategy: bagging]
[data: ]
[valid: ]
[num_iterations: 3000]
[learning_rate: 0.005]
[num_leaves: 127]
[num_threads: -1]
[seed: 42]
[deterministic: 0]
[force_col_wise: 0]
[force_row_wise: 0]
[histogram_pool_size: -1]
[max_depth: -1]
[min_data_in_leaf: 20]
[min_sum_hessian_in_leaf: 0.001]
[bagging_fraction: 0.8]
[pos_bagging_fraction: 1]
[neg_bagging_fraction: 1]
[bagging_freq: 5]
[bagging_seed: 400]
[bagging_by_query: 0]
[feature_fraction: 0.5]
[feature_fraction_bynode: 1]
[feature_fraction_seed: 30056]
[extra_trees: 0]
[extra_seed: 12879]
[early_stopping_round: 0]
[early_stopping_min_delta: 0]
[first_metric_only: 0]
[max_delta_step: 0]
[lambda_l1: 0]
[lambda_l2: 0]
[linear_lambda: 0]
[min_gain_to_split: 0]
[drop_rate: 0.1]
[max_drop: 50]
[skip_drop: 0.5]
[xgboost_dart_mode: 0]
[uniform_drop: 0]
[drop_seed: 17869]
[top_rate: 0.2]
[other_rate: 0.1]
[min_data_per_group: 100]
[max_cat_threshold: 32]
[cat_l2: 10]
[cat_smooth: 10]
[max_cat_to_onehot: 4]
[top_k: 20]
[monotone_constraints: ]
[monotone_constraints_method: basic]
[monotone_penalty: 0]
[feature_contri: ]
[forcedsplits_filename: ]
[refit_decay_rate: 0.9]
[cegb_tradeoff: 1]
[cegb_penalty_split: 0]
[cegb_penalty_feature_lazy: ]
[cegb_penalty_feature_coupled: ]
[path_smooth: 0]
[interaction_constraints: ]
[verbosity: -1]
[saved_feature_importance_type: 0]
[use_quantized_grad: 0]
[num_grad_quant_bins: 4]
[quant_train_renew_leaf: 0]
[stochastic_rounding: 1]
[linear_tree: 0]
[max_bin: 255]
[max_bin_by_feature: ]
[min_data_in_bin: 3]
[bin_construct_sample_cnt: 200000]
[data_random_seed: 175]
[is_enable_sparse: 1]
[enable_bundle: 1]
[use_missing: 1]
[zero_as_missing: 0]
[feature_pre_filter: 1]
[pre_partition: 0]
[two_round: 0]
[header: 0]
[label_column: ]
[weight_column: ]
[group_column: ]
[ignore_column: ]
[categorical_feature: ]
[forcedbins_filename: ]
[precise_float_parser: 0]
[parser_config_file: ]
[objective_seed: 16083]
[num_class: 1]
[is_unbalance: 0]
[scale_pos_weight: 1]
[sigmoid: 1]
[boost_from_average: 1]
[reg_sqrt: 0]
[alpha: 0.9]
[fair_c: 1]
[poisson_max_delta_step: 0.7]
[tweedie_variance_power: 1.5]
[lambdarank_truncation_level: 30]
[lambdarank_norm: 1]
[label_gain: ]
[lambdarank_position_bias_regularization: 0]
[eval_at: ]
[multi_error_top_k: 1]
[auc_mu_weights: ]
[num_machines: 1]
[local_listen_port: 12400]
[time_out: 120]
[machine_list_filename: ]
[machines: ]
[gpu_platform_id: -1]
[gpu_device_id: -1]
[gpu_use_dp: 0]
[num_gpu: 1]

end of parameters

pandas_categorical:null
