tree
version=v4
num_class=1
num_tree_per_iteration=1
label_index=0
max_feature_idx=100
objective=regression_l1
feature_names=load_total_mw load_north_mw load_central_mw load_south_mw hydro_inflow_m3s hydro_total_discharge_m3s hydro_plant_discharge_m3s hydro_spill_discharge_m3s hydro_water_level_m disp_total_installed_mw disp_total_midday_mw disp_total_evening_mw disp_hydro_installed_mw disp_hydro_midday_mw disp_hydro_evening_mw disp_solar_installed_mw disp_solar_midday_mw disp_solar_evening_mw disp_wind_installed_mw disp_wind_midday_mw disp_wind_evening_mw temperature_hanoi humidity_hanoi cloud_cover_hanoi wind_speed_hanoi shortwave_radiation_hanoi direct_radiation_hanoi diffuse_radiation_hanoi temperature_danang humidity_danang cloud_cover_danang wind_speed_danang shortwave_radiation_danang direct_radiation_danang diffuse_radiation_danang temperature_hcmc humidity_hcmc cloud_cover_hcmc wind_speed_hcmc shortwave_radiation_hcmc direct_radiation_hcmc diffuse_radiation_hcmc coal_proxy_price brent_price gas_proxy_price usd_vnd dxy_index is_weekend is_workday is_holiday is_tet is_pre_holiday is_post_holiday season sin_hour cos_hour sin_dow cos_dow sin_month cos_month smp_lag_48 load_lag_48 smp_lag_49 load_lag_49 smp_lag_50 load_lag_50 smp_lag_96 load_lag_96 smp_lag_336 load_lag_336 smp_north_lag_48 smp_south_lag_48 smp_north_lag_336 smp_south_lag_336 smp_rolling_mean_24h smp_rolling_std_24h load_rolling_mean_24h load_rolling_std_24h smp_rolling_mean_72h smp_rolling_std_72h load_rolling_mean_72h load_rolling_std_72h price_spread_ns_lag48 load_ramp_lag48 smp_yesterday_mean smp_yesterday_max smp_yesterday_min smp_yesterday_zero_ratio hydro_discharge_rolling_24h solar_gen_proxy wind_gen_proxy residual_load_proxy thermal_margin_proxy hydro_depletion_index margin_temp_interaction is_spike is_zero spike_prob_24h spike_prob_72h zero_prob_24h zero_prob_72h
feature_infos=[16738.400000000001:43669.699999999997] [8141:23529.633000000002] [1030.2:4920.1390000000001] [6568.3000000000002:17620.469000000001] [-24696.790000000001:52718.32] [261.23000000000002:27182.77] [243.56999999999999:14362.75] [11.359999999999999:15398] [386.1925:23252.132105263157] none [14491.4:47673.900000000001] [19152.799999999999:47033.400000000001] none [-3952.3000000000002:18862.5] [6035.6999999999998:23435.200000000001] none [0:8134.5] [0:344.30000000000001] none [0:4273.1999999999998] [0:4263.3999999999996] [7.5:32.299999999999997] [31:99] [0:100] [0.55000000000000004:30.25] [3.5:282] [0:208.5] [3.5:150.5] [16.050000000000001:33.25] [52:99.5] [0:100] [0.80000000000000004:50] [7:306.5] [0:234] [7:146] [20.600000000000001:31.300000000000001] [56:98] [0:100] [0.5:24] [16:265] [0:198] [16:133.5] [63.700000762939453:438.35000610351562] [55.099998474121087:127.98000335693359] [1.5750000476837158:9.6800003051757795] [22394.345703125:26405] [89.639999389648438:114.11000061035156] [0:1] [0:1] [0:1] [0:1] [0:1] [0:1] [1:4] none none [-0.97492791218182362:0.97492791218182362] [-0.90096886790241903:1] [-1:1] [-1:1] [0:1778.5999999999999] [16738.400000000001:43669.699999999997] [0:1778.5999999999999] [16515.5:40602.099999999999] [0:1778.5999999999999] [15251.9:39424.300000000003] [0:1778.5999999999999] [16738.400000000001:43669.699999999997] [0:1778.5999999999999] [16738.400000000001:43669.699999999997] [0:1778.5999999999999] [0:1778.5999999999999] [0:1778.5999999999999] [0:1778.5999999999999] [0:1778.5999999999999] [0:869.78656539635756] [15840.402083333332:48300.345833333326] [1494.0634266859377:7412.3475695858406] [0.069944444444444434:1778.5999999999999] [0:822.68470809772941] [15990.384722222221:45267.230555555558] [2009.5728777065494:7328.5193476692311] [-1602.3:1778.5999999999999] [-2000.7000000000007:5250.3000000000029] [0:1778.5999999999999] [0:1778.5999999999999] [0:1778.5999999999999] [0:1] [919.52208333333328:41870.738333333335] [112.0236:1855.3908750000001] [124.17300000000002:5960.3040000000001] [13767.265887500002:40395.97834999999] [13155.821650000013:39784.534112499998] [386.1925:23252.132105263157] [371342.92174875003:1122197.6812312501] [0:1] [0:1] [0:1] [0:1] [0:1] [0:1]
tree_sizes=4304 4291

Tree=0
num_leaves=52
num_cat=0
split_feature=72 70 62 20 73 69 93 40 66 25 40 4 61 77 40 83 40 72 75 98 62 68 35 46 11 75 64 94 89 7 40 68 11 83 83 72 7 94 80 42 30 73 78 62 30 89 93 28 38 78 40
split_gain=22.1344 30.2723 17.9084 18.6942 18.8328 13.6767 9.36864 8.22895 9.53358 7.76302 7.7263 7.5962 7.40029 7.32099 6.57948 6.52932 5.84458 5.75874 5.33669 5.29763 7.20612 10.9239 7.66286 7.25185 5.1471 5.11244 5.0905 4.98269 5.45662 5.56507 4.90092 4.81667 4.74832 4.39034 6.14043 4.73646 3.6629 5.82226 3.65829 3.52853 3.44332 3.42857 2.88095 2.3055 2.30471 2.29202 2.0353 1.93568 1.86029 1.51679 0.88089
threshold=1341.3900000000001 960.50000000000011 1024.2500000000002 2058.5500000000006 1282.0450000000003 34199.400000000001 399.62430555555562 54.750000000000007 1.0160000000000002 171.25000000000003 81.750000000000014 7359.380000000001 31980.600000000002 3252.1824986837578 173.25000000000003 1939.950000000001 100.75000000000001 769.32450000000006 365.89304992136039 0.45486111111111116 1.0425000000000002 1.2160000000000002 26.825000000000006 100.35499954223634 33238.450000000004 469.4882726350715 1500.9720000000002 802104.38341125019 1535.0733937500002 1641.6400000000003 114.75000000000001 899.68550000000016 35683.80000000001 2283.9500000000012 1845.8000000000013 915.5055000000001 195.40000000000003 568770.0654000002 34213.563888888893 122.77500152587892 75.250000000000014 1002.4015000000001 401.0842777777778 1530.5005000000003 85.750000000000014 1594.5859312500002 417.59250000000009 25.975000000000005 5.6250000000000009 1294.3477500000001 139.75000000000003
decision_type=2 2 2 2 2 2 2 2 2 2 2 2 2 2 2 2 2 2 2 2 2 2 2 2 2 2 2 2 2 2 2 2 2 2 2 2 2 2 2 2 2 2 2 2 2 2 2 2 2 2 2
left_child=1 7 12 4 11 6 -3 8 42 13 15 32 40 -8 19 -6 -12 -10 -7 20 21 27 31 48 -15 -24 -18 28 29 30 -9 -22 -4 34 35 -26 37 44 -14 -25 -2 -37 -1 -34 -5 -30 -42 -28 -23 -36 -49
right_child=2 5 3 36 10 18 9 14 17 -11 16 -13 38 24 -16 -17 26 -19 -20 -21 22 23 25 39 33 -27 47 -29 45 -31 -32 -33 43 -35 49 41 -38 -39 -40 -41 46 -43 -44 -45 -46 -47 -48 50 -50 -51 -52
leaf_value=-0.016164584159851076 -0.00047482304275035857 -2.1189260296523573e-05 0.00063549019396305086 -0.00081265624612569809 0 -0.00038347341120243073 0.00051451325416564944 0 0.00010726072825491429 0.033115344047546388 0.00047186143696308135 -0.0017328679561614991 0.00015947876498103141 0 0.0030228766798973085 -0.00041289839893579486 -0.0003278886713087559 -0.00049096739850938318 0 -0.0029864636063575744 0 -0.016102728843688966 -0.00042263906449079513 0 0.0034657359123229981 2.6725030038505794e-05 0 0.027617294788360596 0.0028651575744152069 -0.0011277665197849274 0 0.00073136109858751297 0.0020902960002422335 0 0.0076070874929428101 0 0 0 -0.00092808492481708524 -0.0039830294251441958 -0.0058665347099304196 0.00086962893605232235 -0.0036311911046504977 0.00056878604926168918 -0.0020567616075277328 0 -0.0027075981348752974 0 -0.00044645908288657669 7.1769794449210163e-05 0
leaf_weight=32 21 33 23 22 39 21 29 37 39 35 24 20 20 23 21 34 20 22 25 24 30 22 23 27 29 20 22 23 24 38 26 30 31 25 31 21 29 25 23 23 37 21 24 20 32 38 20 20 26 20 23
leaf_count=32 21 33 23 22 39 21 29 37 39 35 24 20 20 23 21 34 20 22 25 24 30 22 23 27 29 20 22 23 24 38 26 30 31 25 31 21 29 25 23 23 37 21 24 20 32 38 20 20 26 20 23
internal_value=2.92612e-05 0.000516241 -0.00080198 -0.000273438 0.000416667 0.00175719 0.00219101 -0.000191257 -0.00136752 0.00254274 -0.000521978 0.00223404 -0.00247934 0.0021608 0.000127315 -0.00178082 0.000321101 0 -0.00076087 -1.21655e-05 0.000129199 -0.00028169 0.00126214 -0.00163265 0.00176471 -0.000348837 -0.000294118 0.000430108 0.000122699 -0.000594059 0.00031746 0.00241667 0.00297297 0.00210884 0.0025 0.0015493 -0.00203704 -0.00259494 -0.000813953 -0.0003 -0.00339744 0.00047619 -0.00285714 0.00382353 -0.00351852 0.00129032 -0.00403509 0.000384615 -0.00302083 0.00382353 -0.000232558
internal_weight=1367 862 505 384 276 313 267 549 117 234 182 94 121 199 432 73 109 61 46 411 387 284 103 98 170 43 85 186 163 101 63 60 74 147 122 71 108 79 43 50 78 42 56 51 54 62 57 65 48 51 43
internal_count=1367 862 505 384 276 313 267 549 117 234 182 94 121 199 432 73 109 61 46 411 387 284 103 98 170 43 85 186 163 101 63 60 74 147 122 71 108 79 43 50 78 42 56 51 54 62 57 65 48 51 43
is_linear=0
shrinkage=0.005


Tree=1
num_leaves=51
num_cat=0
split_feature=29 20 96 72 72 82 77 5 4 8 19 83 90 28 29 66 39 40 24 8 16 30 39 64 97 16 41 90 40 24 24 74 98 22 13 39 5 77 98 10 81 39 78 22 98 8 1 0 29 0
split_gain=20.8641 22.0929 12.2364 20.5242 14.6213 12.2973 12.2666 11.9206 12.3045 9.89011 8.8409 8.42651 7.65474 8.94587 7.53923 6.94794 6.86087 7.21258 6.6685 6.46943 8.0548 7.10136 6.50495 6.41715 6.40069 6.18403 5.9033 5.4002 5.39409 8.37704 5.35066 5.31853 5.14438 5.12809 4.9128 4.33501 4.0831 3.9844 3.98125 3.75967 3.66959 3.6139 3.54632 3.48214 3.3 3.24883 4.52038 3.10934 3.04507 2.52993
threshold=93.250000000000014 2882.9000000000005 1.0000000180025095e-35 962.50000000000011 769.32450000000006 -0.19549999999999998 4039.3192259160364 3912.7500000000005 3336.0400000000004 416.63022048364161 1434.7 1351.5000000000002 1719.7960500000004 27.125000000000004 87.250000000000014 1103.6000000000001 152.25000000000003 115.25000000000001 10.025000000000002 413.11269230769238 5489.0000000000009 52.750000000000007 142.75000000000003 1039.4620000000002 0.13541666666666671 5737.8000000000011 75.250000000000014 1459.0327500000003 155.75000000000003 11.975000000000001 7.4750000000000005 366.70290625000013 0.42708333333333343 87.750000000000014 2792.8500000000008 218.25000000000003 6571.8050000000012 3925.6168156904209 0.70486111111111127 32428.900000000005 4428.3072924038597 180.25000000000003 471.15598958333345 83.750000000000014 0.53125000000000011 410.48802631578951 13753.450000000003 34183.750000000007 82.250000000000014 32866.650000000009
decision_type=2 2 2 2 2 2 2 2 2 2 2 2 2 2 2 2 2 2 2 2 2 2 2 2 2 2 2 2 2 2 2 2 2 2 2 2 2 2 2 2 2 2 2 2 2 2 2 2 2 2
left_child=1 2 3 5 16 6 23 10 14 41 15 36 32 -14 -9 -5 42 18 31 21 33 -13 -23 24 -1 -2 -24 -3 29 30 -19 -18 43 -21 44 -15 -10 -12 -22 -27 -8 -6 -4 -7 -17 46 -45 -30 -33 -36
right_child=25 27 4 7 9 12 40 8 11 -11 37 19 13 35 -16 34 17 28 -20 20 38 22 26 -25 -26 39 -28 -29 47 -31 -32 48 -34 -35 49 -37 -38 -39 -40 -41 -42 -43 -44 45 -46 -47 -48 -49 -50 -51
leaf_value=-0.00052688739523291592 0 -0.0028034142863005394 -0.00040514991730451581 -0.00052250605076551435 -0.032136513972282413 0.030401880517601967 0.00092573007172322842 0 -0.00054296478778123852 0 -0.0010015691383741796 0.00023999213706701994 -3.656805492937565e-06 0.0045384095599642019 0.0008888938419520855 -3.6792590180994036e-07 0 0 0 -0.00015792089849710463 0.00091792455331888038 -0.0016407433868385851 0.00014594370406121015 0.00033426807671785351 0 0.00095212996397167431 -0.00039285633256658909 -0.00010670668929815292 0 0 -0.00096076168119907379 0.00075484441891312593 0.00040617413073778158 0.0010811405338346958 -0.0003960861550178379 2.6658217463409528e-05 -0.0011257304685190321 -0.0015264580797404051 0 0.00016324803978204729 0.00034946202337741853 -0.0027876522514969112 -0.0034475799567997459 0.0016382242441177371 8.496720413677394e-06 0.031846771240234377 0.00013141103505622597 0.00011271751485764981 0.0028940495848655701 0
leaf_weight=26 32 34 20 29 26 26 22 36 37 28 20 21 23 29 39 24 22 35 20 38 32 24 20 21 27 32 37 39 23 26 31 20 29 25 26 20 20 27 20 33 21 37 22 21 20 29 20 31 27 20
leaf_count=26 32 34 20 29 26 26 22 36 37 28 20 21 23 29 39 24 22 35 20 38 32 24 20 21 27 32 37 39 23 26 31 20 29 25 26 20 20 27 20 33 21 37 22 21 20 29 20 31 27 20
internal_value=3.29188e-05 -0.000137795 2.50627e-05 0.000361882 -0.000733696 0.00136943 8.54701e-05 -0.000252427 0.000272206 -0.00247253 -0.00135542 -0.000218978 0.00213198 0.000833333 0.00206667 -0.000630252 -0.000162455 0.000170213 0.00129213 0.000230415 0.00104348 -0.000686275 -0.00135802 -0.00114865 -0.00207547 0.00226804 -0.000438596 -0.00280822 -0.000513699 -0.00125 -0.00219697 0.00202899 0.00288 -0.00015873 5.55556e-05 0.00204082 -0.00192982 -0.00319149 0.0025 0.00315385 0.0022093 -0.00357143 -0.00202381 0.0034375 0.00125 0.00285714 0.00195122 0.000740741 0.00297872 -0.00108696
internal_weight=1367 1270 1197 829 368 314 117 515 349 91 166 274 197 72 75 119 277 235 89 217 115 102 81 74 53 97 57 73 146 92 66 69 125 63 90 49 57 47 52 65 43 63 42 96 44 70 41 54 47 46
internal_count=1367 1270 1197 829 368 314 117 515 349 91 166 274 197 72 75 119 277 235 89 217 115 102 81 74 53 97 57 73 146 92 66 69 125 63 90 49 57 47 52 65 43 63 42 96 44 70 41 54 47 46
is_linear=0
shrinkage=0.005


end of trees

feature_importances:
direct_radiation_hcmc=8
smp_north_lag_336=5
shortwave_radiation_hcmc=4
load_ramp_lag48=4
spike_prob_72h=4
hydro_water_level_m=3
wind_speed_hanoi=3
humidity_danang=3
cloud_cover_danang=3
smp_lag_49=3
load_rolling_std_24h=3
smp_rolling_mean_72h=3
load_total_mw=2
hydro_inflow_m3s=2
hydro_total_discharge_m3s=2
hydro_spill_discharge_m3s=2
disp_total_evening_mw=2
disp_solar_midday_mw=2
disp_wind_evening_mw=2
humidity_hanoi=2
temperature_danang=2
smp_lag_50=2
smp_lag_96=2
smp_lag_336=2
smp_south_lag_336=2
smp_rolling_std_24h=2
solar_gen_proxy=2
wind_gen_proxy=2
hydro_depletion_index=2
margin_temp_interaction=2
load_north_mw=1
disp_total_midday_mw=1
disp_hydro_midday_mw=1
disp_wind_midday_mw=1
shortwave_radiation_hanoi=1
temperature_hcmc=1
wind_speed_hcmc=1
diffuse_radiation_hcmc=1
coal_proxy_price=1
dxy_index=1
load_lag_48=1
load_lag_336=1
smp_north_lag_48=1
smp_rolling_mean_24h=1
load_rolling_mean_72h=1
load_rolling_std_72h=1
price_spread_ns_lag48=1
is_zero=1
spike_prob_24h=1

parameters:
[boosting: gbdt]
[objective: regression_l1]
[metric: l1]
[tree_learner: serial]
[device_type: cpu]
[data_sample_strategy: bagging]
[data: ]
[valid: ]
[num_iterations: 3000]
[learning_rate: 0.005]
[num_leaves: 127]
[num_threads: -1]
[seed: 42]
[deterministic: 0]
[force_col_wise: 0]
[force_row_wise: 0]
[histogram_pool_size: -1]
[max_depth: -1]
[min_data_in_leaf: 20]
[min_sum_hessian_in_leaf: 0.001]
[bagging_fraction: 0.8]
[pos_bagging_fraction: 1]
[neg_bagging_fraction: 1]
[bagging_freq: 5]
[bagging_seed: 400]
[bagging_by_query: 0]
[feature_fraction: 0.5]
[feature_fraction_bynode: 1]
[feature_fraction_seed: 30056]
[extra_trees: 0]
[extra_seed: 12879]
[early_stopping_round: 0]
[early_stopping_min_delta: 0]
[first_metric_only: 0]
[max_delta_step: 0]
[lambda_l1: 0]
[lambda_l2: 0]
[linear_lambda: 0]
[min_gain_to_split: 0]
[drop_rate: 0.1]
[max_drop: 50]
[skip_drop: 0.5]
[xgboost_dart_mode: 0]
[uniform_drop: 0]
[drop_seed: 17869]
[top_rate: 0.2]
[other_rate: 0.1]
[min_data_per_group: 100]
[max_cat_threshold: 32]
[cat_l2: 10]
[cat_smooth: 10]
[max_cat_to_onehot: 4]
[top_k: 20]
[monotone_constraints: ]
[monotone_constraints_method: basic]
[monotone_penalty: 0]
[feature_contri: ]
[forcedsplits_filename: ]
[refit_decay_rate: 0.9]
[cegb_tradeoff: 1]
[cegb_penalty_split: 0]
[cegb_penalty_feature_lazy: ]
[cegb_penalty_feature_coupled: ]
[path_smooth: 0]
[interaction_constraints: ]
[verbosity: -1]
[saved_feature_importance_type: 0]
[use_quantized_grad: 0]
[num_grad_quant_bins: 4]
[quant_train_renew_leaf: 0]
[stochastic_rounding: 1]
[linear_tree: 0]
[max_bin: 255]
[max_bin_by_feature: ]
[min_data_in_bin: 3]
[bin_construct_sample_cnt: 200000]
[data_random_seed: 175]
[is_enable_sparse: 1]
[enable_bundle: 1]
[use_missing: 1]
[zero_as_missing: 0]
[feature_pre_filter: 1]
[pre_partition: 0]
[two_round: 0]
[header: 0]
[label_column: ]
[weight_column: ]
[group_column: ]
[ignore_column: ]
[categorical_feature: ]
[forcedbins_filename: ]
[precise_float_parser: 0]
[parser_config_file: ]
[objective_seed: 16083]
[num_class: 1]
[is_unbalance: 0]
[scale_pos_weight: 1]
[sigmoid: 1]
[boost_from_average: 1]
[reg_sqrt: 0]
[alpha: 0.9]
[fair_c: 1]
[poisson_max_delta_step: 0.7]
[tweedie_variance_power: 1.5]
[lambdarank_truncation_level: 30]
[lambdarank_norm: 1]
[label_gain: ]
[lambdarank_position_bias_regularization: 0]
[eval_at: ]
[multi_error_top_k: 1]
[auc_mu_weights: ]
[num_machines: 1]
[local_listen_port: 12400]
[time_out: 120]
[machine_list_filename: ]
[machines: ]
[gpu_platform_id: -1]
[gpu_device_id: -1]
[gpu_use_dp: 0]
[num_gpu: 1]

end of parameters

pandas_categorical:null
