tree
version=v4
num_class=1
num_tree_per_iteration=1
label_index=0
max_feature_idx=100
objective=regression_l1
feature_names=load_total_mw load_north_mw load_central_mw load_south_mw hydro_inflow_m3s hydro_total_discharge_m3s hydro_plant_discharge_m3s hydro_spill_discharge_m3s hydro_water_level_m disp_total_installed_mw disp_total_midday_mw disp_total_evening_mw disp_hydro_installed_mw disp_hydro_midday_mw disp_hydro_evening_mw disp_solar_installed_mw disp_solar_midday_mw disp_solar_evening_mw disp_wind_installed_mw disp_wind_midday_mw disp_wind_evening_mw temperature_hanoi humidity_hanoi cloud_cover_hanoi wind_speed_hanoi shortwave_radiation_hanoi direct_radiation_hanoi diffuse_radiation_hanoi temperature_danang humidity_danang cloud_cover_danang wind_speed_danang shortwave_radiation_danang direct_radiation_danang diffuse_radiation_danang temperature_hcmc humidity_hcmc cloud_cover_hcmc wind_speed_hcmc shortwave_radiation_hcmc direct_radiation_hcmc diffuse_radiation_hcmc coal_proxy_price brent_price gas_proxy_price usd_vnd dxy_index is_weekend is_workday is_holiday is_tet is_pre_holiday is_post_holiday season sin_hour cos_hour sin_dow cos_dow sin_month cos_month smp_lag_48 load_lag_48 smp_lag_49 load_lag_49 smp_lag_50 load_lag_50 smp_lag_96 load_lag_96 smp_lag_336 load_lag_336 smp_north_lag_48 smp_south_lag_48 smp_north_lag_336 smp_south_lag_336 smp_rolling_mean_24h smp_rolling_std_24h load_rolling_mean_24h load_rolling_std_24h smp_rolling_mean_72h smp_rolling_std_72h load_rolling_mean_72h load_rolling_std_72h price_spread_ns_lag48 load_ramp_lag48 smp_yesterday_mean smp_yesterday_max smp_yesterday_min smp_yesterday_zero_ratio hydro_discharge_rolling_24h solar_gen_proxy wind_gen_proxy residual_load_proxy thermal_margin_proxy hydro_depletion_index margin_temp_interaction is_spike is_zero spike_prob_24h spike_prob_72h zero_prob_24h zero_prob_72h
feature_infos=[16738.400000000001:43669.699999999997] [8141:23529.633000000002] [1030.2:4920.1390000000001] [6568.3000000000002:17620.469000000001] [-24696.790000000001:52718.32] [261.23000000000002:27182.77] [243.56999999999999:14362.75] [11.359999999999999:15398] [386.1925:23252.132105263157] none [14491.4:47673.900000000001] [19152.799999999999:47033.400000000001] none [-3952.3000000000002:18862.5] [6035.6999999999998:23435.200000000001] none [0:8134.5] [0:344.30000000000001] none [0:4273.1999999999998] [0:4263.3999999999996] [7.5:32.299999999999997] [31:99] [0:100] [0.55000000000000004:30.25] [3.5:282] [0:208.5] [3.5:150.5] [16.050000000000001:33.25] [52:99.5] [0:100] [0.80000000000000004:50] [7:306.5] [0:234] [7:146] [20.600000000000001:31.300000000000001] [56:98] [0:100] [0.5:24] [16:265] [0:198] [16:133.5] [63.700000762939453:438.35000610351562] [55.099998474121087:127.98000335693359] [1.5750000476837158:9.6800003051757795] [22394.345703125:26405] [89.639999389648438:114.11000061035156] [0:1] [0:1] [0:1] [0:1] [0:1] [0:1] [1:4] none none [-0.97492791218182362:0.97492791218182362] [-0.90096886790241903:1] [-1:1] [-1:1] [0:1778.5999999999999] [16738.400000000001:43669.699999999997] [0:1778.5999999999999] [16515.5:40602.099999999999] [0:1778.5999999999999] [15251.9:39424.300000000003] [0:1778.5999999999999] [16738.400000000001:43669.699999999997] [0:1778.5999999999999] [16738.400000000001:43669.699999999997] [0:1778.5999999999999] [0:1778.5999999999999] [0:1778.5999999999999] [0:1778.5999999999999] [0:1778.5999999999999] [0:869.78656539635756] [15840.402083333332:48300.345833333326] [1494.0634266859377:7412.3475695858406] [0.069944444444444434:1778.5999999999999] [0:822.68470809772941] [15990.384722222221:45267.230555555558] [2009.5728777065494:7328.5193476692311] [-1602.3:1778.5999999999999] [-2000.7000000000007:5250.3000000000029] [0:1778.5999999999999] [0:1778.5999999999999] [0:1778.5999999999999] [0:1] [919.52208333333328:41870.738333333335] [112.0236:1855.3908750000001] [124.17300000000002:5960.3040000000001] [13767.265887500002:40395.97834999999] [13155.821650000013:39784.534112499998] [386.1925:23252.132105263157] [371342.92174875003:1122197.6812312501] [0:1] [0:1] [0:1] [0:1] [0:1] [0:1]
tree_sizes=4296 4568 4395 4674 4533 4876

Tree=0
num_leaves=52
num_cat=0
split_feature=20 16 70 43 68 64 73 72 63 40 73 30 84 66 95 25 80 46 93 73 69 38 4 46 94 30 42 20 80 14 40 42 93 98 0 77 26 45 4 80 14 28 77 4 46 98 43 16 83 30 28
split_gain=32.9662 18.3933 14.8409 18.2016 13.8861 13.7115 23.4652 23.3061 13.4873 11.5155 11.2999 10.5625 9.98368 9.42297 8.13951 7.03295 6.56805 8.46123 5.50433 5.35714 5.29899 7.86606 7.32462 5.22039 5.21929 6.19586 5.10575 7.47917 5.54667 5.14372 5.05723 5.0605 5.04021 5.59448 4.66759 4.5799 4.4593 4.7798 4.69444 3.41683 3.78243 3.3336 3.82458 2.97539 2.92557 2.90383 2.89 2.82609 2.52993 2.30775 0.427907
threshold=2217.7000000000003 6382.7000000000007 1011.3385000000001 68.630001068115249 1295.3840000000002 1020.4230000000001 1342.4675000000002 963.64250000000015 30727.850000000002 154.25000000000003 1682.3000000000002 94.250000000000014 307.29959375000004 1533.9000000000003 1.0000000180025095e-35 40.750000000000007 35748.829861111117 106.5550003051758 411.37088235294124 937.1735000000001 25966.200000000004 8.6250000000000018 10578.365000000002 103.22500228881837 535680.85086375021 74.750000000000014 117.79999923706056 884.6500000000002 34700.713541666672 12527.400000000001 136.75000000000003 117.97499847412111 420.21421052631581 0.47569444444444448 31168.550000000003 4001.6695332754302 49.750000000000007 23697.500000000004 5415.5600000000004 31820.964236111115 15109.500000000002 26.275000000000002 3607.7829651377606 2690.4000000000005 102.51499938964845 0.10763888888888891 80.795001983642592 5177.6000000000013 1671.9499999999991 89.250000000000014 22.725000000000005
decision_type=2 2 2 2 2 2 2 2 2 2 2 2 2 2 2 2 2 2 2 2 2 2 2 2 2 2 2 2 2 2 2 2 2 2 2 2 2 2 2 2 2 2 2 2 2 2 2 2 2 2 2
left_child=1 5 3 19 8 7 15 9 -2 12 39 34 18 41 20 24 17 36 -1 -3 -14 30 -23 -10 -7 -26 29 28 -28 -5 31 -22 43 -34 -8 48 37 38 -17 -4 -41 42 -9 -6 -11 -31 -36 -33 -13 -43 -45
right_child=4 2 10 26 32 6 11 13 23 44 -12 35 14 -15 -16 16 -18 -19 -20 -21 21 22 -24 -25 25 -27 27 -29 -30 45 -32 47 33 -35 46 -37 -38 -39 -40 40 -42 49 -44 50 -46 -47 -48 -49 -50 -51 -52
leaf_value=0 0.001339978575706482 0 0.0012490086257457734 0 -0.00090393662452697759 0.0016436545550823213 0 -0.0020373055338859559 -0.0017358744144439697 0.0026987244933843611 0 -0.00041506744921207431 0.00063808992505073544 2.1962074097245931e-05 0.0010446540266275406 -0.00019057400524616241 -0.00074754372239112851 -6.5337289124727253e-05 -0.0034657359123229981 -0.0018888375163078309 8.1167975440621373e-05 -0.0036087061464786531 0 0 0.00063538726419210434 0 0.0019201278686523438 -8.7312294563162145e-05 0 0.0034657359123229981 0.00035331837832927707 0 0 -0.0017978431284427644 0 -0.001214323528110981 0.0037218490242958069 0.001541229635477066 0.00065551690757274632 0 0.0012644992768764496 -0.00083141949027776719 0 -0.0017622269690036774 0 0.029938100576400756 0.00033076263964176177 -0.0010934514179825783 0 -0.030025603771209719 -0.00075275238603353498
leaf_weight=20 23 21 35 21 35 26 27 23 25 26 26 20 27 24 21 25 25 36 32 21 38 24 27 26 22 29 24 36 26 35 20 20 29 25 25 26 35 21 20 38 35 32 24 23 21 22 20 26 26 33 20
leaf_count=20 23 21 35 21 35 26 27 23 25 26 26 20 27 24 21 25 25 36 32 21 38 24 27 26 22 29 24 36 26 35 20 20 29 25 25 26 35 21 20 38 35 32 24 23 21 22 20 26 26 33 20
internal_value=-2.56035e-05 0.000301464 0.00127941 0.000436893 -0.00186893 -0.000103532 0.000587467 -0.000707763 -0.000135135 6.62252e-05 0.00257463 -0.00100694 -0.000352941 -0.00242647 0.000147783 0.00154812 0.00095679 0.00138686 -0.00230769 -0.0025 -0.000192308 -0.000548387 -0.00215686 -0.00156863 0.00279221 0.00186275 0.00118902 0.000348837 0.0016 0.00211538 0.000240385 -0.000297619 -0.00284091 -0.00166667 0.000347222 -0.00236111 0.00212871 0.00136364 0.000444444 0.00328704 0.00267123 -0.00303571 -0.00202128 -0.00365385 0.00234043 0.00289474 0.00133333 -0.00141304 -0.00141304 -0.00376923 -0.00453488
internal_weight=1367 1161 340 206 206 821 383 438 74 302 134 144 255 136 203 239 162 137 52 42 182 155 51 51 77 51 164 86 50 78 104 84 132 54 72 72 101 66 45 108 73 112 47 78 47 57 45 46 46 65 43
internal_count=1367 1161 340 206 206 821 383 438 74 302 134 144 255 136 203 239 162 137 52 42 182 155 51 51 77 51 164 86 50 78 104 84 132 54 72 72 101 66 45 108 73 112 47 78 47 57 45 46 46 65 43
is_linear=0
shrinkage=0.005


Tree=1
num_leaves=53
num_cat=0
split_feature=20 41 1 81 40 8 72 64 5 83 74 33 8 41 91 22 13 33 8 4 92 94 64 19 90 3 4 5 72 74 4 13 74 29 82 81 5 64 94 22 3 3 23 10 40 13 33 81 19 90 29 10
split_gain=21.2299 18.2375 13.6888 13.2764 12.9711 10.9767 11.5454 11.3817 14.1345 10.9716 10.029 9.0966 11.6876 8.43357 8.36206 7.11114 7.04196 8.77582 7.93048 6.90091 6.30362 7.29072 7.26886 6.27451 6.24161 6.23297 8.41803 6.94022 6.50878 5.70417 5.39622 5.23577 5.11908 4.72501 4.67347 4.62299 4.52801 4.42369 4.00476 3.75686 6.01136 3.47115 3.45126 3.40076 3.38 3.18509 3.025 2.65947 2.25678 1.50439 1.63695 0.951252
threshold=2217.7000000000003 82.750000000000014 13797.950000000003 3928.8143003910241 30.250000000000004 393.23111111111115 1515.0715000000002 1012.2905000000002 2843.8300000000004 2336.9499999999994 990.14460416666668 199.75000000000003 401.31831349206351 59.250000000000007 35296.655775000007 88.250000000000014 4063.4500000000003 35.250000000000007 415.0144736842106 10578.365000000002 23524.571381250007 561341.72473937517 1172.2630000000001 227.75000000000003 925.08885000000021 13628.350000000002 3669.8650000000002 3912.7500000000005 1449.9735000000003 407.57307291666672 3302.6700000000005 4369.0500000000011 631.40523958333347 83.250000000000014 -1.0000000180025095e-35 4133.4101707823311 7255.7650000000003 1508.3500000000001 612096.68340875022 84.250000000000014 14594.85 13900.300000000001 91.250000000000014 33266.450000000004 77.750000000000014 9379.8000000000011 37.750000000000007 4411.2982446822925 1028.45 1310.0251500000004 91.250000000000014 30168.850000000002
decision_type=2 2 2 2 2 2 2 2 2 2 2 2 2 2 2 2 2 2 2 2 2 2 2 2 2 2 2 2 2 2 2 2 2 2 2 2 2 2 2 2 2 2 2 2 2 2 2 2 2 2 2 2
left_child=1 4 19 9 13 -6 7 11 -9 15 -8 12 -7 -1 20 -4 42 -18 24 35 21 -5 32 -10 -19 28 27 37 -2 -23 49 -28 -22 -32 -26 51 -15 -27 -31 -12 48 -35 -14 -42 -11 -13 -43 -33 -41 -25 -51 -3
right_child=25 2 3 14 5 6 10 8 23 44 39 45 16 36 -16 -17 17 18 -20 -21 22 29 -24 30 34 26 31 -29 -30 38 33 47 -34 41 -36 -37 -38 -39 -40 40 43 46 -44 -45 -46 -47 -48 -49 -50 50 -52 -53
leaf_value=5.4672570899128913e-06 2.0375985000282528e-05 -0.030057647956814613 0.00085016056448221204 -0.00017574674189090728 -0.00233633114695549 -0.00059105448685586458 -0.0010446540266275406 -0.00014969050288200379 4.7643501311540603e-07 1.7328679561614992e-05 0 0.0034791153967380522 0.00091212287545204161 -0.00072391713326796895 -0.0051392244615126401 2.0785487256944181e-06 -9.6006393432617189e-06 -0.00061416754499077797 0.0034639693204313515 -2.0291993860155344e-07 -1.7328679561614992e-05 -8.6643397808074961e-06 0 0.0010479293700307608 0.00205195365208765 -6.69989287853241e-06 -0.031802986076101665 0 -0.00093532236227765692 0.0032178056578850375 0.0034471266672015189 -0.001049295324087143 -0.019049985838960854 0.0012581767804920674 -3.1904496252536774e-06 -0.00090385990552604197 -2.0291993860155344e-07 -0.0017202633764594793 0 0.00072117112576961515 -1.3419369512121194e-06 -0.00013001510351896289 0 0 -1.7328679561614992e-05 0.0034484072327613832 0.00022335849264636638 -9.5249378494918359e-05 4.3656147281581071e-07 0.00046644171103835108 0.0017651662476360797 -0.0028841160114854575
leaf_weight=31 29 24 37 37 21 22 33 29 34 25 35 20 21 27 23 28 25 22 37 28 27 20 23 28 24 21 28 35 32 28 29 20 22 25 27 21 20 20 32 21 20 20 30 24 25 23 20 21 23 26 22 22
leaf_count=31 29 24 37 37 21 22 33 29 34 25 35 20 21 27 23 28 25 22 37 28 27 20 23 28 24 21 28 35 32 28 29 20 22 25 27 21 20 20 32 21 20 20 30 24 25 23 20 21 23 26 22 22
internal_value=-2.56035e-05 0.000236865 -0.000592417 -0.000107034 0.000710419 0.000937973 0.00105469 0.00143595 0.00223176 0.00126087 -0.000128205 0.000697211 0.000264423 -0.00121795 -0.000849057 0.00261538 0.000672043 7.40741e-05 0.000681818 -0.00226316 -0.000502646 0.000213675 -0.00166667 0.00269608 -0.000273973 -0.00150485 -0.00206897 -0.000921053 -0.000163934 0.0010625 0.00308824 -0.00333333 -0.0027551 0.00228723 0.000686275 -0.00313433 -0.00255319 -0.00231707 0.00183333 0.000528455 0.00107955 0.00153846 0.0022549 -0.000227273 -0.0005 0.0027907 0.000625 -0.00219512 0.00238636 0.00407895 0.00354167 -0.00402174
internal_weight=1367 1161 422 327 739 661 640 484 233 115 156 251 208 78 212 65 186 135 110 95 189 117 72 204 73 206 145 76 61 80 170 69 49 94 51 67 47 41 60 123 88 65 51 44 50 43 40 41 44 76 48 46
internal_count=1367 1161 422 327 739 661 640 484 233 115 156 251 208 78 212 65 186 135 110 95 189 117 72 204 73 206 145 76 61 80 170 69 49 94 51 67 47 41 60 123 88 65 51 44 50 43 40 41 44 76 48 46
is_linear=0
shrinkage=0.005


Tree=2
num_leaves=50
num_cat=0
split_feature=73 64 19 72 19 35 8 80 5 8 84 8 40 84 64 13 26 88 72 94 63 77 13 69 77 20 27 19 5 96 69 78 89 13 23 88 4 69 5 27 5 8 30 78 69 97 76 3 14
split_gain=23.5438 20.567 23.8806 18.1058 16.4305 15.9314 15.6923 11.5775 10.5751 10.4669 14.0006 10.2222 11.32 9.60013 8.46128 7.84093 7.71777 7.58506 7.60604 7.49407 7.20803 7.10419 8.6956 7.00875 7.92126 7.90672 6.68324 6.55688 5.59264 6.85075 4.62236 7.51022 4.58413 4.4928 5.59244 4.47671 6.75 3.96327 3.94696 3.30093 3.56044 4.80541 2.85833 2.75238 3.76435 2.5 2.34505 1.62037 1.16044
threshold=1234.7290000000003 1054.9045000000003 1757.3000000000002 963.64250000000015 1344.0500000000004 27.275000000000002 418.96711237553347 40854.28402777778 2780.9150000000004 421.42618421052634 1349.6090416666668 404.38928571428579 48.750000000000007 113.64041666666668 809.13950000000011 7091.0500000000011 81.250000000000014 5912.0716666666667 0.96250000000000002 742669.06285812519 30887.850000000002 4001.6695332754302 2792.8500000000008 27275.700000000004 4076.5077576887334 1231.4000000000003 18.250000000000004 218.00000000000003 7387.4450000000006 1.0000000180025095e-35 33508.700000000004 702.27681944444453 1335.5313562500003 11469.400000000001 98.750000000000014 4477.5195833333346 4667.1150000000007 36564.750000000007 5414.2600000000011 35.750000000000007 4872.0250000000005 413.284564777328 98.750000000000014 1206.2062708333335 32132.250000000004 0.13541666666666671 36392.461458333339 15282.230500000003 16268.6
decision_type=2 2 2 2 2 2 2 2 2 2 2 2 2 2 2 2 2 2 2 2 2 2 2 2 2 2 2 2 2 2 2 2 2 2 2 2 2 2 2 2 2 2 2 2 2 2 2 2 2
left_child=1 3 8 5 11 7 30 17 -3 15 -11 32 -13 -7 37 27 -17 -1 23 20 43 22 -6 -19 33 45 -4 -10 -20 -30 31 -5 -2 -25 -35 -28 -37 46 -33 48 41 -41 -23 -14 -45 -26 -15 -48 -29
right_child=4 2 26 6 21 13 -8 -9 9 10 -12 12 19 14 -16 16 -18 18 28 -21 -22 42 -24 24 25 -27 35 39 29 -31 -32 38 -34 34 -36 36 -38 -39 -40 40 -42 -43 -44 44 -46 -47 47 -49 -50
leaf_value=0.00058433975942293178 -2.38217506557703e-09 -0.0013804727590940894 -0.01229084413793031 8.4834239096380769e-09 3.482792022987269e-06 -1.695901551087445e-05 6.9925728286616512e-06 -0.014964972287340906 0.0002910584011664614 0.0010238314558039419 -0.00036580477570393122 -9.4719745936745314e-05 2.6495727768997317e-07 0.0010966351194679738 -0.00015107645391114057 -2.0513217873871327e-05 0.033258297779496293 0.028524048933962477 -0.0028439555938676929 -1.2894912511110304e-06 0 -0.00075744136954913844 -0.00051259132728725672 8.6982956906285845e-07 1.3239481486496516e-05 0.00070917193803144622 -0.0020282860784996302 0.0013062742997573223 5.0935125263058589e-06 -0.00077111228898167617 -0.0018048421314115404 -0.00071145682156644764 -0.00080967310218692354 -0.00078226012738910502 -7.5728500094264753e-06 5.7428758386522533e-05 -0.00020368179790349682 1.432001944631338e-05 -0.0031871902409130711 6.1666676621884107e-05 0.0019582928069252518 0.0012007017536861822 -0.001978243326695636 0.00062602237373963001 0 -0.00019129045456637639 0.005701467465905473 0.0034484505544602872 0.0032053046759436838
leaf_weight=36 35 29 20 22 21 25 36 20 21 26 22 30 24 39 21 31 20 23 39 24 38 32 37 38 20 28 21 44 30 29 36 24 28 34 22 24 24 20 23 20 36 22 28 33 23 20 21 27 21
leaf_count=36 35 29 20 22 21 25 36 20 21 26 22 30 24 39 21 31 20 23 39 24 38 32 37 38 20 28 21 44 30 29 36 24 28 34 22 24 24 20 23 20 36 22 28 33 23 20 21 27 21
internal_value=7.31529e-06 0.000394477 0.00131234 -0.000157978 -0.00110482 0.000294715 -0.00173759 -0.000309735 0.00200342 0.00231939 0.000208333 -0.000340426 0.000290698 0.00163399 0.0021875 0.0027907 0.00107843 -7.83699e-05 -0.000353357 0.000880282 0.00139831 -0.00262712 -0.00137931 0.000243243 -0.000123457 0.00117647 -0.000955056 0.00332317 -0.00147959 -0.000508475 -0.00271429 -0.00195652 -0.00206349 -0.00106383 -0.00196429 -0.000217391 0.000625 0.00275701 -0.00308511 0.00370629 0.00301282 0.00202381 -0.00383333 0.00225 0.00285714 -0.00025 0.00321839 0.00395833 0.00453846
internal_weight=1367 1014 381 633 353 492 141 339 292 263 48 235 172 153 128 215 51 319 283 142 118 118 58 185 162 68 89 164 98 59 105 69 63 94 56 69 48 107 47 143 78 42 60 80 56 40 87 48 65
internal_count=1367 1014 381 633 353 492 141 339 292 263 48 235 172 153 128 215 51 319 283 142 118 118 58 185 162 68 89 164 98 59 105 69 63 94 56 69 48 107 47 143 78 42 60 80 56 40 87 48 65
is_linear=0
shrinkage=0.005


Tree=3
num_leaves=53
num_cat=0
split_feature=20 30 70 85 79 21 7 32 42 17 17 13 31 89 33 69 20 69 68 38 24 20 42 17 89 69 42 81 20 21 19 23 69 81 34 75 91 19 93 17 38 19 17 61 31 37 16 31 35 79 7 59
split_gain=23.908 19.9532 16.2398 12.0343 10.2632 10.2468 11.8593 11.648 10.2506 9.94128 16.7188 12.1207 9.78261 16.0221 8.43637 8.35187 7.92757 7.25535 6.93855 7.97107 8.71334 6.58942 6.21218 10.1939 6.10973 9.12563 10.1074 7.32065 7.03674 9.15093 8.41558 5.88395 5.71667 5.53007 5.2964 5.23802 6.47171 4.96732 8.29327 4.95429 4.91636 4.90404 6.26087 4.95718 4.43935 4.2964 4.18474 3.8784 2.82609 2.72727 1.13778 1.00571
threshold=2515.9500000000003 64.250000000000014 1011.3385000000001 1093.1130000000001 239.65813367669145 28.925000000000004 16.905000000000005 252.75000000000003 171.60000610351565 259.55000000000007 100.55000000000001 8282.2000000000025 4.0750000000000011 1423.0497937500002 191.75000000000003 32292.400000000005 240.00000000000003 31984.200000000004 1095.5000000000002 8.5750000000000028 8.9750000000000032 1295.2500000000002 233.22500610351562 27.300000000000004 645.88606875000005 31060.300000000007 122.20000076293947 4911.2121598497988 1311.1000000000001 26.475000000000005 1757.3000000000002 99.750000000000014 30075.250000000004 4021.8627369982291 60.250000000000007 266.4864924226469 32270.535662500002 2546.9500000000003 418.96711237553347 153.55000000000004 5.5250000000000012 1733.0500000000002 22.950000000000003 29704.550000000003 6.4250000000000016 95.750000000000014 6382.7000000000007 11.625000000000002 26.325000000000006 498.60775875743775 29.830000000000002 -0.24999999999999994
decision_type=2 2 2 2 2 2 2 2 2 2 2 2 2 2 2 2 2 2 2 2 2 2 2 2 2 2 2 2 2 2 2 2 2 2 2 2 2 2 2 2 2 2 2 2 2 2 2 2 2 2 2 2
left_child=1 2 12 31 39 6 7 32 14 10 22 -11 13 -1 16 -7 -8 47 19 20 -14 44 45 -24 -18 41 27 28 29 35 49 -3 -5 -28 -23 -27 -37 50 -39 -4 -12 42 43 -26 -6 -10 -46 -2 -44 -30 -19 -42
right_child=17 3 4 5 21 15 8 -9 9 11 40 -13 18 -15 -16 -17 24 37 -20 -21 -22 34 23 -25 25 26 33 -29 30 -31 -32 -33 -34 -35 -36 36 -38 38 -40 -41 51 -43 48 -45 46 -47 -48 -49 -50 -51 -52 -53
leaf_value=9.1718423616580563e-06 9.1962525169036237e-06 -0.00020103497034770494 -2.370264190249145e-09 -0.0012955654791573167 0.031137145485461079 0.0033714448590411871 -0.0001611637906486122 0.0001537491499240765 -1.7709410394916998e-06 0.00028860698019493375 -0.00017168257091330848 -1.5437229190818032e-05 0.00056378766750441866 -0.0030565195911843985 -0.0001904217038329743 1.2998966854621901e-06 -3.1322568991643495e-06 -0.0013474335651589913 -0.00017714707240509511 -7.4148328468529517e-06 0.003648597497156722 0.0016297023984805415 -0.00205629280848544 0.0005152677712167089 0.00057668211943640371 0.00047445262649226469 -0.00031157205521503229 -0.00048740646285816885 0.0007518674593839414 -2.2803022199496627e-05 4.5853665243991425e-06 -0.01672037649773337 -0.0023576643974914822 0 -6.6808101403023107e-06 -1.6802885917574167e-05 0.00010872411056224489 -0.001004680766429882 3.762298530417029e-06 4.7359872968372658e-07 -0.0040137677313474051 3.9009078933170528e-06 0.0016949579463342518 -1.368427891447209e-07 0.00052821278361166483 0.00066868454307519019 0.00041607220296934247 -0.00044800051839783447 0.00018960650769691097 0.0065487435162165444 -0.030195848537989144 -0.00098355749288264521
leaf_weight=29 29 25 35 20 40 28 20 20 21 29 22 22 37 25 30 31 37 20 36 24 28 21 20 24 21 22 25 26 20 27 28 22 28 36 20 30 21 34 23 25 22 27 26 25 22 20 27 20 20 24 25 28
leaf_count=29 29 25 35 20 40 28 20 20 21 29 22 22 37 25 30 31 37 20 36 24 28 21 20 24 21 22 25 26 20 27 28 22 28 36 20 30 21 34 23 25 22 27 26 25 22 20 27 20 20 24 25 28
internal_value=-1.09729e-05 0.000222039 0.00119241 -0.000200708 0.00221053 -5.625e-05 -0.000215924 -0.00220588 -1.48588e-05 -0.0009375 -0.00156051 0.000980392 0.000111732 -0.00166667 0.000397849 0.00194915 0.000574713 -0.00188742 0.00088 0.00162921 0.00253846 0.003 -5.88235e-05 -0.00136364 0.000722892 0.000912698 0.0003861 0.000934343 0.00130814 0.00045 0.0025 -0.00265957 -0.00354167 -0.00139344 0.00134146 0.00136986 0.000490196 -0.00264706 -0.00166667 0.0005 -0.00333333 0.00205882 0.0026087 0.00130435 0.00376404 0.00134146 0.0027551 -0.000306122 0.00391304 0.00386364 -0.00388889 -0.0042
internal_weight=1367 1216 369 847 190 800 741 68 673 208 157 51 179 54 465 59 435 151 125 89 65 130 85 44 415 378 259 198 172 100 72 47 48 61 41 73 51 102 57 60 72 119 92 46 89 41 49 49 46 44 45 50
internal_count=1367 1216 369 847 190 800 741 68 673 208 157 51 179 54 465 59 435 151 125 89 65 130 85 44 415 378 259 198 172 100 72 47 48 61 41 73 51 102 57 60 72 119 92 46 89 41 49 49 46 44 45 50
is_linear=0
shrinkage=0.005


Tree=4
num_leaves=51
num_cat=0
split_feature=68 64 33 8 33 100 99 80 45 36 24 22 73 8 44 8 45 7 33 6 6 66 38 38 78 100 78 3 22 17 61 64 6 23 44 44 44 42 38 45 24 83 61 91 38 11 8 3 23 38
split_gain=18.5473 26.2374 17.0675 14.7285 13.2588 11.2981 16.9884 12.6212 9.4439 9.24597 12.0608 8.59106 8.53175 9.59659 11.0696 8.43108 12.1905 8.29665 7.40498 7.76822 7.16625 7.09632 6.801 8.09741 7.96265 7.00606 6.89248 6.44188 6.27421 6.05409 6.01881 5.67123 5.50556 5.38841 5.15714 4.92745 7.95995 4.71344 4.62875 5.98122 4.60971 4.53879 3.37519 4.45873 3.27273 3.20017 2.87389 2.60999 2.29805 1.74545
threshold=1499.9500000000003 967.13300000000015 34.250000000000007 417.26817982456146 195.25000000000003 0.17013888888888892 0.76041666666666685 30539.098958333339 25446.500000000004 81.250000000000014 10.775000000000002 95.250000000000014 1234.7290000000003 421.82539473684216 2.712499976158143 415.73035603715175 24577.500000000004 18.140000000000004 119.75000000000001 3827.7900000000004 3210.4450000000002 1295.3840000000002 7.4750000000000014 6.325000000000002 426.73918750000007 0.58680555555555569 737.13989930555567 13910.200000000003 91.750000000000014 84.90000000000002 30785.850000000002 1676.8000000000002 5380.005000000001 86.250000000000014 4.3880000114440927 3.0824999809265141 3.7005000114440922 120.72499847412111 4.5750000000000011 23697.500000000004 6.4250000000000016 2013.0000000000002 30317.850000000002 32811.618956250008 11.075000000000001 36974.450000000004 410.36526315789479 15039.500000000002 86.750000000000014 6.6750000000000016
decision_type=2 2 2 2 2 2 2 2 2 2 2 2 2 2 2 2 2 2 2 2 2 2 2 2 2 2 2 2 2 2 2 2 2 2 2 2 2 2 2 2 2 2 2 2 2 2 2 2 2 2
left_child=1 4 3 46 5 7 22 -1 27 10 17 12 13 14 15 -3 -17 -4 30 -20 -5 -21 23 24 -7 33 29 -6 42 -26 -11 35 -15 -24 -14 -16 -37 -29 -22 -40 -38 -42 -8 -44 -27 -35 -2 -12 -32 -9
right_child=2 11 9 20 8 6 28 49 -10 18 47 -13 34 32 31 16 -18 -19 19 21 38 -23 25 -25 26 44 -28 37 -30 -31 48 -33 -34 45 -36 36 40 -39 39 -41 41 -43 43 -45 -46 -47 -48 -49 -50 -51
leaf_value=0.00028585684503329168 -0.00095483284062799546 -2.7861259259242827e-05 -2.0803610148467126e-06 -0.0018754139730790132 -1.1646132461076939e-06 0.002112702626714048 -1.2436092447449236e-05 -0.001085480822672539 -0.0004242732670266655 -6.6065896975846602e-07 0.00025609577797930855 0.00094198051682788976 -0.00068828885758550609 -0.0016522230332569011 0.0010849958761202517 0.031389171297675621 -0.00014298771911060786 3.1834005374354221e-05 -2.7894138938869195e-06 -2.5246295834251815e-06 -0.00082734957046852768 0.0016048593286118811 2.4578964254537207e-06 0.0010703481911196527 -0.00035543403381827003 -1.7056970248819056e-05 5.81839928483343e-06 0.0037336704441443907 1.2186924178863701e-07 2.80326099252419e-06 -3.258104103956326e-06 0.0019261498373090461 0.0010106150560786125 -0.00012234968936404358 2.4967096766300183e-05 -2.2169795629791047e-06 0.000137219203062904 0.0017677327912201399 -6.9687387331423119e-05 1.0572940597220876e-05 0.00058824571235857202 0.0019639842243214085 -0.0028037747933527817 -1.0894028493884209e-05 5.0906455074572166e-05 -0.0013431001342371601 -0.0014987313241533302 5.5704552950337547e-06 -0.0012256058224072123 -0.0018683284460111551
leaf_weight=24 30 28 24 24 20 33 20 20 24 32 20 26 36 20 32 21 27 33 38 20 22 26 20 33 39 22 33 29 23 35 23 23 23 25 20 35 21 20 32 39 32 26 36 20 22 21 38 21 32 24
leaf_count=24 30 28 24 24 20 33 20 20 24 32 20 26 36 20 32 21 27 33 38 20 22 26 20 33 39 22 33 29 23 35 23 23 23 25 20 35 21 20 32 39 32 26 36 20 22 21 38 21 32 24
internal_value=2.19459e-05 0.00043264 -0.000803965 -0.00197297 -0.000267035 -0.000622222 -0.000287958 -0.0025 0.00145161 0 0.00122449 0.00145946 0.00125 0.00159722 0.00197959 0.000394737 0.00166667 -0.000263158 -0.000701754 0.000357143 -0.000897436 0.00173913 0.000335689 0.000953757 0.000428571 -0.000636364 -0.000233645 0.0023913 -0.00207071 -0.00108108 -0.00172414 0.00269231 -0.000581395 -0.00166667 -0.000535714 0.00232877 0.00184211 0.00336735 -0.000268817 0.000352113 0.00272152 0.00344828 -0.00276316 -0.00339286 0.000909091 -0.0026087 -0.00382353 0.00329268 -0.00272727 -0.00409091
internal_weight=1367 913 454 185 543 450 382 68 93 269 98 370 344 288 245 76 48 57 171 84 117 46 283 173 140 110 107 69 99 74 87 169 43 66 56 146 114 49 93 71 79 58 76 56 44 46 68 41 55 44
internal_count=1367 913 454 185 543 450 382 68 93 269 98 370 344 288 245 76 48 57 171 84 117 46 283 173 140 110 107 69 99 74 87 169 43 66 56 146 114 49 93 71 79 58 76 56 44 46 68 41 55 44
is_linear=0
shrinkage=0.005


Tree=5
num_leaves=55
num_cat=0
split_feature=62 72 72 21 13 37 21 77 46 83 62 43 83 85 43 39 77 14 31 25 77 27 69 80 41 25 81 21 69 32 67 16 3 14 61 86 35 73 69 39 4 64 97 0 41 21 83 41 64 64 14 56 43 0
split_gain=18.1935 19.6058 18.7101 16.5836 12.6465 11.8461 11.0817 10.5452 10.5381 10.0369 9.7614 9.24109 10.0927 8.71446 8.91477 9.16075 8.69542 8.31641 7.24246 8.20514 7.86506 7.17107 7.00863 10.1477 6.97171 6.57422 6.42809 6.22944 8.26009 6.1633 6.93652 5.92641 10.1879 5.55556 6.17521 5.33597 5.26756 5.20728 5.09522 8.24622 5.08804 4.9 4.81208 4.31002 4.18467 5.23893 4.12325 4.08284 3.75977 3.6 3.42857 2.84269 1.9451 0.921951
threshold=1058.0160000000003 1444.3830000000003 963.10000000000014 17.725000000000005 2723.8500000000004 51.750000000000007 29.875000000000004 3995.0372167181936 104.02999877929689 1366.7500000000002 1326.6000000000001 72.61999893188478 2701.1500000000001 990.64750000000015 66.125000000000014 218.75000000000003 4001.6695332754302 21858.350000000002 10.575000000000001 49.250000000000007 4123.4516534389759 34.250000000000007 36370.400000000009 36158.450694444451 83.750000000000014 98.250000000000014 4182.2746060945983 28.125000000000004 30368.250000000004 75.250000000000014 32588.950000000001 6421.8000000000011 13900.300000000001 20921.800000000007 31873.400000000005 615.09300000000019 26.275000000000002 1068.5770000000002 33652.350000000006 216.75000000000003 4821.1050000000005 915.30000000000007 0.13541666666666671 28115.800000000007 65.250000000000014 22.575000000000006 1768.3499999999988 75.250000000000014 1.038 1427.1505000000004 17589.300000000003 1.0000000180025095e-35 81.694999694824233 30124.950000000004
decision_type=2 2 2 2 2 2 2 2 2 2 2 2 2 2 2 2 2 2 2 2 2 2 2 2 2 2 2 2 2 2 2 2 2 2 2 2 2 2 2 2 2 2 2 2 2 2 2 2 2 2 2 2 2 2
left_child=2 5 6 7 41 37 13 9 38 -3 40 -12 21 26 -15 17 31 18 19 -16 22 35 23 27 29 -17 -1 28 -21 -18 -31 32 43 34 -27 -13 -20 52 39 48 -5 -4 -22 -7 -23 -46 -9 -47 -6 -34 -10 -36 -2 -50
right_child=1 3 4 10 8 16 -8 46 50 -11 11 12 -14 14 15 25 24 -19 36 20 42 44 -24 -25 -26 33 -28 -29 -30 30 -32 -33 49 -35 51 -37 -38 -39 -40 -41 -42 -43 -44 -45 45 47 -48 -49 53 -51 -52 -53 -54 -55
leaf_value=-1.8201729878611313e-06 0.0020101492626317208 -0.00079116395451479251 -1.5597639132091008e-05 0.0012711741909563732 -0.0074924127864247313 0.00015614744196780546 0.0034316717255188749 -0.0028265825674533575 -0.032934647539499574 5.7819910177836748e-05 9.5237664099885635e-05 -5.3282596724987335e-06 1.5584929838100422e-06 0.0012744412001846894 -0.00013640556607649341 -2.7504952540210201e-06 -5.1007781255305142e-06 0.0050292101711794657 -1.2375030183447183e-05 -0.00086665219894233015 0.0001813444219693863 -0.0002243940911630174 -0.02876145669351847 0.0014764241391791559 -0.00094537206880158616 -2.1611882962635162e-06 -0.0034419212115115315 1.4620428666252317e-06 -0.0034592930108927823 0.00051542515543778126 2.8633850562523518e-06 0.0021272965911715313 -0.00043589937903690506 -2.2449559411620059e-05 0.0054133510199539207 2.2153073878213103e-05 1.2333425001496683e-05 0.00067331291169608302 -0.0021450006061012467 1.9660035783873164e-06 1.1027000304337157e-05 8.0941470576158765e-05 -0.00014498035883723067 0.026770731142918204 1.5682620811493951e-06 -2.3772813868032254e-08 -0.0010351169519240116 -3.9558739944402682e-06 -0.0019008055758609865 0.00036887695531734695 8.26987805060453e-06 0.00010593434830662503 0.030483608187863276 -0.0011311311021968806
leaf_weight=23 31 22 20 21 21 26 27 28 21 28 22 22 28 22 26 22 33 32 29 34 35 24 22 29 21 20 26 22 33 20 29 24 20 24 29 24 22 33 36 21 20 20 23 22 21 25 23 33 21 20 21 23 20 20
leaf_count=23 31 22 20 21 21 26 27 28 21 28 22 22 28 22 26 22 33 32 29 34 35 24 22 29 21 20 26 22 33 20 29 24 20 24 29 24 22 33 36 21 20 20 23 22 21 25 23 33 21 20 21 23 20 20
internal_value=7.33138e-05 0.0006875 -0.000469613 -0.000131965 -0.00176617 0.00162207 2.86807e-05 -0.00183168 -0.0023913 -0.0002 0.000583333 0.000125628 -0.000254237 -0.000141129 7.82998e-05 -8.23529e-05 0.001 -0.000537459 -0.000818182 -0.00120536 -0.000858586 -0.000771812 -0.0015 -0.00101695 -4.85437e-05 0.00110169 -0.00214286 -0.00185393 -0.00261194 0.000609756 0.00173469 0.00196429 0.00136364 0.00166667 0.00236111 0.000869565 0.000882353 0.00321429 -0.00315126 -0.00246988 0.00280488 0.00075 0.000689655 0.00291667 -0.00150485 -0.000949367 -0.00343137 -0.00172414 -0.0033871 -0.0005 -0.000238095 0.00326923 0.00421569 -0.00426829
internal_weight=1364 640 724 341 201 299 523 101 161 50 240 199 177 496 447 425 215 307 275 224 198 149 140 118 103 118 49 89 67 82 49 112 88 96 72 46 51 84 119 83 41 40 58 48 103 79 51 58 62 40 42 52 51 41
internal_count=1364 640 724 341 201 299 523 101 161 50 240 199 177 496 447 425 215 307 275 224 198 149 140 118 103 118 49 89 67 82 49 112 88 96 72 46 51 84 119 83 41 40 58 48 103 79 51 58 62 40 42 52 51 41
is_linear=0
shrinkage=0.005


end of trees

feature_importances:
load_lag_336=12
hydro_water_level_m=11
smp_lag_50=11
hydro_inflow_m3s=8
disp_hydro_midday_mw=8
disp_wind_midday_mw=8
disp_wind_evening_mw=8
wind_speed_hcmc=8
load_south_mw=7
hydro_total_discharge_m3s=7
direct_radiation_danang=7
smp_north_lag_336=7
load_rolling_std_24h=7
disp_hydro_evening_mw=6
disp_solar_evening_mw=6
temperature_hanoi=6
coal_proxy_price=6
smp_south_lag_336=6
load_rolling_mean_72h=6
load_rolling_std_72h=6
load_ramp_lag48=6
cloud_cover_hanoi=5
cloud_cover_danang=5
direct_radiation_hcmc=5
diffuse_radiation_hcmc=5
brent_price=5
disp_solar_midday_mw=4
humidity_hanoi=4
wind_speed_danang=4
gas_proxy_price=4
usd_vnd=4
dxy_index=4
load_lag_48=4
smp_rolling_mean_72h=4
margin_temp_interaction=4
load_total_mw=3
hydro_plant_discharge_m3s=3
hydro_spill_discharge_m3s=3
wind_speed_hanoi=3
shortwave_radiation_hanoi=3
diffuse_radiation_hanoi=3
temperature_hcmc=3
smp_lag_336=3
smp_rolling_mean_24h=3
smp_yesterday_mean=3
solar_gen_proxy=3
residual_load_proxy=3
hydro_depletion_index=3
disp_total_midday_mw=2
direct_radiation_hanoi=2
temperature_danang=2
humidity_danang=2
shortwave_radiation_danang=2
cloud_cover_hcmc=2
shortwave_radiation_hcmc=2
smp_lag_49=2
load_lag_49=2
smp_lag_96=2
smp_north_lag_48=2
smp_rolling_std_72h=2
smp_yesterday_max=2
hydro_discharge_rolling_24h=2
wind_gen_proxy=2
spike_prob_24h=2
spike_prob_72h=2
zero_prob_72h=2
load_north_mw=1
disp_total_evening_mw=1
diffuse_radiation_danang=1
humidity_hcmc=1
sin_dow=1
cos_month=1
load_lag_96=1
smp_rolling_std_24h=1
load_rolling_mean_24h=1
price_spread_ns_lag48=1
smp_yesterday_min=1
thermal_margin_proxy=1
is_spike=1
is_zero=1
zero_prob_24h=1

parameters:
[boosting: gbdt]
[objective: regression_l1]
[metric: l1]
[tree_learner: serial]
[device_type: cpu]
[data_sample_strategy: bagging]
[data: ]
[valid: ]
[num_iterations: 3000]
[learning_rate: 0.005]
[num_leaves: 127]
[num_threads: -1]
[seed: 42]
[deterministic: 0]
[force_col_wise: 0]
[force_row_wise: 0]
[histogram_pool_size: -1]
[max_depth: -1]
[min_data_in_leaf: 20]
[min_sum_hessian_in_leaf: 0.001]
[bagging_fraction: 0.8]
[pos_bagging_fraction: 1]
[neg_bagging_fraction: 1]
[bagging_freq: 5]
[bagging_seed: 400]
[bagging_by_query: 0]
[feature_fraction: 0.5]
[feature_fraction_bynode: 1]
[feature_fraction_seed: 30056]
[extra_trees: 0]
[extra_seed: 12879]
[early_stopping_round: 0]
[early_stopping_min_delta: 0]
[first_metric_only: 0]
[max_delta_step: 0]
[lambda_l1: 0]
[lambda_l2: 0]
[linear_lambda: 0]
[min_gain_to_split: 0]
[drop_rate: 0.1]
[max_drop: 50]
[skip_drop: 0.5]
[xgboost_dart_mode: 0]
[uniform_drop: 0]
[drop_seed: 17869]
[top_rate: 0.2]
[other_rate: 0.1]
[min_data_per_group: 100]
[max_cat_threshold: 32]
[cat_l2: 10]
[cat_smooth: 10]
[max_cat_to_onehot: 4]
[top_k: 20]
[monotone_constraints: ]
[monotone_constraints_method: basic]
[monotone_penalty: 0]
[feature_contri: ]
[forcedsplits_filename: ]
[refit_decay_rate: 0.9]
[cegb_tradeoff: 1]
[cegb_penalty_split: 0]
[cegb_penalty_feature_lazy: ]
[cegb_penalty_feature_coupled: ]
[path_smooth: 0]
[interaction_constraints: ]
[verbosity: -1]
[saved_feature_importance_type: 0]
[use_quantized_grad: 0]
[num_grad_quant_bins: 4]
[quant_train_renew_leaf: 0]
[stochastic_rounding: 1]
[linear_tree: 0]
[max_bin: 255]
[max_bin_by_feature: ]
[min_data_in_bin: 3]
[bin_construct_sample_cnt: 200000]
[data_random_seed: 175]
[is_enable_sparse: 1]
[enable_bundle: 1]
[use_missing: 1]
[zero_as_missing: 0]
[feature_pre_filter: 1]
[pre_partition: 0]
[two_round: 0]
[header: 0]
[label_column: ]
[weight_column: ]
[group_column: ]
[ignore_column: ]
[categorical_feature: ]
[forcedbins_filename: ]
[precise_float_parser: 0]
[parser_config_file: ]
[objective_seed: 16083]
[num_class: 1]
[is_unbalance: 0]
[scale_pos_weight: 1]
[sigmoid: 1]
[boost_from_average: 1]
[reg_sqrt: 0]
[alpha: 0.9]
[fair_c: 1]
[poisson_max_delta_step: 0.7]
[tweedie_variance_power: 1.5]
[lambdarank_truncation_level: 30]
[lambdarank_norm: 1]
[label_gain: ]
[lambdarank_position_bias_regularization: 0]
[eval_at: ]
[multi_error_top_k: 1]
[auc_mu_weights: ]
[num_machines: 1]
[local_listen_port: 12400]
[time_out: 120]
[machine_list_filename: ]
[machines: ]
[gpu_platform_id: -1]
[gpu_device_id: -1]
[gpu_use_dp: 0]
[num_gpu: 1]

end of parameters

pandas_categorical:null
