tree
version=v4
num_class=1
num_tree_per_iteration=1
label_index=0
max_feature_idx=100
objective=regression_l1
feature_names=load_total_mw load_north_mw load_central_mw load_south_mw hydro_inflow_m3s hydro_total_discharge_m3s hydro_plant_discharge_m3s hydro_spill_discharge_m3s hydro_water_level_m disp_total_installed_mw disp_total_midday_mw disp_total_evening_mw disp_hydro_installed_mw disp_hydro_midday_mw disp_hydro_evening_mw disp_solar_installed_mw disp_solar_midday_mw disp_solar_evening_mw disp_wind_installed_mw disp_wind_midday_mw disp_wind_evening_mw temperature_hanoi humidity_hanoi cloud_cover_hanoi wind_speed_hanoi shortwave_radiation_hanoi direct_radiation_hanoi diffuse_radiation_hanoi temperature_danang humidity_danang cloud_cover_danang wind_speed_danang shortwave_radiation_danang direct_radiation_danang diffuse_radiation_danang temperature_hcmc humidity_hcmc cloud_cover_hcmc wind_speed_hcmc shortwave_radiation_hcmc direct_radiation_hcmc diffuse_radiation_hcmc coal_proxy_price brent_price gas_proxy_price usd_vnd dxy_index is_weekend is_workday is_holiday is_tet is_pre_holiday is_post_holiday season sin_hour cos_hour sin_dow cos_dow sin_month cos_month smp_lag_48 load_lag_48 smp_lag_49 load_lag_49 smp_lag_50 load_lag_50 smp_lag_96 load_lag_96 smp_lag_336 load_lag_336 smp_north_lag_48 smp_south_lag_48 smp_north_lag_336 smp_south_lag_336 smp_rolling_mean_24h smp_rolling_std_24h load_rolling_mean_24h load_rolling_std_24h smp_rolling_mean_72h smp_rolling_std_72h load_rolling_mean_72h load_rolling_std_72h price_spread_ns_lag48 load_ramp_lag48 smp_yesterday_mean smp_yesterday_max smp_yesterday_min smp_yesterday_zero_ratio hydro_discharge_rolling_24h solar_gen_proxy wind_gen_proxy residual_load_proxy thermal_margin_proxy hydro_depletion_index margin_temp_interaction is_spike is_zero spike_prob_24h spike_prob_72h zero_prob_24h zero_prob_72h
feature_infos=[16738.400000000001:43669.699999999997] [8141:23529.633000000002] [1030.2:4920.1390000000001] [6568.3000000000002:17620.469000000001] [-24696.790000000001:52718.32] [261.23000000000002:27182.77] [243.56999999999999:14362.75] [11.359999999999999:15398] [386.1925:23252.132105263157] none [14491.4:47673.900000000001] [19152.799999999999:47033.400000000001] none [-3952.3000000000002:18862.5] [6035.6999999999998:23435.200000000001] none [0:8134.5] [0:344.30000000000001] none [0:4273.1999999999998] [0:4263.3999999999996] [7.5:32.299999999999997] [31:99] [0:100] [0.55000000000000004:30.25] [3.5:282] [0:208.5] [3.5:150.5] [16.050000000000001:33.25] [52:99.5] [0:100] [0.80000000000000004:50] [7:306.5] [0:234] [7:146] [20.600000000000001:31.300000000000001] [56:98] [0:100] [0.5:24] [16:265] [0:198] [16:133.5] [63.700000762939453:438.35000610351562] [55.099998474121087:127.98000335693359] [1.5750000476837158:9.6800003051757795] [22394.345703125:26405] [89.639999389648438:114.11000061035156] [0:1] [0:1] [0:1] [0:1] [0:1] [0:1] [1:4] none none [-0.97492791218182362:0.97492791218182362] [-0.90096886790241903:1] [-1:1] [-1:1] [0:1778.5999999999999] [16738.400000000001:43669.699999999997] [0:1778.5999999999999] [16515.5:40602.099999999999] [0:1778.5999999999999] [15251.9:39424.300000000003] [0:1778.5999999999999] [16738.400000000001:43669.699999999997] [0:1778.5999999999999] [16738.400000000001:43669.699999999997] [0:1778.5999999999999] [0:1778.5999999999999] [0:1778.5999999999999] [0:1778.5999999999999] [0:1778.5999999999999] [0:869.78656539635756] [15840.402083333332:48300.345833333326] [1494.0634266859377:7412.3475695858406] [0.069944444444444434:1778.5999999999999] [0:822.68470809772941] [15990.384722222221:45267.230555555558] [2009.5728777065494:7328.5193476692311] [-1602.3:1778.5999999999999] [-2000.7000000000007:5250.3000000000029] [0:1778.5999999999999] [0:1778.5999999999999] [0:1778.5999999999999] [0:1] [919.52208333333328:41870.738333333335] [112.0236:1855.3908750000001] [124.17300000000002:5960.3040000000001] [13767.265887500002:40395.97834999999] [13155.821650000013:39784.534112499998] [386.1925:23252.132105263157] [371342.92174875003:1122197.6812312501] [0:1] [0:1] [0:1] [0:1] [0:1] [0:1]
tree_sizes=4277 4123 4349 4408 4637

Tree=0
num_leaves=53
num_cat=0
split_feature=95 68 72 70 68 43 94 24 46 28 69 89 98 0 83 98 38 38 25 78 75 62 0 69 26 72 0 71 62 0 83 11 56 24 61 20 20 46 94 0 83 89 28 98 40 28 46 30 38 26 78 19
split_gain=29.7793 38.0157 27.2015 13.9877 11.4677 9.98935 9.98959 8.99216 8.05526 7.21597 5.89274 8.86364 6.46066 6.47814 5.89069 5.56934 7.51055 5.56384 6.10457 5.40573 5.07253 4.97545 5.5372 5.49324 5.35185 4.72803 4.6751 4.26667 4.24175 3.71212 3.53848 3.41414 4.87324 3.2256 4.81727 3.0813 8.07382 3.03333 2.76196 4.17458 2.69539 2.57145 2.45444 2.38095 2.28161 5.41106 2.22952 2.10324 2.00548 1.89394 1.50307 0.276923
threshold=1.0000000180025095e-35 1346.5740000000003 1365.6245000000001 850.57450000000006 1.0020000000000002 64.86999893188478 771890.4491643752 10.925000000000002 106.49000167846681 26.625000000000004 31854.100000000002 1195.5018562500002 0.18402777777777782 32641.750000000004 2583.8999999999983 0.086805555555555566 6.3750000000000009 8.7750000000000021 32.750000000000007 1465.2778229166668 329.14554610593734 1500.4775000000002 32062.100000000002 31132.750000000004 18.250000000000004 1503.4000000000003 31732.850000000002 1004.4745000000001 963.80000000000007 32226.900000000005 1853.0499999999995 41925.250000000007 1.0000000180025095e-35 5.2750000000000012 30406.750000000004 716.05000000000007 1295.2500000000002 101.9650001525879 533320.14074531256 32132.250000000004 2032.3500000000024 1076.4767812500002 23.375000000000004 0.40625000000000006 81.250000000000014 25.325000000000006 103.37500000000001 69.250000000000014 6.9750000000000005 75.750000000000014 1211.9456805555558 898.80000000000007
decision_type=2 2 2 2 2 2 2 2 2 2 2 2 2 2 2 2 2 2 2 2 2 2 2 2 2 2 2 2 2 2 2 2 2 2 2 2 2 2 2 2 2 2 2 2 2 2 2 2 2 2 2 2
left_child=1 3 8 4 15 -5 17 9 19 -6 11 27 13 -12 33 20 29 18 -7 28 -1 22 43 48 -24 -13 -25 -3 -2 -17 -18 32 46 -11 -35 50 -37 -14 -39 -40 -9 -28 -38 -4 51 -46 -22 -43 -23 -32 -20 -30
right_child=2 10 21 5 7 6 -8 40 -10 14 12 25 37 -15 -16 16 30 -19 35 -21 31 23 24 26 -26 -27 41 -29 44 -31 49 -33 -34 34 -36 36 42 38 39 -41 -42 47 -44 -45 45 -47 -48 -49 -50 -51 -52 -53
leaf_value=0 0.00011197761166840792 -0.0017416133731603623 -0.00086090609431266785 -0.00033515337854623796 0.00031618673354387282 0 -0.00037719698622822761 -0.0012758252024650575 0 0 -0.0026315262913703917 0.00031656874343752864 -0.0016750999540090562 0.00013045539148151875 0 -0.0032274603843688967 0.00014675606973469258 0 0.0017266409844160081 0 0 0 2.4221306666731835e-05 0 0 -2.8928296524100004e-06 0 -0.00012051435820467304 0.0011153233051300049 0 0 0 0.0034657359123229981 -0.00094381131231784825 -0.0034657359123229981 0 0.0009539040923118591 -0.0010429091379046439 -0.0014152627438306809 0 -0.00054539887234568592 0 0.00057451363652944571 0 0.00039631422609090808 0.0030659925937652588 0.00052533638663589957 0 0.00032999537885189059 0 0.0016667912900447846 0.0013902289420366287
leaf_weight=39 28 30 21 26 28 30 24 21 28 22 20 20 26 22 36 22 21 25 22 23 23 35 27 29 27 24 38 30 20 33 24 33 23 27 24 29 25 24 20 26 26 34 20 21 25 22 20 26 23 20 23 32
leaf_count=39 28 30 21 26 28 30 24 21 28 22 20 20 26 22 36 22 21 25 22 23 23 35 27 29 27 24 38 30 20 33 24 33 23 27 24 29 25 24 20 26 26 34 20 21 25 22 20 26 23 20 23 32
internal_value=7.31529e-05 -0.000451542 0.00111111 0.000165165 -0.000350679 0.00118304 0.00156566 -0.00130435 0.00264045 -0.000656934 -0.00214876 -0.00125 -0.00282609 -0.00119048 -0.00123853 0.000329457 -0.000458333 0.00198276 0.00234899 0.0031 0.00101449 0.000142349 -0.00078125 0.000621622 0.000277778 0.000454545 3.93701e-05 -0.0025 0.00350394 -0.00181818 0.000692308 0.00161616 0.00227273 -0.00205479 -0.0027451 0.00285714 0.00222973 -0.00354167 -0.003 -0.00228261 -0.00319149 0.000561224 0.00355556 -0.00214286 0.0039899 0.00319149 0.00127907 -8.33333e-05 0.00189655 -0.000113636 0.00388889 0.00471154
internal_weight=1367 908 459 666 442 224 198 184 178 137 242 104 138 42 109 258 120 174 149 150 138 281 96 185 54 44 127 60 127 55 65 99 66 73 51 119 74 96 70 46 47 98 45 42 99 47 43 60 58 44 45 52
internal_count=1367 908 459 666 442 224 198 184 178 137 242 104 138 42 109 258 120 174 149 150 138 281 96 185 54 44 127 60 127 55 65 99 66 73 51 119 74 96 70 46 47 98 45 42 99 47 43 60 58 44 45 52
is_linear=0
shrinkage=0.005


Tree=1
num_leaves=49
num_cat=0
split_feature=72 70 95 96 60 8 29 10 14 24 1 29 14 5 81 97 22 19 78 13 64 23 22 41 24 14 90 19 24 81 4 82 23 19 5 29 28 94 64 4 98 98 10 14 4 94 78 10
split_gain=22.3772 34.1132 17.7259 11.1681 9.08033 8.16542 8.13857 7.39596 8.56157 12.8232 6.9499 6.83219 9.52381 6.38067 7.95079 6.3759 6.65743 8.39629 6.07174 5.646 8.40929 5.35714 5.3508 5.2964 5.28434 5.27681 8.2316 7.12272 6.63047 6.23632 5.13394 5.11196 4.92902 4.91958 4.84662 4.6786 4.56316 4.46867 4.21136 3.98771 3.59011 3.12333 2.97619 2.65629 2.5098 1.80078 1.54435 0.452174
threshold=1339.1775000000002 850.57450000000006 1.0000000180025095e-35 1.0000000180025095e-35 1494.7 392.9500000000001 81.250000000000014 34351.600000000006 14673.050000000001 10.025000000000002 14242.000000000002 87.250000000000014 12029.850000000002 4325.0000000000009 4384.7463811745592 0.23958333333333334 90.250000000000014 1421.9000000000003 461.4358645833334 3130.5000000000005 1275.5000000000002 99.750000000000014 83.750000000000014 85.250000000000014 6.5250000000000012 12764.450000000003 1806.7171500000004 910.00000000000011 9.6750000000000025 4404.7669249715264 7499.920000000001 -7.1765000000000319 98.250000000000014 2032.1500000000003 3817.0200000000004 68.750000000000014 23.625000000000004 585784.75995218765 1536.5095000000003 6549.8650000000007 0.70486111111111127 0.059027777777777783 36340.55000000001 17843.800000000003 10128.490000000002 564684.50165187521 1182.9558506944447 32076.850000000002
decision_type=2 2 2 2 2 2 2 2 2 2 2 2 2 2 2 2 2 2 2 2 2 2 2 2 2 2 2 2 2 2 2 2 2 2 2 2 2 2 2 2 2 2 2 2 2 2 2 2
left_child=1 5 4 7 19 -1 15 8 11 39 -6 12 -3 33 30 16 17 18 43 20 -2 42 -11 -17 -18 -8 28 -28 29 44 37 -21 -16 36 -13 -19 -4 -15 -38 45 -39 -29 -9 -7 -27 -10 47 -33
right_child=2 3 13 -5 10 6 25 21 9 22 -12 34 -14 14 32 23 24 35 -20 31 -22 -23 -24 -25 -26 26 27 41 -30 -31 -32 46 -34 -35 -36 -37 38 40 -40 -41 -42 -43 -44 -45 -46 -47 -48 -49
leaf_value=-0.027574801068566739 3.0851796964270764e-07 0.00076377002298831946 0 -2.8725681826472287e-06 6.0257179102336521e-07 0 -7.3378034867346291e-07 0.001677592545747757 0.0012079361826181413 0.00078704096376895909 -0.00084817409059032792 0 -0.00069162072520703082 0 4.1202185675501825e-05 -0.0004202961474657059 0 -0.00064515936374664312 -9.977680747397244e-06 -0.00049067966230213647 -0.00078500240631401545 0.00010907848587958142 -1.9815711304545406e-06 0 0.00082446189760230484 3.0468004290014504e-05 0.00026494771745055916 -2.3043594905175268e-05 -0.0027245647326111793 -0.00027423774041235446 -0.00031632818281650542 -0.0020773734379559757 0.00051997310556471351 -6.6225172486156223e-06 0.00099501050710678099 0 -0.00037382744252681735 8.1742899464734361e-05 0 0.0015836147453635932 0 0 0.0021628491230309011 0.0037023310601245613 0 0.0005524546133354307 -0.0011471113253566729 -0.0017444553985493259
leaf_weight=20 30 21 38 39 38 22 39 21 39 33 30 23 21 37 22 21 21 23 30 25 29 28 25 20 37 24 27 22 39 29 23 20 24 21 30 28 21 30 36 39 35 31 35 24 27 22 22 26
leaf_count=20 30 21 38 39 38 22 39 21 39 33 30 23 21 37 22 21 21 23 30 25 29 28 25 20 37 24 27 22 39 29 23 20 24 21 30 28 21 30 36 39 35 31 35 24 27 22 22 26
internal_value=1.46306e-05 0.000505814 -0.00081854 0.00163564 -0.00188636 -0.000371901 -0.000237069 0.00192878 0.00150198 0.00221519 -0.000367647 0.000315789 -0.00119048 0 0.000614035 0.000442478 0.000837838 0.00019685 0.00125 -0.00256579 -0.00135593 0.00321429 0.000344828 -0.00134146 0.00224138 -0.000882353 -0.000552764 0.0006875 -0.00138655 -0.0005625 -4e-05 -0.00333333 0.0023913 -0.000905172 0.00150943 -0.00137255 -0.000421053 0.000441176 -0.00131579 0.0033 0.00123077 -0.000377358 0.00410714 0.0023913 0.000490196 0.00409836 -0.00404412 -0.00456522
internal_weight=1367 860 507 376 220 484 464 337 253 158 68 95 42 287 171 226 185 127 76 152 59 84 58 41 58 238 199 80 119 80 125 93 46 116 53 51 95 102 57 100 65 53 56 46 51 61 68 46
internal_count=1367 860 507 376 220 484 464 337 253 158 68 95 42 287 171 226 185 127 76 152 59 84 58 41 58 238 199 80 119 80 125 93 46 116 53 51 95 102 57 100 65 53 56 46 51 61 68 46
is_linear=0
shrinkage=0.005


Tree=2
num_leaves=51
num_cat=0
split_feature=72 64 95 95 40 5 93 69 0 69 78 35 98 40 98 93 69 0 77 69 0 30 7 64 93 66 13 77 98 4 35 64 98 40 5 13 0 0 7 72 35 1 46 72 78 94 64 40 30 26
split_gain=18.646 28.6031 15.0339 11.7127 8.9588 8.4515 8.0613 7.56229 10.8295 7.9013 7.61905 7.71433 6.66127 6.07915 10.3687 6.87719 6.65549 8.34302 6.42156 7.48994 7.60281 5.92131 9.7463 8.71094 5.68049 5.28793 6.83598 5.1926 5.19 4.84498 7.27576 8.31515 5.37131 6.6395 5.9121 4.72028 4.259 4.23336 3.78711 3.80935 3.86355 3.53296 3.42857 3.37453 6.40306 3.22165 3.07273 2.81894 2.78327 1.89474
threshold=1296.0300000000002 890.23800000000017 1.0000000180025095e-35 1.0000000180025095e-35 45.250000000000007 3639.3400000000006 413.89078947368426 31946.750000000004 30063.100000000002 28329.000000000004 1216.9437881944448 26.025000000000002 0.052083333333333336 67.750000000000014 0.065972222222222238 414.79644736842107 33980.80000000001 34529.000000000007 3488.8538394189 32834.000000000007 31423.650000000005 96.750000000000014 17.595000000000002 1244.3500000000001 415.92919274537707 748.22150000000011 13179.450000000003 2973.2506659446835 0.23958333333333334 4449.1800000000012 26.275000000000002 1509.5500000000002 0.85763888888888895 73.250000000000014 4052.7650000000008 4934.2000000000007 29481.900000000005 29875.250000000004 42.705000000000005 0.95200000000000007 26.325000000000006 18285.659500000005 102.39500045776369 1466.7500000000002 1331.3168888888893 598205.7565903127 1658.6500000000003 102.25000000000001 88.750000000000014 20.750000000000004
decision_type=2 2 2 2 2 2 2 2 2 2 2 2 2 2 2 2 2 2 2 2 2 2 2 2 2 2 2 2 2 2 2 2 2 2 2 2 2 2 2 2 2 2 2 2 2 2 2 2 2 2
left_child=1 13 4 6 42 -5 12 8 9 -6 11 -9 -3 24 15 25 18 -18 -16 20 37 22 -14 -23 38 26 27 -15 -8 32 31 -31 33 43 -35 -24 -7 -20 -1 40 -40 -19 -2 -4 -45 -30 -34 -48 -36 -38
right_child=2 3 29 5 7 36 28 10 -10 -11 -12 -13 21 14 16 -17 17 41 19 -21 -22 23 35 -25 -26 -27 -28 -29 45 30 -32 -33 46 34 48 -37 49 -39 39 -41 -42 -43 -44 44 -46 -47 47 -49 -50 -51
leaf_value=-0.0026644137929854915 -0.0023561682544853539 -9.1042901790671759e-05 8.2272072602132545e-05 4.9539278261363516e-09 6.0029406662170012e-07 0.00190087600761652 0.0018325231033377348 4.2408704529516401e-06 7.1394332755589862e-06 -0.00088267155060846108 -0.001511367707481517 -0.0011507890564792205 0.0016270017623901368 0.00065407818162231712 0.0018727568337512201 0.00026381189902219921 1.8014273912645875e-05 0 -0.00018943886049388675 -0.0034493860942982138 4.9888403736986224e-08 0.00078369222482619814 -0.00046333259880589322 -3.9352048188447954e-06 4.4993201272707662e-05 7.7179839818738411e-05 3.1027316190884455e-06 -4.1223094880115239e-06 0 -2.263966575264931e-05 1.5816409140825271e-06 0 -8.2498844712972644e-07 0 0.00055939748445532676 2.2284118559706261e-05 0.00079174798758653933 -0.0023136727600404994 0 1.4211061681271532e-06 -0.0019643319977782668 -0.00025122470431029794 -0.000702520007846877 -1.6499768942594529e-06 0 0.00026554954132786953 0 0 0.00024616374205797912 0.0028842069857697933
leaf_weight=28 21 32 20 22 30 21 22 33 31 33 35 37 25 20 22 38 22 38 22 23 31 32 26 21 28 29 28 37 22 27 33 28 20 36 22 22 38 21 26 22 20 23 21 29 24 20 20 24 24 38
leaf_count=28 21 32 20 22 30 21 22 33 31 33 35 37 25 20 22 38 22 38 22 23 31 32 26 21 28 29 28 37 22 27 33 28 20 36 22 22 38 21 26 22 20 23 21 29 24 20 20 24 24 38
internal_value=0.000175567 0.000653236 -0.000538321 0.00175953 -0.00147303 0.00302521 0.00108108 -0.00103015 0 -0.00119048 -0.00195238 -0.001 0.000474684 -0.000135983 0.00019774 0.00118421 -0.000544554 0.000542169 -0.00130252 -0.00185567 -0.00108108 0.000992063 6.84932e-05 0.00226415 -0.00108871 0.000570175 -5.88235e-05 -0.00105263 0.00257813 0.00019544 -0.000795455 -0.00190909 0.000593607 0.00109677 0.00207317 -0.00125 0.00365979 -0.00244186 -0.00166667 -0.00102941 -0.00184783 -0.000409836 -0.00357143 0 -0.000660377 0.00154762 -0.000625 0.000113636 0.00326087 0.00421053
internal_weight=1367 819 548 341 241 119 222 199 94 63 105 70 158 478 354 152 202 83 119 97 74 126 73 53 124 114 85 57 64 307 88 55 219 155 82 48 97 43 96 68 46 61 42 73 53 42 64 44 46 76
internal_count=1367 819 548 341 241 119 222 199 94 63 105 70 158 478 354 152 202 83 119 97 74 126 73 53 124 114 85 57 64 307 88 55 219 155 82 48 97 43 96 68 46 61 42 73 53 42 64 44 46 76
is_linear=0
shrinkage=0.005


Tree=3
num_leaves=51
num_cat=0
split_feature=69 68 70 24 62 33 68 41 62 77 20 34 14 68 46 7 36 21 21 41 81 79 20 81 2 16 36 2 31 23 30 35 46 34 20 81 91 6 30 36 24 46 80 24 46 81 68 2 34 7
split_gain=17.1527 12.9857 27.9209 11.3346 9.54975 8.81231 8.61552 10.5373 12.4683 8.56615 10.7967 8.56296 9.2501 8.4038 10.3042 7.47273 9.0826 8.1348 7.2404 6.83656 6.71254 6.80617 6.21489 6.18962 7.345 7.43615 7.19577 6.84899 5.75227 5.60267 6.19147 5.42311 5.40943 7.78121 5.38871 7.03275 5.13778 5.11318 8.1 5.04639 4.75527 4.44694 4.29885 4.09166 3.24 2.8707 2.56647 2.4247 1.67224 1.6
threshold=26134.400000000005 1490.2360000000001 911.64450000000011 10.825000000000001 1509.5000000000002 45.250000000000007 951.00000000000011 78.250000000000014 1199.2705000000003 4439.687086710358 384.55000000000007 96.250000000000014 16067.450000000003 560.25000000000011 104.35499954223634 41.610000000000007 85.250000000000014 27.975000000000005 18.575000000000006 84.750000000000014 4290.9896414423802 512.02933537845763 1361.4500000000003 3771.0518014225468 3570.8000000000006 4928.9500000000007 88.250000000000014 3251.8520000000003 3.9250000000000003 42.750000000000007 92.750000000000014 26.325000000000006 102.41500091552736 45.250000000000007 1060.6500000000003 3745.0378445884321 29865.028987500005 4322.4350000000004 99.750000000000014 89.750000000000014 6.1750000000000016 105.09499740600587 35640.403819444451 9.8250000000000011 105.9650001525879 3882.6867789077414 882.09800000000007 2773.6000000000004 49.250000000000007 70.585000000000022
decision_type=2 2 2 2 2 2 2 2 2 2 2 2 2 2 2 2 2 2 2 2 2 2 2 2 2 2 2 2 2 2 2 2 2 2 2 2 2 2 2 2 2 2 2 2 2 2 2 2 2 2
left_child=37 2 3 15 5 32 28 9 -9 10 -8 12 34 14 -5 17 -17 19 -12 46 40 -22 -15 -18 25 -25 42 31 -4 -30 -31 -28 49 -34 35 -7 -20 38 -1 43 -6 45 -27 48 -35 -42 -2 -47 -39 -3
right_child=1 4 6 13 20 11 7 8 -10 -11 18 -13 -14 22 -16 16 23 -19 36 -21 21 -23 -24 24 -26 26 27 -29 29 30 -32 -33 33 44 -36 -37 -38 39 -40 -41 41 -43 -44 -45 -46 47 -48 -49 -50 -51
leaf_value=-0.00019702304491791639 -1.3486093656767625e-05 -0.001091629072403682 0.03342345187686864 1.2589671353453159e-05 0 -0.00011836961987329063 -6.0772528375475671e-06 -0.00048454739862352627 1.7712705646315588e-06 -1.1349126545248418e-06 0.00078778924764860649 -0.0015091341377815105 4.3742181778466337e-06 -0.0018092455079217057 -3.9420725265471269e-06 0.00017007385659030565 0.00082033958811429328 2.1012312953098447e-06 0.00017942400886109214 0 0 0.00051675783068174503 -0.00033210131165149976 -2.6266819331794979e-06 4.4819203402847055e-06 2.2893791006761679e-07 0.00025701390029851114 -0.000815691011962984 0.0017220697704595795 0.0016149749173736594 -6.528402972127078e-06 2.0611547440057618e-08 2.9996848572045566e-06 -0.00038197071067302025 -0.00056036754770134921 5.1001257351402961e-06 0.00091912641988536577 0.00087831097728486858 0.00026751054295316197 1.7084496224313916e-05 0 -0.00036011386258428353 -0.00046672924690769989 0.00048166872261659946 -0.00052944314369863361 -4.087144973236718e-07 -0.0017301185359404375 0 0.0006367742293033582 -0.001091593635165689
leaf_weight=20 37 20 25 32 35 20 25 27 31 38 32 27 37 37 33 33 21 35 20 33 31 22 20 23 23 22 26 33 26 28 36 25 28 20 30 21 25 20 20 21 24 20 29 25 25 29 23 28 26 20
leaf_count=20 37 20 25 32 35 20 25 27 31 38 32 27 37 37 33 33 21 35 20 33 31 22 20 23 23 22 26 33 26 28 36 25 28 20 30 21 25 20 20 21 24 20 29 25 25 29 23 28 26 20
internal_value=2.92612e-05 -0.000153846 0.000225564 -0.000525773 -0.000846682 -0.00149194 0.00138978 0.000757576 -0.00103448 0.0015 0.0022549 -0.00062963 0 -0.00184426 -0.000615385 -8.26446e-05 0.000446809 -0.00105469 0.00318182 -0.00182796 0 0.00150943 -0.00324561 4.9505e-05 -0.000248619 -0.000632911 -0.000185185 0.000714286 0.00247826 0.00188889 0.00109375 0.00186275 -0.00252212 -0.00171233 -0.00105634 0.000121951 0.00188889 0.00174242 0.00025 0.0023913 -0.000588235 -0.00113861 -0.00166667 0.00302817 -0.003 -0.000617284 -0.00283333 -0.00122807 0.00391304 -0.004
internal_weight=1367 1235 798 485 437 248 313 198 58 140 102 135 108 122 65 363 235 128 77 93 189 53 57 202 181 158 135 84 115 90 64 51 113 73 71 41 45 132 40 92 136 101 51 71 45 81 60 57 46 40
internal_count=1367 1235 798 485 437 248 313 198 58 140 102 135 108 122 65 363 235 128 77 93 189 53 57 202 181 158 135 84 115 90 64 51 113 73 71 41 45 132 40 92 136 101 51 71 45 81 60 57 46 40
is_linear=0
shrinkage=0.005


Tree=4
num_leaves=53
num_cat=0
split_feature=60 68 85 45 24 22 85 68 68 73 43 24 78 24 76 80 76 4 93 35 44 4 64 44 33 11 56 44 22 66 23 17 7 84 68 7 83 56 44 22 81 87 43 3 38 17 3 23 4 43 11 4
split_gain=19.25 15.3657 12.8854 12.6554 11.8757 13.6335 9.8942 9.86096 9.11145 8.95029 10.4495 7.99613 7.56108 9.25493 7.47197 6.7972 6.56425 8.67108 6.38933 6.47732 6.3552 8.16799 7.20906 6.00587 5.91367 5.50889 6.4703 5.39643 7.64802 7.06207 6.72817 8.79313 6.125 6.25 5.82412 7.8883 5.08804 5.04021 4.9 4.43223 4.27522 4.08805 3.84127 3.59852 3.92727 3.14325 2.81299 2.70853 2.69617 2.52468 2.5 1.98215
threshold=1465.6000000000001 1097.1170000000004 1682.4000000000003 24495.000000000004 11.075000000000001 78.750000000000014 1093.1130000000001 938.15000000000009 1417.6400000000001 1199.9500000000003 78.069999694824233 6.825000000000002 916.67075000000011 9.0750000000000011 29159.000000000004 35038.58125000001 28825.708333333339 2184.5650000000005 419.05207681365579 26.225000000000005 2.5984998941421513 4042.3900000000008 1.0010000000000001 3.0444999933242802 163.25000000000003 43511.600000000006 0.87837969732492682 2.6154999732971196 89.250000000000014 0.10200000000000002 33.750000000000007 61.500000000000007 22.710000000000004 800.07512500000007 1142.7500000000002 17.585000000000004 1496.450000000001 -1.0000000180025095e-35 2.7894999980926518 89.250000000000014 4110.8901660236261 0.42708333333333343 85.08499908447267 14379.85 6.0250000000000012 81.15000000000002 14135.600000000002 98.750000000000014 6170.165 76.18500137329103 41547.80000000001 3701.4250000000006
decision_type=2 2 2 2 2 2 2 2 2 2 2 2 2 2 2 2 2 2 2 2 2 2 2 2 2 2 2 2 2 2 2 2 2 2 2 2 2 2 2 2 2 2 2 2 2 2 2 2 2 2 2 2
left_child=2 24 4 9 5 8 47 23 48 10 -3 39 -9 51 -12 43 36 -18 19 -13 -19 -22 -23 38 40 26 27 28 -8 -30 -29 34 -33 37 35 -32 -6 -34 -4 -11 -2 -28 49 -5 -45 -16 -24 -7 -1 -21 -42 -14
right_child=1 3 7 15 16 6 25 12 -10 11 14 18 13 -15 45 -17 17 20 -20 42 21 22 46 -25 -26 -27 41 30 29 -31 31 32 33 -35 -36 -37 -38 -39 -40 -41 50 -43 -44 44 -46 -47 -48 -49 -50 -51 -52 -53
leaf_value=0.00099973217851150238 0.00092847524416712782 3.3200653269886971e-05 -2.0467200694133539e-06 1.8005693129214177e-06 -0.00053220309141067165 -3.1632595990767331e-06 -1.6468942051405563e-06 -0.0016673664938294714 -0.00036896690719305432 6.2019805167801671e-05 1.5303784547370199e-06 -0.00036638696162340163 -1.8322297876209882e-05 1.3895310652713939e-06 -0.00048227019845508041 -2.1573810786871687e-06 -8.0903303345199906e-06 0.00073154293775677074 8.2498844712972652e-09 0 5.6834030534831233e-05 9.5340821861467604e-07 -0.00039477863060850452 -4.0342674722876281e-06 0.0032520214933717722 0.00093445149884038999 -0.0003595426037200835 7.7902450639178155e-05 8.7627655684972209e-06 -7.5275234820948698e-07 -0.00072090008802718918 0.0015559571266713351 0.0002157185672127604 -3.3669279355902322e-05 -0.0012191018132585182 0.00065215630023225896 -0.0015707454162307666 7.7894474872407159e-07 0.0019388641419689451 0 -6.68275375607478e-07 2.5669565546131535e-07 4.1249422356486326e-09 0.00072017726232612351 1.8005693129214177e-06 -0.00049578316377587586 -0.0010001532842514279 -0.028691869191897229 0.00036246839801242582 -2.9323160418971381e-09 0.00027784272859458282 -0.00048212466163040862
leaf_weight=22 37 27 20 34 20 27 37 28 21 26 22 33 26 36 21 22 24 32 35 22 23 39 20 23 30 28 27 34 20 29 31 24 22 24 20 36 21 26 20 30 20 26 21 24 20 24 22 23 25 20 20 23
leaf_count=22 37 27 20 34 20 27 37 28 21 26 22 33 26 36 21 22 24 32 35 22 23 39 20 23 30 28 27 34 20 29 31 24 22 24 20 36 21 26 20 30 20 26 21 24 20 24 22 23 25 20 20 23
internal_value=0.000146306 0.000942623 -0.000295791 0.000472441 7.11238e-06 0.000418327 9.21659e-05 -0.00150568 0.0025 -7.11744e-05 -0.00132979 0.000561497 -0.00238938 -0.00164706 -0.00238806 0.002 -0.0010199 -0.0005625 -0.000114504 -0.00078125 -7.35294e-05 -0.000673077 -0.00141975 7.93651e-05 0.00261682 0.000364583 0.000196629 0.000478548 -0.000581395 0.000714286 0.000898618 0.000519126 0.0015625 0.000833333 -0.000632184 7.46269e-05 -0.00280488 0.001875 0.00125 0.00214286 0.00188312 -0.00141509 0.00015873 0.00269231 0.00363636 -0.00355556 -0.00285714 -0.002 0.0037234 -0.000714286 0.00075 -0.00306122
internal_weight=1367 488 879 381 703 502 434 176 68 281 94 187 113 85 67 100 201 160 131 96 136 104 81 63 107 384 356 303 86 49 217 183 96 72 87 67 41 48 40 56 77 53 63 78 44 45 42 50 47 42 40 49
internal_count=1367 488 879 381 703 502 434 176 68 281 94 187 113 85 67 100 201 160 131 96 136 104 81 63 107 384 356 303 86 49 217 183 96 72 87 67 41 48 40 56 77 53 63 78 44 45 42 50 47 42 40 49
is_linear=0
shrinkage=0.005


end of trees

feature_importances:
wind_speed_hanoi=11
load_total_mw=10
smp_lag_336=10
spike_prob_72h=9
hydro_inflow_m3s=8
dxy_index=8
smp_lag_50=7
load_lag_336=7
smp_rolling_mean_72h=7
load_rolling_std_72h=7
hydro_spill_discharge_m3s=6
smp_north_lag_336=6
disp_hydro_evening_mw=5
disp_wind_evening_mw=5
humidity_hanoi=5
cloud_cover_hanoi=5
cloud_cover_danang=5
temperature_hcmc=5
direct_radiation_hcmc=5
margin_temp_interaction=5
hydro_total_discharge_m3s=4
disp_wind_midday_mw=4
temperature_danang=4
wind_speed_hcmc=4
brent_price=4
gas_proxy_price=4
smp_lag_49=4
load_ramp_lag48=4
hydro_depletion_index=4
is_spike=4
load_central_mw=3
disp_total_midday_mw=3
disp_total_evening_mw=3
disp_hydro_midday_mw=3
direct_radiation_hanoi=3
humidity_danang=3
diffuse_radiation_danang=3
humidity_hcmc=3
diffuse_radiation_hcmc=3
sin_dow=3
smp_north_lag_48=3
load_rolling_std_24h=3
load_north_mw=2
load_south_mw=2
disp_solar_evening_mw=2
temperature_hanoi=2
direct_radiation_danang=2
smp_lag_48=2
smp_lag_96=2
load_rolling_mean_24h=2
load_rolling_mean_72h=2
smp_yesterday_max=2
solar_gen_proxy=2
hydro_plant_discharge_m3s=1
hydro_water_level_m=1
disp_solar_midday_mw=1
shortwave_radiation_hanoi=1
wind_speed_danang=1
usd_vnd=1
load_lag_48=1
smp_south_lag_48=1
smp_south_lag_336=1
smp_rolling_std_24h=1
smp_rolling_std_72h=1
price_spread_ns_lag48=1
smp_yesterday_mean=1
smp_yesterday_zero_ratio=1
wind_gen_proxy=1
residual_load_proxy=1
is_zero=1
spike_prob_24h=1

parameters:
[boosting: gbdt]
[objective: regression_l1]
[metric: l1]
[tree_learner: serial]
[device_type: cpu]
[data_sample_strategy: bagging]
[data: ]
[valid: ]
[num_iterations: 3000]
[learning_rate: 0.005]
[num_leaves: 127]
[num_threads: -1]
[seed: 42]
[deterministic: 0]
[force_col_wise: 0]
[force_row_wise: 0]
[histogram_pool_size: -1]
[max_depth: -1]
[min_data_in_leaf: 20]
[min_sum_hessian_in_leaf: 0.001]
[bagging_fraction: 0.8]
[pos_bagging_fraction: 1]
[neg_bagging_fraction: 1]
[bagging_freq: 5]
[bagging_seed: 400]
[bagging_by_query: 0]
[feature_fraction: 0.5]
[feature_fraction_bynode: 1]
[feature_fraction_seed: 30056]
[extra_trees: 0]
[extra_seed: 12879]
[early_stopping_round: 0]
[early_stopping_min_delta: 0]
[first_metric_only: 0]
[max_delta_step: 0]
[lambda_l1: 0]
[lambda_l2: 0]
[linear_lambda: 0]
[min_gain_to_split: 0]
[drop_rate: 0.1]
[max_drop: 50]
[skip_drop: 0.5]
[xgboost_dart_mode: 0]
[uniform_drop: 0]
[drop_seed: 17869]
[top_rate: 0.2]
[other_rate: 0.1]
[min_data_per_group: 100]
[max_cat_threshold: 32]
[cat_l2: 10]
[cat_smooth: 10]
[max_cat_to_onehot: 4]
[top_k: 20]
[monotone_constraints: ]
[monotone_constraints_method: basic]
[monotone_penalty: 0]
[feature_contri: ]
[forcedsplits_filename: ]
[refit_decay_rate: 0.9]
[cegb_tradeoff: 1]
[cegb_penalty_split: 0]
[cegb_penalty_feature_lazy: ]
[cegb_penalty_feature_coupled: ]
[path_smooth: 0]
[interaction_constraints: ]
[verbosity: -1]
[saved_feature_importance_type: 0]
[use_quantized_grad: 0]
[num_grad_quant_bins: 4]
[quant_train_renew_leaf: 0]
[stochastic_rounding: 1]
[linear_tree: 0]
[max_bin: 255]
[max_bin_by_feature: ]
[min_data_in_bin: 3]
[bin_construct_sample_cnt: 200000]
[data_random_seed: 175]
[is_enable_sparse: 1]
[enable_bundle: 1]
[use_missing: 1]
[zero_as_missing: 0]
[feature_pre_filter: 1]
[pre_partition: 0]
[two_round: 0]
[header: 0]
[label_column: ]
[weight_column: ]
[group_column: ]
[ignore_column: ]
[categorical_feature: ]
[forcedbins_filename: ]
[precise_float_parser: 0]
[parser_config_file: ]
[objective_seed: 16083]
[num_class: 1]
[is_unbalance: 0]
[scale_pos_weight: 1]
[sigmoid: 1]
[boost_from_average: 1]
[reg_sqrt: 0]
[alpha: 0.9]
[fair_c: 1]
[poisson_max_delta_step: 0.7]
[tweedie_variance_power: 1.5]
[lambdarank_truncation_level: 30]
[lambdarank_norm: 1]
[label_gain: ]
[lambdarank_position_bias_regularization: 0]
[eval_at: ]
[multi_error_top_k: 1]
[auc_mu_weights: ]
[num_machines: 1]
[local_listen_port: 12400]
[time_out: 120]
[machine_list_filename: ]
[machines: ]
[gpu_platform_id: -1]
[gpu_device_id: -1]
[gpu_use_dp: 0]
[num_gpu: 1]

end of parameters

pandas_categorical:null
