tree
version=v4
num_class=1
num_tree_per_iteration=1
label_index=0
max_feature_idx=100
objective=regression_l1
feature_names=load_total_mw load_north_mw load_central_mw load_south_mw hydro_inflow_m3s hydro_total_discharge_m3s hydro_plant_discharge_m3s hydro_spill_discharge_m3s hydro_water_level_m disp_total_installed_mw disp_total_midday_mw disp_total_evening_mw disp_hydro_installed_mw disp_hydro_midday_mw disp_hydro_evening_mw disp_solar_installed_mw disp_solar_midday_mw disp_solar_evening_mw disp_wind_installed_mw disp_wind_midday_mw disp_wind_evening_mw temperature_hanoi humidity_hanoi cloud_cover_hanoi wind_speed_hanoi shortwave_radiation_hanoi direct_radiation_hanoi diffuse_radiation_hanoi temperature_danang humidity_danang cloud_cover_danang wind_speed_danang shortwave_radiation_danang direct_radiation_danang diffuse_radiation_danang temperature_hcmc humidity_hcmc cloud_cover_hcmc wind_speed_hcmc shortwave_radiation_hcmc direct_radiation_hcmc diffuse_radiation_hcmc coal_proxy_price brent_price gas_proxy_price usd_vnd dxy_index is_weekend is_workday is_holiday is_tet is_pre_holiday is_post_holiday season sin_hour cos_hour sin_dow cos_dow sin_month cos_month smp_lag_48 load_lag_48 smp_lag_49 load_lag_49 smp_lag_50 load_lag_50 smp_lag_96 load_lag_96 smp_lag_336 load_lag_336 smp_north_lag_48 smp_south_lag_48 smp_north_lag_336 smp_south_lag_336 smp_rolling_mean_24h smp_rolling_std_24h load_rolling_mean_24h load_rolling_std_24h smp_rolling_mean_72h smp_rolling_std_72h load_rolling_mean_72h load_rolling_std_72h price_spread_ns_lag48 load_ramp_lag48 smp_yesterday_mean smp_yesterday_max smp_yesterday_min smp_yesterday_zero_ratio hydro_discharge_rolling_24h solar_gen_proxy wind_gen_proxy residual_load_proxy thermal_margin_proxy hydro_depletion_index margin_temp_interaction is_spike is_zero spike_prob_24h spike_prob_72h zero_prob_24h zero_prob_72h
feature_infos=[16738.400000000001:43669.699999999997] [8141:23529.633000000002] [1030.2:4920.1390000000001] [6568.3000000000002:17620.469000000001] [-24696.790000000001:52718.32] [261.23000000000002:27182.77] [243.56999999999999:14362.75] [11.359999999999999:15398] [386.1925:23252.132105263157] none [14491.4:47673.900000000001] [19152.799999999999:47033.400000000001] none [-3952.3000000000002:18862.5] [6035.6999999999998:23435.200000000001] none [0:8134.5] [0:344.30000000000001] none [0:4273.1999999999998] [0:4263.3999999999996] [7.5:32.299999999999997] [31:99] [0:100] [0.55000000000000004:30.25] [3.5:282] [0:208.5] [3.5:150.5] [16.050000000000001:33.25] [52:99.5] [0:100] [0.80000000000000004:50] [7:306.5] [0:234] [7:146] [20.600000000000001:31.300000000000001] [56:98] [0:100] [0.5:24] [16:265] [0:198] [16:133.5] [63.700000762939453:438.35000610351562] [55.099998474121087:127.98000335693359] [1.5750000476837158:9.6800003051757795] [22394.345703125:26405] [89.639999389648438:114.11000061035156] [0:1] [0:1] [0:1] [0:1] [0:1] [0:1] [1:4] none none [-0.97492791218182362:0.97492791218182362] [-0.90096886790241903:1] [-1:1] [-1:1] [0:1778.5999999999999] [16738.400000000001:43669.699999999997] [0:1778.5999999999999] [16515.5:40602.099999999999] [0:1778.5999999999999] [15251.9:39424.300000000003] [0:1778.5999999999999] [16738.400000000001:43669.699999999997] [0:1778.5999999999999] [16738.400000000001:43669.699999999997] [0:1778.5999999999999] [0:1778.5999999999999] [0:1778.5999999999999] [0:1778.5999999999999] [0:1778.5999999999999] [0:869.78656539635756] [15840.402083333332:48300.345833333326] [1494.0634266859377:7412.3475695858406] [0.069944444444444434:1778.5999999999999] [0:822.68470809772941] [15990.384722222221:45267.230555555558] [2009.5728777065494:7328.5193476692311] [-1602.3:1778.5999999999999] [-2000.7000000000007:5250.3000000000029] [0:1778.5999999999999] [0:1778.5999999999999] [0:1778.5999999999999] [0:1] [919.52208333333328:41870.738333333335] [112.0236:1855.3908750000001] [124.17300000000002:5960.3040000000001] [13767.265887500002:40395.97834999999] [13155.821650000013:39784.534112499998] [386.1925:23252.132105263157] [371342.92174875003:1122197.6812312501] [0:1] [0:1] [0:1] [0:1] [0:1] [0:1]
tree_sizes=4439 4713

Tree=0
num_leaves=55
num_cat=0
split_feature=72 62 70 24 26 28 0 30 72 11 80 72 62 84 69 75 63 7 69 75 77 7 14 35 16 46 40 77 93 30 19 20 98 11 11 73 98 78 66 66 11 84 16 38 56 35 24 80 0 85 28 19 98 11
split_gain=22.153 25.7662 11.8219 9.99756 9.97532 10.5025 9.25373 8.09365 8.05918 7.77324 12.6524 8.5567 9.15267 7.60366 7.40657 6.47474 7.95789 5.94387 5.44098 7.9007 4.95764 9.46091 6.63534 4.8 4.61174 5.79069 5.31113 4.52679 4.08333 4.04209 4.00371 4.4195 3.86792 3.27135 4.88004 3.24 3.02546 3.86358 5.12195 4.17187 4.43969 4.12113 2.97 2.92561 2.66129 2.5 2.38636 2.38636 2.025 1.90368 1.60303 1.40745 1.17993 0.9
threshold=1281.3185000000001 1369.3000000000004 1457.5665000000001 13.125000000000002 19.750000000000004 26.525000000000002 33977.250000000007 98.250000000000014 0.9820000000000001 30124.150000000005 33562.340972222235 686.34850000000017 812.46800000000019 1299.3150729166668 33847.80000000001 356.40368525760226 30589.450000000001 1602.7350000000004 33063.450000000004 451.61852896880941 4110.648836480982 43.250000000000007 15337.35 25.425000000000004 5392.3000000000011 102.20499801635744 61.750000000000007 3891.7693806052725 415.67776315789479 99.250000000000014 1503.1500000000003 954.25000000000011 0.093750000000000014 34771.80000000001 38042.900000000009 1579.9000000000003 0.010416666666666668 630.91794791666678 905.63250000000005 674.72900000000016 39559.250000000007 455.86353125000005 5696.9500000000007 5.5250000000000012 1.0000000180025095e-35 27.025000000000002 7.1250000000000009 34597.236805555563 30919.850000000002 1401.7500000000002 28.125000000000004 1047.6500000000003 0.13541666666666671 37092.600000000006
decision_type=2 2 2 2 2 2 2 2 2 2 2 2 2 2 2 2 2 2 2 2 2 2 2 2 2 2 2 2 2 2 2 2 2 2 2 2 2 2 2 2 2 2 2 2 2 2 2 2 2 2 2 2 2 2
left_child=2 6 4 14 5 20 13 -8 42 -6 17 36 -13 18 24 16 -4 32 19 52 22 -22 -1 -21 26 35 -3 -25 -16 -17 31 -27 49 -5 -35 -26 -12 39 46 40 53 -42 -7 -34 -44 -40 -39 -18 -28 -11 -10 -20 -2 -38
right_child=1 3 15 33 9 8 7 -9 50 10 11 12 -14 -15 28 29 47 -19 51 23 21 -23 -24 27 25 30 48 -29 -30 -31 -32 -33 43 34 -36 -37 37 38 45 -41 41 -43 44 -45 -46 -47 -48 -49 -50 -51 -52 -53 -54 -55
leaf_value=0 -0.0009806024655699731 0 -4.5861769467592243e-05 -0.0021632605791091918 -0.0013805827498435974 -8.2090668292948983e-05 -0.00018277997616678477 0.00069301618263125416 -0.0014410650730133057 0.0019271396100521089 0.0004765509068965912 -0.003229452222585678 8.0460198223590847e-05 0 -6.2869740650057788e-05 0.0041239416599273679 0.0020994920283555984 0 -0.003104747533798218 -0.0013244971632957458 0.00064407467842102055 -0.00021633919328451157 0.0031875160336494448 -0.00037382744252681735 0.00073097161948680882 0 0.00036903412081301212 2.8096990718040615e-07 0 0.001486109122633934 -2.8096990718040615e-07 0 0 0 -8.9815780520439154e-05 0 0 0 0 0.0026061350107192995 0 -0.0034657359123229981 0 0.0020639698207378389 0 0 0.00243472196161747 0.00061189980246126655 0.00086272459477186201 0.0023603200912475585 -0.016609310954809189 -0.0015908098220825196 -0.0016143772006034852 0
leaf_weight=36 20 28 38 21 26 20 26 20 20 25 27 20 21 36 30 32 20 26 27 32 25 23 34 27 20 25 20 21 20 22 29 22 24 25 23 25 20 22 20 21 32 29 31 31 24 20 20 22 20 29 24 20 26 20
leaf_count=36 20 28 38 21 26 20 26 20 20 25 27 20 21 36 30 32 20 26 27 32 25 23 34 27 20 25 20 21 20 22 29 22 24 25 23 25 20 22 20 21 32 29 31 31 24 20 20 22 20 29 24 20 26 20
internal_value=1.46306e-05 -0.000746004 0.000547264 0.000227273 0.000276119 -0.000548523 -0.00192157 0.000108696 -0.00159664 0.000727483 0.000896806 0.000275735 -0.00182927 -0.00236842 0.000711297 0.00190299 0.001 0.00214815 -0.00280347 -0.0022619 0.000508475 -0.000729167 0.00135714 -0.0013125 0.00116402 0.000578512 0.00220588 -0.0003125 -0.001 0.00324074 -0.000263158 0.000638298 0.00266055 -0.00144928 -0.000729167 0.002 0.000649351 0.000441176 0.00128049 -0.000122951 -0.000544554 -0.00139344 -0.0006 0.00172727 0 0 0.0025 0.0025 0.003375 0.00361111 -0.00329545 -0.00425532 -0.00391304 0.00075
internal_weight=1367 563 804 308 670 237 255 46 119 433 407 272 41 209 239 134 80 135 173 126 118 48 70 80 189 121 68 48 50 54 76 47 109 69 48 45 231 204 82 122 101 61 75 55 55 40 42 42 40 54 44 47 46 40
internal_count=1367 563 804 308 670 237 255 46 119 433 407 272 41 209 239 134 80 135 173 126 118 48 70 80 189 121 68 48 50 54 76 47 109 69 48 45 231 204 82 122 101 61 75 55 55 40 42 42 40 54 44 47 46 40
is_linear=0
shrinkage=0.005


Tree=1
num_leaves=55
num_cat=0
split_feature=51 33 60 72 22 24 72 0 91 5 4 33 10 20 94 78 74 78 78 30 5 82 32 91 78 97 82 96 23 74 77 78 14 74 81 30 91 29 8 33 24 77 56 29 56 13 8 97 82 29 83 94 77 13
split_gain=18.4968 15.8593 14.0388 17.9042 10.2288 10.6189 8.00596 7.98124 9.0689 7.56717 7.85033 7.64896 11.2407 7.27732 7.08013 10.6039 6.96732 7.9674 8.41792 7.51385 8.78714 6.9129 9.6669 6.88095 6.80776 6.17355 5.96373 5.95383 8.20005 6.55491 8.22529 7.91051 7.47111 6.07075 5.28001 5.18285 4.95918 4.85078 4.84052 5.59517 4.82715 4.5991 4.37576 4.03992 3.93444 3.92567 3.75065 3.21052 3.20044 3.00991 2.76102 2.59961 2.41429 0.718085
threshold=1.0000000180025095e-35 225.50000000000003 1395.4000000000003 1281.3185000000001 64.250000000000014 3.6750000000000003 0.8660000000000001 33541.150000000009 26107.352181250004 2644.9850000000001 3449.7650000000008 51.250000000000007 31317.300000000003 936.30000000000007 627267.11529625021 1435.874652777778 357.5684270833334 1018.0149895833334 1135.3812916666668 67.250000000000014 12309.605000000001 360.76400000000012 81.750000000000014 31516.061237500002 1327.707920138889 0.38541666666666669 -1098.4529999999997 1.0000000180025095e-35 94.750000000000014 712.65294791666668 4257.6255343782132 737.13989930555567 14933.350000000002 605.04143750000014 4136.4604084679577 97.750000000000014 28337.697525 89.750000000000014 414.39894736842115 111.25000000000001 8.2250000000000014 3878.4913613909944 1.0000000180025095e-35 90.250000000000014 -0.60785761079279388 8936.5000000000018 405.85069444444451 0.13541666666666671 -0.15599999999999994 82.250000000000014 2369.5500000000015 680476.27213375026 3890.1211616643091 6053.3000000000011
decision_type=2 2 2 2 2 2 2 2 2 2 2 2 2 2 2 2 2 2 2 2 2 2 2 2 2 2 2 2 2 2 2 2 2 2 2 2 2 2 2 2 2 2 2 2 2 2 2 2 2 2 2 2 2 2
left_child=1 2 3 16 42 -6 -7 8 24 -8 21 12 40 14 -13 -16 19 25 -19 52 38 41 -23 -9 47 26 -18 29 48 30 51 -31 -33 44 -15 36 -20 50 45 -40 -12 -11 -4 -43 -30 -21 -2 -5 -29 -50 53 -28 -1 -10
right_child=46 -3 4 7 5 6 9 23 37 10 11 13 -14 34 15 -17 17 18 35 20 -22 22 -24 -25 -26 -27 27 28 33 31 -32 32 -34 -35 -36 -37 -38 -39 39 -41 -42 43 -44 -45 -46 -47 -48 -49 49 -51 -52 -53 -54 -55
leaf_value=0 -0.0019687390864128245 0.0025882597067393366 -0.00090970286387018857 -0.00025448053926229477 -3.6548580974340441e-06 0.033615413673594594 0 8.0718860030174259e-06 -0.0030892237961292271 0.00071968826092779631 0.00045875555463135244 -5.3499393645324749e-06 -0.00022586294305110643 0.0012695719674229622 0.00059975487613119188 -3.9922279247548429e-07 -0.0034787665873765943 -0.0013925838470458985 0 -3.2858725450932985e-05 0 0.00055126821482554076 -0.000772910668188706 -3.465080913156271e-06 -0.00063843418844044208 0.0040963939327746633 0.028968817659281196 0.0025732452105730777 4.1045334146474492e-07 -1.8609300442039968e-05 0 -2.7914896979928021e-05 0.0011500428527593614 -0.0032057996097952127 2.2930884733796123e-07 -9.1680659819394356e-05 0.00078712666332721713 -0.00052081832885742191 -0.00015614008605480194 0 -1.2109950908597966e-05 0 0 0.00070611945986747749 -2.3827545344829561e-06 -0.0042907012674957513 -0.033944166454672818 6.6224858164787294e-06 9.249810855835677e-05 0 -0.0011391457841731609 0.00063196330145001407 0.00018916877029441823 -0.0010009139173664152
leaf_weight=21 20 23 24 20 31 29 37 21 27 37 23 24 31 28 34 20 21 27 28 21 25 21 20 21 22 22 26 27 20 28 25 20 25 38 31 20 21 20 23 24 20 23 20 39 27 20 35 23 20 23 20 27 24 20
leaf_count=21 20 23 24 20 31 29 37 21 27 37 23 24 31 28 34 20 21 27 28 21 25 21 20 21 22 22 26 27 20 28 25 20 25 38 31 20 21 20 23 24 20 23 20 39 27 20 35 23 20 23 20 27 24 20
internal_value=0.000113387 0.00023247 0.000159038 -0.000250941 0.000823171 0.00104911 0.00125899 -0.00157216 -0.00210526 0.00106959 0.0012963 0.000687204 -0.000608108 0.00138686 0.000384615 0.00138889 0.000174129 0.000494382 -0.00078125 -0.000727848 -0.00141593 0.00221429 0.000487805 0.000357143 -0.000692308 0.000845272 0.000672783 0.000849673 0.00016129 0.00155629 0.0025641 0.000479452 0.00177778 -0.000882353 0.00271186 0.000144928 0.00102041 -0.00316092 -0.00215909 -0.00106383 0.00104651 0.00292929 -0.00147727 0.00209677 0.000319149 -0.00341463 -0.00272727 0.000465116 0.00142857 0.000581395 -0.00380597 0.00367925 0.001 -0.00446809
internal_weight=1367 1312 1289 797 492 448 417 194 152 388 351 211 74 137 78 54 603 445 96 158 113 140 41 42 65 349 327 306 155 151 78 73 45 85 59 69 49 87 88 47 43 99 44 62 47 41 55 43 70 43 67 53 45 47
internal_count=1367 1312 1289 797 492 448 417 194 152 388 351 211 74 137 78 54 603 445 96 158 113 140 41 42 65 349 327 306 155 151 78 73 45 85 59 69 49 87 88 47 43 99 44 62 47 41 55 43 70 43 67 53 45 47
is_linear=0
shrinkage=0.005


end of trees

feature_importances:
smp_rolling_mean_72h=6
disp_total_evening_mw=5
smp_north_lag_336=5
load_rolling_std_24h=5
wind_speed_hanoi=4
cloud_cover_danang=4
load_total_mw=3
humidity_danang=3
direct_radiation_danang=3
sin_dow=3
smp_rolling_mean_24h=3
price_spread_ns_lag48=3
residual_load_proxy=3
spike_prob_72h=3
hydro_total_discharge_m3s=2
hydro_spill_discharge_m3s=2
hydro_water_level_m=2
disp_hydro_midday_mw=2
disp_hydro_evening_mw=2
disp_solar_midday_mw=2
disp_wind_midday_mw=2
disp_wind_evening_mw=2
temperature_danang=2
temperature_hcmc=2
smp_lag_49=2
smp_lag_96=2
load_lag_336=2
smp_rolling_std_24h=2
load_rolling_mean_72h=2
smp_yesterday_mean=2
margin_temp_interaction=2
spike_prob_24h=2
hydro_inflow_m3s=1
disp_total_midday_mw=1
humidity_hanoi=1
cloud_cover_hanoi=1
direct_radiation_hanoi=1
shortwave_radiation_danang=1
wind_speed_hcmc=1
direct_radiation_hcmc=1
dxy_index=1
is_pre_holiday=1
smp_lag_48=1
load_lag_49=1
smp_north_lag_48=1
smp_south_lag_336=1
load_rolling_std_72h=1
load_ramp_lag48=1
smp_yesterday_max=1
hydro_depletion_index=1
is_zero=1

parameters:
[boosting: gbdt]
[objective: regression_l1]
[metric: l1]
[tree_learner: serial]
[device_type: cpu]
[data_sample_strategy: bagging]
[data: ]
[valid: ]
[num_iterations: 3000]
[learning_rate: 0.005]
[num_leaves: 127]
[num_threads: -1]
[seed: 42]
[deterministic: 0]
[force_col_wise: 0]
[force_row_wise: 0]
[histogram_pool_size: -1]
[max_depth: -1]
[min_data_in_leaf: 20]
[min_sum_hessian_in_leaf: 0.001]
[bagging_fraction: 0.8]
[pos_bagging_fraction: 1]
[neg_bagging_fraction: 1]
[bagging_freq: 5]
[bagging_seed: 400]
[bagging_by_query: 0]
[feature_fraction: 0.5]
[feature_fraction_bynode: 1]
[feature_fraction_seed: 30056]
[extra_trees: 0]
[extra_seed: 12879]
[early_stopping_round: 0]
[early_stopping_min_delta: 0]
[first_metric_only: 0]
[max_delta_step: 0]
[lambda_l1: 0]
[lambda_l2: 0]
[linear_lambda: 0]
[min_gain_to_split: 0]
[drop_rate: 0.1]
[max_drop: 50]
[skip_drop: 0.5]
[xgboost_dart_mode: 0]
[uniform_drop: 0]
[drop_seed: 17869]
[top_rate: 0.2]
[other_rate: 0.1]
[min_data_per_group: 100]
[max_cat_threshold: 32]
[cat_l2: 10]
[cat_smooth: 10]
[max_cat_to_onehot: 4]
[top_k: 20]
[monotone_constraints: ]
[monotone_constraints_method: basic]
[monotone_penalty: 0]
[feature_contri: ]
[forcedsplits_filename: ]
[refit_decay_rate: 0.9]
[cegb_tradeoff: 1]
[cegb_penalty_split: 0]
[cegb_penalty_feature_lazy: ]
[cegb_penalty_feature_coupled: ]
[path_smooth: 0]
[interaction_constraints: ]
[verbosity: -1]
[saved_feature_importance_type: 0]
[use_quantized_grad: 0]
[num_grad_quant_bins: 4]
[quant_train_renew_leaf: 0]
[stochastic_rounding: 1]
[linear_tree: 0]
[max_bin: 255]
[max_bin_by_feature: ]
[min_data_in_bin: 3]
[bin_construct_sample_cnt: 200000]
[data_random_seed: 175]
[is_enable_sparse: 1]
[enable_bundle: 1]
[use_missing: 1]
[zero_as_missing: 0]
[feature_pre_filter: 1]
[pre_partition: 0]
[two_round: 0]
[header: 0]
[label_column: ]
[weight_column: ]
[group_column: ]
[ignore_column: ]
[categorical_feature: ]
[forcedbins_filename: ]
[precise_float_parser: 0]
[parser_config_file: ]
[objective_seed: 16083]
[num_class: 1]
[is_unbalance: 0]
[scale_pos_weight: 1]
[sigmoid: 1]
[boost_from_average: 1]
[reg_sqrt: 0]
[alpha: 0.9]
[fair_c: 1]
[poisson_max_delta_step: 0.7]
[tweedie_variance_power: 1.5]
[lambdarank_truncation_level: 30]
[lambdarank_norm: 1]
[label_gain: ]
[lambdarank_position_bias_regularization: 0]
[eval_at: ]
[multi_error_top_k: 1]
[auc_mu_weights: ]
[num_machines: 1]
[local_listen_port: 12400]
[time_out: 120]
[machine_list_filename: ]
[machines: ]
[gpu_platform_id: -1]
[gpu_device_id: -1]
[gpu_use_dp: 0]
[num_gpu: 1]

end of parameters

pandas_categorical:null
