tree
version=v4
num_class=1
num_tree_per_iteration=1
label_index=0
max_feature_idx=100
objective=regression_l1
feature_names=load_total_mw load_north_mw load_central_mw load_south_mw hydro_inflow_m3s hydro_total_discharge_m3s hydro_plant_discharge_m3s hydro_spill_discharge_m3s hydro_water_level_m disp_total_installed_mw disp_total_midday_mw disp_total_evening_mw disp_hydro_installed_mw disp_hydro_midday_mw disp_hydro_evening_mw disp_solar_installed_mw disp_solar_midday_mw disp_solar_evening_mw disp_wind_installed_mw disp_wind_midday_mw disp_wind_evening_mw temperature_hanoi humidity_hanoi cloud_cover_hanoi wind_speed_hanoi shortwave_radiation_hanoi direct_radiation_hanoi diffuse_radiation_hanoi temperature_danang humidity_danang cloud_cover_danang wind_speed_danang shortwave_radiation_danang direct_radiation_danang diffuse_radiation_danang temperature_hcmc humidity_hcmc cloud_cover_hcmc wind_speed_hcmc shortwave_radiation_hcmc direct_radiation_hcmc diffuse_radiation_hcmc coal_proxy_price brent_price gas_proxy_price usd_vnd dxy_index is_weekend is_workday is_holiday is_tet is_pre_holiday is_post_holiday season sin_hour cos_hour sin_dow cos_dow sin_month cos_month smp_lag_48 load_lag_48 smp_lag_49 load_lag_49 smp_lag_50 load_lag_50 smp_lag_96 load_lag_96 smp_lag_336 load_lag_336 smp_north_lag_48 smp_south_lag_48 smp_north_lag_336 smp_south_lag_336 smp_rolling_mean_24h smp_rolling_std_24h load_rolling_mean_24h load_rolling_std_24h smp_rolling_mean_72h smp_rolling_std_72h load_rolling_mean_72h load_rolling_std_72h price_spread_ns_lag48 load_ramp_lag48 smp_yesterday_mean smp_yesterday_max smp_yesterday_min smp_yesterday_zero_ratio hydro_discharge_rolling_24h solar_gen_proxy wind_gen_proxy residual_load_proxy thermal_margin_proxy hydro_depletion_index margin_temp_interaction is_spike is_zero spike_prob_24h spike_prob_72h zero_prob_24h zero_prob_72h
feature_infos=[16738.400000000001:43669.699999999997] [8141:23529.633000000002] [1030.2:4920.1390000000001] [6568.3000000000002:17620.469000000001] [-24696.790000000001:52718.32] [261.23000000000002:27182.77] [243.56999999999999:14362.75] [11.359999999999999:15398] [386.1925:23252.132105263157] none [14491.4:47673.900000000001] [19152.799999999999:47033.400000000001] none [-3952.3000000000002:18862.5] [6035.6999999999998:23435.200000000001] none [0:8134.5] [0:344.30000000000001] none [0:4273.1999999999998] [0:4263.3999999999996] [7.5:32.299999999999997] [31:99] [0:100] [0.55000000000000004:30.25] [3.5:282] [0:208.5] [3.5:150.5] [16.050000000000001:33.25] [52:99.5] [0:100] [0.80000000000000004:50] [7:306.5] [0:234] [7:146] [20.600000000000001:31.300000000000001] [56:98] [0:100] [0.5:24] [16:265] [0:198] [16:133.5] [63.700000762939453:438.35000610351562] [55.099998474121087:127.98000335693359] [1.5750000476837158:9.6800003051757795] [22394.345703125:26405] [89.639999389648438:114.11000061035156] [0:1] [0:1] [0:1] [0:1] [0:1] [0:1] [1:4] none none [-0.97492791218182362:0.97492791218182362] [-0.90096886790241903:1] [-1:1] [-1:1] [0:1778.5999999999999] [16738.400000000001:43669.699999999997] [0:1778.5999999999999] [16515.5:40602.099999999999] [0:1778.5999999999999] [15251.9:39424.300000000003] [0:1778.5999999999999] [16738.400000000001:43669.699999999997] [0:1778.5999999999999] [16738.400000000001:43669.699999999997] [0:1778.5999999999999] [0:1778.5999999999999] [0:1778.5999999999999] [0:1778.5999999999999] [0:1778.5999999999999] [0:869.78656539635756] [15840.402083333332:48300.345833333326] [1494.0634266859377:7412.3475695858406] [0.069944444444444434:1778.5999999999999] [0:822.68470809772941] [15990.384722222221:45267.230555555558] [2009.5728777065494:7328.5193476692311] [-1602.3:1778.5999999999999] [-2000.7000000000007:5250.3000000000029] [0:1778.5999999999999] [0:1778.5999999999999] [0:1778.5999999999999] [0:1] [919.52208333333328:41870.738333333335] [112.0236:1855.3908750000001] [124.17300000000002:5960.3040000000001] [13767.265887500002:40395.97834999999] [13155.821650000013:39784.534112499998] [386.1925:23252.132105263157] [371342.92174875003:1122197.6812312501] [0:1] [0:1] [0:1] [0:1] [0:1] [0:1]
tree_sizes=4542 4514

Tree=0
num_leaves=55
num_cat=0
split_feature=68 95 93 71 28 28 25 30 75 83 61 40 25 38 94 75 20 4 4 98 89 94 78 73 42 46 24 19 93 0 11 78 69 62 7 64 30 16 94 42 66 78 71 45 35 66 78 63 83 35 83 19 40 25
split_gain=17.346 15.0929 11.359 10.6605 10.1576 11.5227 10.7152 9.20668 9.63336 12.8592 8.86359 11.6073 8.53376 9.91837 9.38312 7.39324 7.51374 9.25173 8.00721 7.76132 6.86757 6.83091 6.62191 6.61814 6.31795 5.84956 8.89418 5.80293 11.5714 5.31141 5.08754 4.81162 7.65022 5.85162 4.41 4.39965 4.34028 5.6006 4.10924 4.01531 3.87879 3.5132 3.15433 3 2.97946 2.73455 2.72601 2.69686 2.67782 2.27065 2.09016 1.80831 1.31047 0.404327
threshold=1430.9115000000004 1.0000000180025095e-35 422.58697368421059 1118.0500000000002 30.475000000000005 23.425000000000004 61.750000000000014 95.250000000000014 329.14554610593734 2841.6000000000026 30692.000000000004 45.250000000000007 92.250000000000014 11.275000000000002 687847.01984218776 206.54351652309364 2100.4500000000003 6671.9950000000008 4392.6500000000005 0.51041666666666674 1013.46350625 755907.86578312516 409.99036458333336 1222.2125000000003 101.27500152587892 97.74499893188478 8.0750000000000028 737.55000000000007 411.75407894736844 32641.750000000004 37128.450000000004 454.89294097222228 35139.200000000004 799.97750000000008 20.835000000000004 704.8610000000001 79.750000000000014 4711.9500000000007 651248.88823781267 238.57499694824222 1.0410000000000001 1373.7928194444446 1385.8645000000004 24637.500000000004 24.725000000000005 344.35000000000008 1306.5532187500005 27127.100000000002 1558.6000000000006 27.025000000000002 2577.0000000000005 1014.7500000000001 80.250000000000014 68.250000000000014
decision_type=2 2 2 2 2 2 2 2 2 2 2 2 2 2 2 2 2 2 2 2 2 2 2 2 2 2 2 2 2 2 2 2 2 2 2 2 2 2 2 2 2 2 2 2 2 2 2 2 2 2 2 2 2 2
left_child=1 4 23 15 5 6 36 12 38 25 44 -12 14 20 34 -2 17 18 29 48 -14 50 -22 27 -24 26 -10 46 -29 47 35 32 -27 40 -7 -26 -1 -38 -9 -19 -33 42 -13 -30 -5 -32 -3 -17 -18 51 -6 -43 -46 -51
right_child=3 2 -4 10 21 7 -8 8 9 -11 11 41 13 -15 -16 16 19 39 -20 -21 22 -23 24 -25 30 31 -28 28 43 -31 45 33 -34 -35 -36 -37 37 -39 -40 -41 -42 49 -44 -45 52 -47 -48 -49 -50 53 -52 -53 -54 -55
leaf_value=0.00028596832416951659 -0.002203369736671448 0.0017572027444839478 -0.00024209430441260338 0.00051044959574937817 0.0019109864532947541 0 0.0016853199899196625 -0.0019262909889221191 0.00044510673731565478 0.0016934484988451004 -0.00030108654871582988 0 -0.0022561977058649062 -0.00034536049701273442 -0.0014525307714939118 0 -0.00082188244909048086 -0.0014163580536842347 0.001349838376045227 0 0.0020971049368381503 0 -9.0340440510772166e-05 0 -3.6756128538399934e-05 0.0023416423052549365 -0.0015123707056045532 -0.00023606274742633105 0.0013962569832801819 0.00016869658604264261 0.00058017861098051075 -0.002128548175096512 -0.0019510684162378311 0 -0.00012908130185678601 0.00037503726780414582 0.00029352953657507897 -0.00040010323747992517 -0.00017929220572113992 0 -0.00055101267993450163 0 0 3.863758756779134e-06 0 0.0015322944894433021 0.00016582060605287551 -0.00033966539427638054 -0.00096337120980024345 0 0.0002653626538813114 0 0 0
leaf_weight=24 21 39 21 23 31 25 33 26 21 26 29 20 20 28 21 25 24 26 25 20 38 28 26 23 20 20 27 20 30 23 21 33 22 21 20 23 20 28 23 21 33 22 32 20 23 20 21 26 34 20 21 28 20 32
leaf_count=24 21 39 21 23 31 25 33 26 21 26 29 20 20 28 21 25 24 26 25 20 38 28 26 23 20 20 27 20 30 23 21 33 22 21 20 23 20 28 23 21 33 22 32 20 23 20 21 26 34 20 21 28 20 32
internal_value=4.02341e-05 0.000463918 0.00178161 -0.000708502 0.000135908 -8.07754e-05 0.00142857 -0.000389105 -0.00107143 -0.000591133 2.00803e-05 -0.000546448 0.000267176 0.000790816 -0.00128788 -0.00144898 -0.00118304 -0.000513699 0.000353535 -0.0024359 0.00125 0.0018125 0.00162162 0.0022549 0.001 -0.00107345 0.000416667 0.00269231 0.00171429 -0.000472973 0.00166667 -0.00162791 -0.000238095 -0.00229885 0 0.000465116 0.000347222 -0.000520833 -0.00306122 -0.00234043 -0.0030303 0 0.00105769 0.003 0.00159091 0.00292683 0.00383333 -0.00137255 -0.00336207 -0.000539216 0.00288462 -0.0013 0.000813953 0.000192308
internal_weight=1367 873 174 494 699 619 105 514 252 203 249 183 262 196 66 245 224 146 99 78 168 80 148 153 110 177 48 130 70 74 84 129 42 87 45 43 72 48 49 47 66 154 52 50 66 41 60 51 58 102 52 50 43 52
internal_count=1367 873 174 494 699 619 105 514 252 203 249 183 262 196 66 245 224 146 99 78 168 80 148 153 110 177 48 130 70 74 84 129 42 87 45 43 72 48 49 47 66 154 52 50 66 41 60 51 58 102 52 50 43 52
is_linear=0
shrinkage=0.005


Tree=1
num_leaves=53
num_cat=0
split_feature=23 72 40 28 33 41 14 77 74 90 40 29 5 4 4 78 81 16 10 5 64 81 0 95 66 20 28 74 22 14 41 23 23 30 19 23 98 41 1 14 95 14 24 60 72 14 97 74 24 90 5 5
split_gain=14.2867 17.6829 13.563 9.34768 11.811 8.67609 8.49327 13.2398 14.1442 8.08552 7.60321 11.8064 8.76735 7.98944 7.3373 7.0776 8.35273 7.03225 10.3714 8.61644 6.8365 7.55714 6.74298 6.66678 6.54443 6.23679 6.17106 6.84835 5.65594 5.3926 5.07769 6.19792 5.37165 4.86257 10.7253 8.83867 4.82143 4.8 4.45404 4.00346 3.99686 3.92727 3.64672 3.57697 3.57232 3.38682 5.87553 2.80383 2.49161 1.83333 1.6 0.857143
threshold=94.750000000000014 1459.9455000000003 178.25000000000003 25.975000000000005 68.250000000000014 41.750000000000007 18537.550000000003 4101.6899105505945 873.59410416666685 689.16015000000027 45.250000000000007 84.250000000000014 3136.0250000000005 2844.5200000000004 4173.5700000000006 426.73918750000007 4126.8574008210599 5696.9500000000007 30037.850000000002 12909.875000000002 1012.2905000000002 4055.5372940064067 35203.80000000001 1.0000000180025095e-35 1266.1170000000004 1604.2 27.025000000000002 1146.1298333333336 87.250000000000014 15021.750000000002 96.750000000000014 56.750000000000007 74.250000000000014 97.250000000000014 1303.2500000000002 26.500000000000004 0.30902777777777785 78.750000000000014 15487.350000000002 18479.300000000003 1.0000000180025095e-35 17564.100000000002 7.6750000000000016 1602.1000000000001 1740.8395000000003 10776.35 0.26041666666666669 968.4162187500001 8.9750000000000032 1632.8749500000004 5563.9900000000007 4964.5400000000009
decision_type=2 2 2 2 2 2 2 2 2 2 2 2 2 2 2 2 2 2 2 2 2 2 2 2 2 2 2 2 2 2 2 2 2 2 2 2 2 2 2 2 2 2 2 2 2 2 2 2 2 2 2 2
left_child=1 3 5 33 -5 -2 7 8 -3 38 11 41 45 28 44 16 -15 18 37 20 21 -19 -18 24 25 30 27 -13 -14 43 31 39 -33 36 35 -35 51 50 -7 -6 -31 -11 -20 -22 -10 -12 -47 -44 -30 -9 -17 -1
right_child=2 6 -4 4 23 9 -8 49 14 10 12 26 13 15 -16 17 22 19 42 -21 29 -23 -24 -25 -26 -27 -28 -29 48 40 -32 32 -34 34 -36 -37 -38 -39 -40 -41 -42 -43 47 -45 -46 46 -48 -49 -50 -51 -52 -53
leaf_value=0.0011423733012983575 0.00051314685819670556 -0.00052973791956901551 0.00088806769773364059 -0.00074788218736648567 0.001385285306959122 -0.00091270329528488211 7.081790268421174e-06 -0.00053243074347265071 0.00036254508849233388 -0.0023693308483809235 0 -0.0011802698318846524 0 0.019281630283826963 0 0 -0.00023122871294617653 -1.0067949071526528e-05 -0.00011042820061556995 -0.00057578572528436782 0.00017291665815282614 0.0013899385669283221 9.7553420811891561e-06 0.001389275698363781 -0.00030503039117902518 0.0020580182830803096 0.00040062481388449672 1.0754196264315397e-06 2.0547061227262024e-06 -0.00026824157685041429 -0.00022451178971678019 -1.1096868105232717e-05 0.0012511375304311515 0.0013934659727965482 -0.00013042669040150943 1.2104715220630168e-06 8.3730167290195815e-05 -6.4669184992089871e-05 -1.3268132694065571e-06 0.016514373729797079 0 -0.0017553263147827237 -0.0012808960542082786 0 0 -0.00051596865057945251 0 -0.0002827460864733439 0.00083848975328728551 -8.5710004437714825e-06 0.00066787209608592092 0.0017636947860970396
leaf_weight=21 20 27 21 33 22 34 21 30 25 24 38 29 25 28 36 20 21 20 26 21 28 36 22 36 20 21 20 28 20 25 28 20 37 24 20 29 28 20 29 20 26 20 26 31 23 35 36 28 23 25 20 21
leaf_count=21 20 27 21 33 22 34 21 30 25 24 38 29 25 28 36 20 21 20 26 21 28 36 22 36 20 21 20 28 20 25 28 20 37 24 20 29 28 20 29 20 26 20 26 31 23 35 36 28 23 25 20 21
internal_value=3.65764e-05 0.000643739 -0.00039375 0.00126316 0.000654008 -0.000500642 -0.000614973 -0.000993976 0 -0.000586298 -0.000431034 -0.00157025 -0.000191304 0.000107296 0.0010119 -0.000163317 0.00126761 -0.000474006 -0.00132143 0.000160428 0.000542169 0.00196429 -0.000116279 0.00110294 0.000684524 0.0010473 -0.00038961 -0.00122807 0.00169118 -0.000181818 0.000629921 0.00116162 8.77193e-05 0.00227273 0.00136986 0.00254717 0.00321429 0.00025 -0.00230159 0.00261905 -0.00137255 -0.00363636 -0.0025 0.000847458 0.00229167 -0.00146789 -0.00211268 -0.00324074 0.0027907 -0.003 0.00125 0.00428571
internal_weight=1367 567 800 380 237 779 187 166 111 759 696 121 575 466 84 398 71 327 140 187 166 56 43 204 168 148 77 57 68 110 127 99 57 143 73 53 70 60 63 42 51 44 80 59 48 109 71 54 43 55 40 42
internal_count=1367 567 800 380 237 779 187 166 111 759 696 121 575 466 84 398 71 327 140 187 166 56 43 204 168 148 77 57 68 110 127 99 57 143 73 53 70 60 63 42 51 44 80 59 48 109 71 54 43 55 40 42
is_linear=0
shrinkage=0.005


end of trees

feature_importances:
disp_hydro_evening_mw=5
smp_rolling_mean_72h=5
hydro_inflow_m3s=4
hydro_total_discharge_m3s=4
cloud_cover_hanoi=4
temperature_danang=4
direct_radiation_hcmc=4
disp_wind_midday_mw=3
wind_speed_hanoi=3
shortwave_radiation_hanoi=3
cloud_cover_danang=3
diffuse_radiation_hcmc=3
smp_lag_96=3
smp_rolling_mean_24h=3
load_ramp_lag48=3
margin_temp_interaction=3
is_spike=3
load_total_mw=2
disp_solar_midday_mw=2
disp_wind_evening_mw=2
temperature_hcmc=2
coal_proxy_price=2
smp_lag_50=2
smp_south_lag_48=2
smp_north_lag_336=2
smp_rolling_std_24h=2
load_rolling_std_72h=2
wind_gen_proxy=2
hydro_depletion_index=2
spike_prob_72h=2
load_north_mw=1
hydro_spill_discharge_m3s=1
disp_total_midday_mw=1
disp_total_evening_mw=1
humidity_hanoi=1
humidity_danang=1
direct_radiation_danang=1
wind_speed_hcmc=1
usd_vnd=1
dxy_index=1
smp_lag_48=1
load_lag_48=1
smp_lag_49=1
load_lag_49=1
smp_lag_336=1
load_lag_336=1
smp_south_lag_336=1
load_rolling_std_24h=1
solar_gen_proxy=1
spike_prob_24h=1

parameters:
[boosting: gbdt]
[objective: regression_l1]
[metric: l1]
[tree_learner: serial]
[device_type: cpu]
[data_sample_strategy: bagging]
[data: ]
[valid: ]
[num_iterations: 3000]
[learning_rate: 0.005]
[num_leaves: 127]
[num_threads: -1]
[seed: 42]
[deterministic: 0]
[force_col_wise: 0]
[force_row_wise: 0]
[histogram_pool_size: -1]
[max_depth: -1]
[min_data_in_leaf: 20]
[min_sum_hessian_in_leaf: 0.001]
[bagging_fraction: 0.8]
[pos_bagging_fraction: 1]
[neg_bagging_fraction: 1]
[bagging_freq: 5]
[bagging_seed: 400]
[bagging_by_query: 0]
[feature_fraction: 0.5]
[feature_fraction_bynode: 1]
[feature_fraction_seed: 30056]
[extra_trees: 0]
[extra_seed: 12879]
[early_stopping_round: 0]
[early_stopping_min_delta: 0]
[first_metric_only: 0]
[max_delta_step: 0]
[lambda_l1: 0]
[lambda_l2: 0]
[linear_lambda: 0]
[min_gain_to_split: 0]
[drop_rate: 0.1]
[max_drop: 50]
[skip_drop: 0.5]
[xgboost_dart_mode: 0]
[uniform_drop: 0]
[drop_seed: 17869]
[top_rate: 0.2]
[other_rate: 0.1]
[min_data_per_group: 100]
[max_cat_threshold: 32]
[cat_l2: 10]
[cat_smooth: 10]
[max_cat_to_onehot: 4]
[top_k: 20]
[monotone_constraints: ]
[monotone_constraints_method: basic]
[monotone_penalty: 0]
[feature_contri: ]
[forcedsplits_filename: ]
[refit_decay_rate: 0.9]
[cegb_tradeoff: 1]
[cegb_penalty_split: 0]
[cegb_penalty_feature_lazy: ]
[cegb_penalty_feature_coupled: ]
[path_smooth: 0]
[interaction_constraints: ]
[verbosity: -1]
[saved_feature_importance_type: 0]
[use_quantized_grad: 0]
[num_grad_quant_bins: 4]
[quant_train_renew_leaf: 0]
[stochastic_rounding: 1]
[linear_tree: 0]
[max_bin: 255]
[max_bin_by_feature: ]
[min_data_in_bin: 3]
[bin_construct_sample_cnt: 200000]
[data_random_seed: 175]
[is_enable_sparse: 1]
[enable_bundle: 1]
[use_missing: 1]
[zero_as_missing: 0]
[feature_pre_filter: 1]
[pre_partition: 0]
[two_round: 0]
[header: 0]
[label_column: ]
[weight_column: ]
[group_column: ]
[ignore_column: ]
[categorical_feature: ]
[forcedbins_filename: ]
[precise_float_parser: 0]
[parser_config_file: ]
[objective_seed: 16083]
[num_class: 1]
[is_unbalance: 0]
[scale_pos_weight: 1]
[sigmoid: 1]
[boost_from_average: 1]
[reg_sqrt: 0]
[alpha: 0.9]
[fair_c: 1]
[poisson_max_delta_step: 0.7]
[tweedie_variance_power: 1.5]
[lambdarank_truncation_level: 30]
[lambdarank_norm: 1]
[label_gain: ]
[lambdarank_position_bias_regularization: 0]
[eval_at: ]
[multi_error_top_k: 1]
[auc_mu_weights: ]
[num_machines: 1]
[local_listen_port: 12400]
[time_out: 120]
[machine_list_filename: ]
[machines: ]
[gpu_platform_id: -1]
[gpu_device_id: -1]
[gpu_use_dp: 0]
[num_gpu: 1]

end of parameters

pandas_categorical:null
