tree
version=v4
num_class=1
num_tree_per_iteration=1
label_index=0
max_feature_idx=100
objective=regression_l1
feature_names=load_total_mw load_north_mw load_central_mw load_south_mw hydro_inflow_m3s hydro_total_discharge_m3s hydro_plant_discharge_m3s hydro_spill_discharge_m3s hydro_water_level_m disp_total_installed_mw disp_total_midday_mw disp_total_evening_mw disp_hydro_installed_mw disp_hydro_midday_mw disp_hydro_evening_mw disp_solar_installed_mw disp_solar_midday_mw disp_solar_evening_mw disp_wind_installed_mw disp_wind_midday_mw disp_wind_evening_mw temperature_hanoi humidity_hanoi cloud_cover_hanoi wind_speed_hanoi shortwave_radiation_hanoi direct_radiation_hanoi diffuse_radiation_hanoi temperature_danang humidity_danang cloud_cover_danang wind_speed_danang shortwave_radiation_danang direct_radiation_danang diffuse_radiation_danang temperature_hcmc humidity_hcmc cloud_cover_hcmc wind_speed_hcmc shortwave_radiation_hcmc direct_radiation_hcmc diffuse_radiation_hcmc coal_proxy_price brent_price gas_proxy_price usd_vnd dxy_index is_weekend is_workday is_holiday is_tet is_pre_holiday is_post_holiday season sin_hour cos_hour sin_dow cos_dow sin_month cos_month smp_lag_48 load_lag_48 smp_lag_49 load_lag_49 smp_lag_50 load_lag_50 smp_lag_96 load_lag_96 smp_lag_336 load_lag_336 smp_north_lag_48 smp_south_lag_48 smp_north_lag_336 smp_south_lag_336 smp_rolling_mean_24h smp_rolling_std_24h load_rolling_mean_24h load_rolling_std_24h smp_rolling_mean_72h smp_rolling_std_72h load_rolling_mean_72h load_rolling_std_72h price_spread_ns_lag48 load_ramp_lag48 smp_yesterday_mean smp_yesterday_max smp_yesterday_min smp_yesterday_zero_ratio hydro_discharge_rolling_24h solar_gen_proxy wind_gen_proxy residual_load_proxy thermal_margin_proxy hydro_depletion_index margin_temp_interaction is_spike is_zero spike_prob_24h spike_prob_72h zero_prob_24h zero_prob_72h
feature_infos=[16738.400000000001:43669.699999999997] [8141:23529.633000000002] [1030.2:4920.1390000000001] [6568.3000000000002:17620.469000000001] [-24696.790000000001:52718.32] [261.23000000000002:27182.77] [243.56999999999999:14362.75] [11.359999999999999:15398] [386.1925:23252.132105263157] none [14491.4:47673.900000000001] [19152.799999999999:47033.400000000001] none [-3952.3000000000002:18862.5] [6035.6999999999998:23435.200000000001] none [0:8134.5] [0:344.30000000000001] none [0:4273.1999999999998] [0:4263.3999999999996] [7.5:32.299999999999997] [31:99] [0:100] [0.55000000000000004:30.25] [3.5:282] [0:208.5] [3.5:150.5] [16.050000000000001:33.25] [52:99.5] [0:100] [0.80000000000000004:50] [7:306.5] [0:234] [7:146] [20.600000000000001:31.300000000000001] [56:98] [0:100] [0.5:24] [16:265] [0:198] [16:133.5] [63.700000762939453:438.35000610351562] [55.099998474121087:127.98000335693359] [1.5750000476837158:9.6800003051757795] [22394.345703125:26405] [89.639999389648438:114.11000061035156] [0:1] [0:1] [0:1] [0:1] [0:1] [0:1] [1:4] none none [-0.97492791218182362:0.97492791218182362] [-0.90096886790241903:1] [-1:1] [-1:1] [0:1778.5999999999999] [16738.400000000001:43669.699999999997] [0:1778.5999999999999] [16515.5:40602.099999999999] [0:1778.5999999999999] [15251.9:39424.300000000003] [0:1778.5999999999999] [16738.400000000001:43669.699999999997] [0:1778.5999999999999] [16738.400000000001:43669.699999999997] [0:1778.5999999999999] [0:1778.5999999999999] [0:1778.5999999999999] [0:1778.5999999999999] [0:1778.5999999999999] [0:869.78656539635756] [15840.402083333332:48300.345833333326] [1494.0634266859377:7412.3475695858406] [0.069944444444444434:1778.5999999999999] [0:822.68470809772941] [15990.384722222221:45267.230555555558] [2009.5728777065494:7328.5193476692311] [-1602.3:1778.5999999999999] [-2000.7000000000007:5250.3000000000029] [0:1778.5999999999999] [0:1778.5999999999999] [0:1778.5999999999999] [0:1] [919.52208333333328:41870.738333333335] [112.0236:1855.3908750000001] [124.17300000000002:5960.3040000000001] [13767.265887500002:40395.97834999999] [13155.821650000013:39784.534112499998] [386.1925:23252.132105263157] [371342.92174875003:1122197.6812312501] [0:1] [0:1] [0:1] [0:1] [0:1] [0:1]
tree_sizes=4276 4713 4623 4727 4762 4608 4645 4643 4598 4703 4731 4596 4358 4386 4732 4806

Tree=0
num_leaves=52
num_cat=0
split_feature=95 68 68 70 42 20 40 46 16 38 92 68 38 61 72 14 83 0 70 43 92 93 24 69 38 75 4 7 71 89 20 14 71 26 28 4 26 28 69 11 46 38 80 42 16 40 19 69 0 46 0
split_gain=27.7484 28.51 23.6266 12.4846 11.2821 9.87016 9.55466 8.98952 7.74119 6.9937 6.96851 6.55481 8.41893 7.31983 6.5091 6.05888 5.63618 7.08548 6.31067 5.98895 5.5609 5.356 5.13974 5.05081 4.96218 4.70141 5.21796 4.7009 5.36518 4.2894 5.08412 4.25664 4.10427 7.04776 4.84926 5.47851 3.83333 3.79527 3.39309 3.20417 3.15314 3.45482 3.16905 3.02149 2.91494 2.79926 2.33941 2.05917 2.05903 2.025 0.266327
threshold=1.0000000180025095e-35 1350.0420000000001 1234.0500000000002 1429.8730000000003 94.674999237060561 2918.1500000000005 67.250000000000014 107.53499984741211 5816.6000000000013 4.325000000000002 23890.272493750006 1.0075000000000001 9.9250000000000025 37062.05000000001 1600.0905000000002 10199.250000000002 2806.0499999999979 31889.350000000002 0.95650000000000002 76.18500137329103 28122.888287500009 420.66763157894746 6.0750000000000011 34974.700000000004 10.275000000000002 303.8725585219475 7842.5250000000005 20.545000000000005 1068.5770000000002 1517.5697062500001 1546.3500000000001 12928.900000000001 1171.5155000000002 6.7500000000000009 24.625000000000004 3563.7800000000007 39.250000000000007 25.575000000000006 34346.250000000007 35219.750000000007 102.77999877929689 5.2750000000000012 36820.067013888896 169.17500305175784 5763.2000000000016 36.250000000000007 584.20000000000016 30927.600000000002 35003.100000000006 103.20499801635744 33944.250000000007
decision_type=2 2 2 2 2 2 2 2 2 2 2 2 2 2 2 2 2 2 2 2 2 2 2 2 2 2 2 2 2 2 2 2 2 2 2 2 2 2 2 2 2 2 2 2 2 2 2 2 2 2 2
left_child=2 10 3 6 -4 15 16 11 24 -10 38 20 13 22 -11 -3 17 19 45 -1 29 39 -13 32 27 -24 -27 -6 36 30 48 -5 33 -17 35 43 47 -36 50 -12 -31 -42 -43 -34 -35 -19 -39 -29 49 -8 -2
right_child=1 5 4 31 8 -7 7 -9 9 14 21 12 -14 -15 -16 23 -18 18 -20 -21 -22 -23 25 -25 -26 26 -28 28 -30 40 -32 -33 34 44 37 -37 -38 46 -40 -41 41 42 -44 -45 -46 -47 -48 -49 -50 -51 -52
leaf_value=-4.6610301360487938e-05 0.01813387781381607 -0.00021486327052116393 9.99001320451498e-06 0 -0.0010054362565279007 -0.0008476504683494568 0 0.0011148151010274888 -0.0012890057265758515 3.6532876547425988e-05 0.00036070406436920164 0.00054504348896443843 -0.0022076480835676194 -0.0010149994492530824 -0.00017388641834259033 -3.310162283014506e-06 -0.0029891848564147952 -0.00012197541072964669 0.00091147921979427336 -0.0018890477716922761 0.0029891848564147952 0 -0.00035610064864158633 0.00034374794922769069 -0.029273922443389892 0.00041682215407490731 0 -0.0013248737156391144 0 1.8360927933827044e-05 0 0.0011914939433336259 0 0 0 0 0 0 0.0011657404899597169 0.00096481986343860632 0 0.001795818703249097 0 0.00058816703036427501 0.00074015200138092044 0 0 -0.00060792095959186557 -0.0017328679561614991 0 0.002770475745201111
leaf_weight=33 20 28 33 22 20 24 20 20 33 35 20 30 32 25 33 35 25 22 22 28 21 23 23 22 32 30 38 21 24 34 28 39 21 35 20 23 23 27 20 39 22 20 22 22 20 25 31 25 28 20 29
leaf_count=33 20 28 33 22 20 24 20 20 33 35 20 30 32 25 33 35 25 22 22 28 21 23 23 22 32 30 38 21 24 34 28 39 21 35 20 23 23 27 20 39 22 20 22 22 20 25 31 25 28 20 29
internal_value=3.29188e-05 0.00103486 -0.000473568 6.3593e-05 -0.00168459 0.000162338 -0.000167254 0.000230024 -0.00205285 -0.000990099 0.00281457 6.36132e-05 -0.000646067 -0.000136986 -7.35294e-05 0.000422535 -0.00122581 -0.000807692 0.000289855 -0.00204918 0.000651163 0.00182927 0.000371901 0.000664063 -0.0027931 -0.00021978 0.000441176 -0.00230088 -0.00182796 0.000386598 -0.000364583 0.00221311 0.000448718 -0.000388889 0.000972222 0.0019697 -0.00253623 0.000128205 0.00398551 0.00262712 0.00112245 0.00046875 0.00130952 0.00302326 0.000727273 -0.000744681 0.000775862 -0.00336957 -0.00110294 -0.000375 0.00469388
internal_weight=1367 459 908 629 279 308 568 413 246 101 151 393 178 146 68 284 155 130 69 61 215 82 121 256 145 91 68 113 93 194 96 61 234 90 144 66 69 78 69 59 98 64 42 43 55 47 58 46 68 40 49
internal_count=1367 459 908 629 279 308 568 413 246 101 151 393 178 146 68 284 155 130 69 61 215 82 121 256 145 91 68 113 93 194 96 61 234 90 144 66 69 78 69 59 98 64 42 43 55 47 58 46 68 40 49
is_linear=0
shrinkage=0.005


Tree=1
num_leaves=54
num_cat=0
split_feature=95 72 72 1 4 70 23 97 33 33 4 72 72 29 40 81 74 81 30 20 29 30 8 40 82 85 39 33 94 90 24 23 10 13 29 28 10 24 22 78 24 66 40 10 13 90 74 66 90 23 29 13 14
split_gain=24.8136 20.8027 17.5799 13.9445 10.6223 9.6643 11.5085 9.00201 8.3843 8.89666 8.38844 7.97871 7.92125 7.91942 7.875 8.32819 7.39255 8.08813 7.45328 7.36496 7.17841 7.0525 6.38899 5.76416 5.66605 6.76 5.63696 5.61678 5.36508 5.28377 5.14303 4.97443 6.93503 5.56184 6.18484 7.97373 5.37566 5.3946 5.25128 7.50288 4.89925 4.3645 4.14848 3.5461 3.52083 3.30856 7.2467 4.92407 4.21406 2.70679 1.225 1.12533 1.08995
threshold=1.0000000180025095e-35 1231.7500000000002 965.41600000000005 13693.700000000003 8603.3650000000034 1396.7000000000003 93.750000000000014 0.57291666666666685 220.25000000000003 40.250000000000007 13829.610000000002 798.88000000000011 1365.6245000000001 87.250000000000014 95.750000000000014 4079.4373639119744 1481.5742291666668 4384.7463811745592 45.250000000000007 2882.9000000000005 90.750000000000014 76.250000000000014 410.14723684210531 95.250000000000014 204.72600000000003 1584.4715000000003 138.25000000000003 7.2500000000000009 724348.60855375021 689.16015000000027 8.6250000000000018 48.000000000000007 29389.400000000005 11810.200000000003 86.250000000000014 28.025000000000002 38976.05000000001 8.9750000000000032 91.750000000000014 567.61035416666675 11.975000000000001 1502.0000000000002 114.25000000000001 37730.100000000013 7972.3000000000011 1558.3711500000004 1428.8426979166668 1513.1500000000003 2129.5669500000008 81.750000000000014 91.250000000000014 6350.9000000000005 16506.250000000004
decision_type=2 2 2 2 2 2 2 2 2 2 2 2 2 2 2 2 2 2 2 2 2 2 2 2 2 2 2 2 2 2 2 2 2 2 2 2 2 2 2 2 2 2 2 2 2 2 2 2 2 2 2 2 2
left_child=1 5 24 7 16 8 -7 -4 9 10 14 29 13 -5 15 -1 17 18 -3 22 26 -20 -14 -8 25 -2 -19 -17 41 -11 42 43 -33 34 35 -34 -35 -38 39 44 -32 -23 -13 -31 -37 47 52 -24 -48 -49 -15 -26 -47
right_child=2 4 3 12 -6 6 23 -9 -10 11 -12 30 19 50 -16 27 -18 20 21 -21 -22 28 45 -25 51 -27 -28 -29 -30 31 40 32 33 36 -36 38 37 -39 -40 -41 -42 -43 -44 -45 -46 46 48 49 -50 -51 -52 -53 -54
leaf_value=-0.00035459123477339747 -5.3264008834958085e-06 0.00013736375198932364 -0.00097508506099766232 9.2996043153107158e-06 -0.031047196101024747 0.0019008390678092839 0.00013329623453319073 0 0.00047810495046433059 -0.00024334094440564514 0.0034657359123229981 -0.0016164247425273059 -3.1939790306205393e-05 0.0013752495586872098 0.00036161315534263854 -0.00087378309667110444 -0.0013004698775708676 -0.0013463975705206395 -0.00055058294907212263 -0.0006312519416213036 -1.1288014985620974e-05 0.00042585333442548293 -1.7187397461384534e-06 -5.9574697166681294e-06 0.016573826450109481 0.0029891848564147952 -0.00075956563055515293 0.00090153343935962782 -0.00063423787653446194 -2.7252174448221924e-06 5.5649403249844915e-05 0.0032253665631869809 0.00070684922726359223 9.4452388584613813e-06 -0.0012780606858432291 0 6.0987705364823342e-07 -2.8329400724032894e-06 -8.9790935162454845e-06 5.0749972462654119e-06 -0.00085826560854911809 -0.00010635093096643686 -0.00091770242098718874 0 -0.0029761927740648386 0.00039905600356869396 5.4543358201044609e-07 1.0743163526058196e-06 0 0 0.00071385106295347223 0.031821509900316597 1.6550811415072531e-08
leaf_weight=31 20 27 34 27 36 26 23 32 20 31 24 24 37 20 28 21 25 24 28 23 26 22 27 21 20 25 29 20 21 27 22 20 20 39 33 24 37 22 20 30 23 20 20 20 24 20 24 23 35 24 20 27 21
leaf_count=31 20 27 34 27 36 26 23 32 20 31 24 24 37 20 28 21 25 24 28 23 26 22 27 21 20 25 29 20 21 27 22 20 20 39 33 24 37 22 20 30 23 20 20 20 24 20 24 23 35 24 20 27 21
internal_value=3.29188e-05 -0.000446035 0.000980392 0.000490463 -0.00164729 3.07692e-05 0.00178571 -0.00159091 -0.000181034 -0.000294643 0.000887097 -0.000630734 0.000946844 0.00246269 0.00025 -0.000625 -0.00123874 -0.000913706 -8.47458e-05 0.000512821 -0.0021519 -0.000769231 0.000805687 0.000227273 0.00293478 0.00166667 -0.00320755 0.000853659 0.00015873 -0.000288184 -0.00196629 -9.49367e-05 0.000167286 -6.0241e-05 -0.000662252 -0.000127119 0.000867347 -8.47458e-05 -0.000714286 -0.000128205 -0.000777778 0.00119048 -0.00318182 -0.00159574 -0.00135417 0.0012069 0.0018 0.000405405 0.000677966 0.00138298 0.003875 0.00414894 0.00341463
internal_weight=1367 908 459 367 258 650 70 66 580 560 124 436 301 67 100 72 222 197 118 234 79 91 211 44 92 45 53 41 63 347 89 316 269 249 151 118 98 59 98 78 45 42 44 47 48 174 100 74 59 47 40 47 41
internal_count=1367 908 459 367 258 650 70 66 580 560 124 436 301 67 100 72 222 197 118 234 79 91 211 44 92 45 53 41 63 347 89 316 269 249 151 118 98 59 98 78 45 42 44 47 48 174 100 74 59 47 40 47 41
is_linear=0
shrinkage=0.005


Tree=2
num_leaves=53
num_cat=0
split_feature=96 72 64 100 88 35 26 5 23 4 14 20 45 46 73 40 7 30 46 91 91 45 26 27 89 19 69 97 23 35 27 27 72 14 3 1 45 80 7 27 5 35 84 0 30 46 45 76 97 77 4 0
split_gain=24.1361 26.2334 13.2441 11.9493 10.9442 9.20802 12.1936 10.0273 8.86592 8.85161 14.296 8.79779 7.95831 7.71333 8.1808 7.60583 7.27273 9.49605 7.25181 6.76241 9.86384 6.95424 6.55887 6.33621 8.1784 7.78833 6.27864 6.13303 5.99132 5.625 5.53486 7.48089 7.12865 5.82072 5.3531 7.04165 4.91746 4.54683 5.62542 5.09944 7.99674 3.79447 5.06288 3.57675 3.19704 3.0421 5.8084 2.68058 2.26098 1.74545 0.427907 0.124528
threshold=1.0000000180025095e-35 1339.1775000000002 1427.1505000000004 0.64236111111111127 4799.0831250000001 23.375000000000004 77.750000000000014 11161.475 99.750000000000014 8216.6150000000016 16268.6 201.20000000000002 24648.500000000004 91.884998321533217 1346.5740000000003 60.250000000000007 29.830000000000002 85.750000000000014 98.915000915527358 28447.453518750004 30508.738306250001 25387.500000000004 2.2500000000000004 77.750000000000014 1587.5844562500001 789.50000000000011 30227.000000000004 0.30208333333333343 52.750000000000007 26.725000000000005 97.750000000000014 87.750000000000014 0.96850000000000003 20373.600000000002 14869.900000000003 13828.450000000003 24787.500000000004 33857.697569444455 31.225000000000005 49.250000000000007 5788.3500000000004 26.875000000000004 1604.0313750000003 32739.650000000005 98.250000000000014 103.84499740600587 24387.500000000004 30418.900000000005 0.052083333333333336 3824.1225759474082 9641.8250000000025 33944.250000000007
decision_type=2 2 2 2 2 2 2 2 2 2 2 2 2 2 2 2 2 2 2 2 2 2 2 2 2 2 2 2 2 2 2 2 2 2 2 2 2 2 2 2 2 2 2 2 2 2 2 2 2 2 2 2
left_child=1 5 4 8 16 -1 13 11 27 10 -6 -8 48 -7 23 26 17 -3 -17 -5 -21 -22 -14 28 25 -25 -4 30 -15 -9 31 32 33 -2 35 -20 51 39 -39 40 47 -36 -43 -28 -23 -37 -47 -30 -10 -18 -50 -13
right_child=3 2 15 19 9 6 7 29 12 -11 -12 36 22 14 -16 18 49 -19 34 20 21 44 -24 24 -26 -27 43 -29 37 -31 -32 -33 -34 -35 41 45 -38 38 -40 -41 -42 42 -44 -45 -46 46 -48 -49 50 -51 -52 -53
leaf_value=0.00077242248803575052 6.390303429216146e-06 3.6223468370735648e-06 0 -9.9734653299790815e-05 -0.00047865245519205932 -0.00033362644914281556 0.00051096527647320181 -7.3439486205112181e-05 -0.016686259115601426 -0.0090278512313421815 0.00068059566949674633 0.0031176874819779771 5.1010207527433526e-06 -3.5932285519083963e-06 -0.00049061702950648032 1.6651408888055813e-05 -0.00017198393825817039 -0.0018295999050877271 -0.00050670457898359747 6.6250963493715961e-05 -3.8977901431499059e-06 5.0277710519731058e-06 -7.7639939307118771e-08 0.0024935712033017773 0.00011347366556682392 -0.0013711120803896338 -5.5103933418169618e-05 4.5695230891928077e-05 0.00099761769847292459 9.8276770021766438e-06 6.7591593414545071e-06 -0.0034507899880409244 -0.0020885313473520801 -7.8178552445024259e-08 -2.84372316300869e-06 3.0960448728874328e-06 0.00063413541418779645 -5.8020704453811057e-06 3.8127057324163614e-05 0.0013865144905252384 1.7553013275144621e-05 0.00011990438831920619 0 -2.7271679100522305e-09 0 0 0.00013667693322937704 0.00089533193603903054 -0.0034199454424837608 -0.00096531678685871883 -0.0029892102314010259 0.032132715194478634
leaf_weight=29 21 23 25 36 33 38 31 20 20 28 29 33 20 36 30 26 20 32 24 20 31 23 27 29 24 24 30 31 23 20 20 21 21 29 20 31 24 23 26 24 38 20 26 21 24 30 21 25 20 24 23 20
leaf_count=29 21 23 25 36 33 38 31 20 20 28 29 33 20 36 30 26 20 32 24 20 31 23 27 29 24 24 30 31 23 20 20 21 21 29 20 31 24 23 26 24 38 20 26 21 24 30 21 25 20 24 23 20
internal_value=3.65764e-05 0.000454082 -0.000410367 -0.00102067 -0.00142857 0.00122824 0.00106557 0.00226351 -0.00166008 -0.000166667 0.000887097 0.00305556 -0.00272727 0.000544118 0.000811258 0.000291971 -0.00257576 -0.00136364 0.000808081 0.000186567 0.000867347 6.41026e-05 -0.00117021 0.00108456 -0.00012987 -0.00122642 -0.00105263 -0.000839161 0.0015641 0.000125 -0.00138393 -0.00190217 -0.00112676 -0.0001 0.000436047 0.00113208 0.00396104 0.00198113 0.000714286 0.00254545 0.00197674 -0.000681818 0.000108696 -0.00205882 0.0012766 0.00182927 0.00107843 0.00333333 -0.00388889 -0.00409091 -0.00453488 0.00481132
internal_weight=1367 980 463 387 189 517 488 148 253 90 62 108 110 340 302 274 99 55 198 134 98 78 47 272 77 53 76 143 195 40 112 92 71 50 172 106 77 159 49 110 86 66 46 51 47 82 51 48 63 44 43 53
internal_count=1367 980 463 387 189 517 488 148 253 90 62 108 110 340 302 274 99 55 198 134 98 78 47 272 77 53 76 143 195 40 112 92 71 50 172 106 77 159 49 110 86 66 46 51 47 82 51 48 63 44 43 53
is_linear=0
shrinkage=0.005


Tree=3
num_leaves=53
num_cat=0
split_feature=34 20 37 62 68 61 38 56 37 37 93 32 14 92 6 17 81 7 37 81 19 69 38 21 20 20 31 46 80 69 24 23 16 81 42 24 7 35 91 14 20 13 13 46 75 24 24 19 20 32 61 34
split_gain=20.1056 15.6585 15.0771 14.4461 12.1699 14.2154 10.7004 9.52253 9.33333 9.19474 9.07615 8.89737 15.5204 11.3922 8.02694 7.45995 7.33096 7.75758 7.09767 6.97742 7.10836 6.9282 7.71575 7.40139 6.65843 8.24483 7.48741 7.03018 6.5072 7.15577 6.33734 10.5625 6.14722 6.12519 8.80792 6.02507 5.627 5.56277 11.0683 8.14632 5.09394 4.84719 4.7264 6.67913 4.66667 4.02381 4.01531 3.71212 3.36066 2.99688 2.81299 2.00835
threshold=79.750000000000014 2178.4000000000005 6.7500000000000009 1329.6500000000003 791.98750000000007 31498.850000000002 8.4750000000000032 -1.0000000180025095e-35 95.750000000000014 98.250000000000014 393.23111111111115 81.250000000000014 14977.400000000001 18813.379612500012 3210.4450000000002 80.350000000000009 4186.3610269798501 1641.6400000000003 57.250000000000007 3888.9415635024466 823.70000000000016 26582.050000000003 11.425000000000002 29.625000000000004 1469.0000000000002 1085.8000000000002 5.7750000000000012 102.91500091552736 36422.385069444448 27476.200000000004 6.5250000000000012 98.250000000000014 5801.8500000000013 4600.2688226511227 148.22500610351565 9.9750000000000014 296.39000000000004 25.675000000000004 28273.719006250001 13949.050000000001 884.6500000000002 2864.2000000000003 3295.9500000000003 104.5550003051758 529.55941097223706 10.125000000000002 9.9750000000000014 1132.6500000000003 149.90000000000003 248.75000000000003 34144.600000000013 53.250000000000007
decision_type=2 2 2 2 2 2 2 2 2 2 2 2 2 2 2 2 2 2 2 2 2 2 2 2 2 2 2 2 2 2 2 2 2 2 2 2 2 2 2 2 2 2 2 2 2 2 2 2 2 2 2 2
left_child=1 2 -1 7 6 42 16 -3 50 35 -4 12 41 -13 -7 45 28 40 -14 -17 46 51 23 24 25 27 -26 37 29 -2 -29 -32 -9 34 -20 -5 -36 -23 -39 -40 -18 -12 -6 48 -10 -16 -21 -27 -44 -24 -8 -15
right_child=4 3 10 9 5 14 8 32 44 -11 11 13 18 21 15 19 17 -19 33 20 -22 22 49 -25 26 47 -28 30 -30 -31 31 -33 -34 -35 36 -37 -38 38 39 -41 -42 -43 43 -45 -46 -47 -48 -49 -50 -51 -52 -53
leaf_value=0.00085361566316165954 0.030646139768389466 -0.0018581683350103301 -0.00064284761751936311 -5.7730600931541996e-06 -3.5234534537580332e-05 -0.00076827595076337462 -1.6669266666751378e-06 -0.0010846739345988701 -1.4447251015575022e-05 9.0702562724892064e-06 -4.2936161434104437e-05 -0.0017362684460275337 0.00041274525887897241 0.00010979401020425315 0.00017075094586386358 1.0716028205353177e-06 4.0003119778470128e-06 8.566168198609958e-06 -7.289613020150282e-05 -0.00090522597013370661 2.7543691303377275e-07 -0.00048263329478040576 2.9858583443921364e-05 0.0024260653900664837 0.00087101071636071724 -0.00041578940853068222 2.7014808532781902e-07 -1.6458442318788731e-06 1.0438257085275839e-05 -7.9483820785273729e-07 0.0028941942399436306 5.5811541764502186e-07 3.1463451223823361e-06 0.00076733412408974471 -9.5945533856618612e-07 9.6603600322484269e-06 0.00046841329721119054 0.00027885406126179819 -3.0372662861901343e-06 7.4718964103885819e-09 -8.8215212021453777e-06 -0.0011732730780264387 -0.0030355734972778172 -3.318832022352872e-06 0.0034448232072536323 9.7427492683236481e-05 -7.6191670114207088e-05 1.1054380358536945e-08 -0.0035309031230383553 9.8966859306680287e-06 -2.1789389811555164e-06 0.0022189959464321892
leaf_weight=27 20 31 20 33 22 27 20 36 21 35 23 28 21 20 21 23 20 22 35 21 37 21 22 32 22 24 39 22 23 32 32 32 23 22 26 34 21 34 20 22 24 28 20 26 21 21 26 20 41 21 22 31
leaf_count=27 20 31 20 33 22 27 20 36 21 35 23 28 21 20 21 23 20 22 35 21 37 21 22 32 22 24 39 22 23 32 32 32 23 22 26 34 21 34 20 22 24 28 20 26 21 21 26 20 41 21 22 31
internal_value=0.00013899 0.000606768 0.000969925 -0.000651042 -0.000647059 -0.00133333 0.000222222 -0.00211111 -0.00119048 0.000637255 0.000815047 0.00092233 -2.84091e-05 0.0013009 -0.000454545 0 0.00106383 -0.000151515 0.00092 -0.000700935 -0.00136905 0.00150966 0.00126722 0.001 0.000746528 0.000352423 0.00221311 0.000819672 0.00213333 0.00115385 0.00186047 0.00265625 -0.000932203 0.000384615 -0.000243902 -0.000447761 0.00117021 -0.000103093 0.000526316 -0.00119048 -0.00136364 -0.00235294 -0.00275229 -0.00327586 0.00047619 0.00178571 -0.00265957 -0.00159091 -0.00418033 0.00325581 -0.00285714 0.00323529
internal_weight=1367 857 665 192 510 285 225 90 84 102 638 618 176 442 176 149 141 66 125 107 84 414 363 320 288 227 61 183 75 52 86 64 59 104 82 67 47 97 76 42 44 51 109 87 42 42 47 44 61 43 42 51
internal_count=1367 857 665 192 510 285 225 90 84 102 638 618 176 442 176 149 141 66 125 107 84 414 363 320 288 227 61 183 75 52 86 64 59 104 82 67 47 97 76 42 44 51 109 87 42 42 47 44 61 43 42 51
is_linear=0
shrinkage=0.005


Tree=4
num_leaves=54
num_cat=0
split_feature=6 60 68 68 36 33 42 24 84 36 4 6 73 4 36 81 43 11 11 80 76 24 22 36 56 17 92 64 11 91 33 38 80 26 43 83 3 26 80 68 4 22 80 100 83 26 4 60 6 11 3 78 23
split_gain=15.1868 19.3705 20.9786 18.0949 11.8177 10.6267 9.77643 9.88461 10.4735 9.2802 8.97751 10.9856 9.71274 8.78263 8.76993 8.34317 11.3981 7.62055 7.38613 7.24472 7.10787 8.10054 6.93096 6.90061 6.8858 6.64775 6.34154 6.2974 6.22249 6.09524 5.80213 6.7375 5.20169 5.12422 5.0381 4.92201 4.67532 4.62779 4.60909 4.4444 7.31864 10.8958 4.43478 7.08333 4.61597 4.26667 4.10894 3.11832 3.07255 3 2.5 2.49161 1.6
threshold=2984.3400000000006 1395.4000000000003 1346.5740000000003 1000.282 80.250000000000014 220.25000000000003 94.424999237060561 9.9250000000000025 394.06693750000005 67.750000000000014 10292.965000000002 4849.2100000000009 899.63550000000009 2992.0900000000006 89.250000000000014 4242.1054912683094 78.31000137329103 41128.000000000007 31515.150000000005 36041.856250000004 30542.157291666674 6.2250000000000005 79.250000000000014 88.250000000000014 1.0000000180025095e-35 157.35000000000005 26800.40698750001 965.69150000000013 39085.250000000007 27881.574518750003 190.75000000000003 9.1750000000000025 32263.517013888893 42.750000000000007 82.090000152587905 2663.1500000000001 14018.950000000003 73.250000000000014 34338.759027777785 883.83150000000012 3839.5000000000005 87.250000000000014 28503.833680555559 0.031250000000000007 2083.7999999999997 63.250000000000007 2530.7750000000005 394.55000000000007 4164.8200000000006 38456.650000000001 14759.650000000001 630.91794791666678 96.250000000000014
decision_type=2 2 2 2 2 2 2 2 2 2 2 2 2 2 2 2 2 2 2 2 2 2 2 2 2 2 2 2 2 2 2 2 2 2 2 2 2 2 2 2 2 2 2 2 2 2 2 2 2 2 2 2 2
left_child=18 3 39 5 9 6 -2 8 14 -4 11 13 29 46 19 32 -17 25 -1 52 -20 50 -11 30 28 34 27 -14 38 -13 31 33 42 -10 -9 47 -15 -12 -23 45 49 -42 -6 -44 -45 -3 -5 51 -24 -41 -22 -25 -8
right_child=1 2 4 10 15 -7 7 17 23 22 37 12 26 36 -16 16 -18 -19 20 -21 21 24 48 35 -26 -27 -28 -29 -30 -31 -32 -33 -34 -35 -36 -37 -38 -39 -40 40 41 -43 43 44 -46 -47 -48 -49 -50 -51 -52 -53 -54
leaf_value=-0.0017024624874269257 -0.00016046854264657357 0.00082592021820940113 -3.3982638248479763e-06 -0.00092516467407567616 -7.7661591072585761e-05 0.001709497266716083 0.00033062224630833444 -2.6379849096228782e-05 1.6222704837347256e-06 3.4646210880491835e-10 -0.023842129563037592 -0.0018270010802355849 -0.00037709051507456331 -0.00094559659620070213 -0.0018483536614839907 -1.6987180086809427e-06 6.6936438510240852e-05 9.3866358545573797e-06 4.0854450327219657e-06 -2.8714721145785293e-07 -8.0085358620033893e-06 -3.351755072246586e-06 0.00062985990784542479 1.1129455745876328e-05 -1.1801459124566754e-05 -0.0012647425857569871 0.00063060489303499491 0.00016989719113454427 1.8124732765104062e-06 1.9198279730317226e-05 -0.00029511197182519478 -2.4365729980695674e-06 -0.0027836589226826183 0.00082424222905551695 1.144467629238981e-05 7.3658478386906257e-06 -0.0010506052988705722 -0.00014332906800144918 -0.00054214662938588181 0.00031702722668562361 -0.00039482682849278163 0.0011142130354612238 -1.6005963985691501e-06 2.4054263617198104e-06 -3.4238638302778818e-07 0.031546598134936418 3.7094206769587801e-05 0.0034484767953843155 3.11356776612848e-05 0.00098463375707721662 6.6272010855122409e-06 6.3383503521808293e-06 8.3292936706444169e-05
leaf_weight=28 36 30 23 21 24 20 20 28 21 20 34 21 26 30 32 31 32 26 20 23 20 20 20 20 33 31 34 21 32 21 23 20 27 23 20 22 33 24 24 24 21 29 20 22 26 30 20 37 37 24 20 23 20
leaf_count=28 36 30 23 21 24 20 20 28 21 20 34 21 26 30 32 31 32 26 20 23 20 20 20 20 33 31 34 21 32 21 23 20 27 23 20 22 33 24 24 24 21 29 20 22 26 30 20 37 37 24 20 23 20
internal_value=9.14411e-05 0.000307692 0.00113636 -0.000191781 0.000319149 0.000438202 0.000270588 0.000501285 0.000985915 0.0017 -0.00117544 -0.000726872 0.000284553 -0.00192308 -0.000368421 -0.00043956 0.00103175 -0.000809524 -0.00119289 0.000714286 -0.000798817 -0.0011745 0.00253247 0.00166667 -0.00188073 -0.00158228 0.0012963 0.000106383 -0.00105263 -0.00166667 0.000632184 0.00140625 -0.00121849 0.0025 -0.000416667 0.00254902 -0.00309524 -0.00293103 -0.00227273 0.00259494 0.00193878 0.0006 -0.000652174 0 0.00104167 0.00366667 -0.000121951 0.003125 0.00342105 0.00333333 0.00075 0.0022093 0.002
internal_weight=1367 1170 440 730 282 445 425 389 284 100 285 227 123 104 95 182 63 105 197 63 169 149 77 189 109 79 81 47 76 42 87 64 119 44 48 102 63 58 44 158 98 50 92 68 48 60 41 80 57 48 40 43 40
internal_count=1367 1170 440 730 282 445 425 389 284 100 285 227 123 104 95 182 63 105 197 63 169 149 77 189 109 79 81 47 76 42 87 64 119 44 48 102 63 58 44 158 98 50 92 68 48 60 41 80 57 48 40 43 40
is_linear=0
shrinkage=0.005


Tree=5
num_leaves=52
num_cat=0
split_feature=1 69 74 31 31 31 6 88 3 27 5 56 88 67 43 74 16 56 61 37 43 88 31 69 36 25 91 74 97 13 27 72 73 64 1 64 74 74 82 83 69 39 46 41 36 21 21 73 36 1 36
split_gain=17.8304 17.377 12.3712 11.3736 10.2445 9.44215 8.99052 8.90947 12.3412 10.5181 10.1028 9.75748 8.66936 9.06224 8.19296 9.1563 8.39646 7.83162 7.8165 11.0561 9.18081 9.33333 7.73459 7.49855 14.8616 7.46065 7.21436 7.14261 7.03831 11.7761 6.75135 6.66246 6.62722 6.17143 6.05111 5.76234 5.54113 5.3717 5.06601 5.71154 4.00545 3.99328 3.72677 5.08093 3.65801 3.6 3.27273 3.26871 2.92413 2.60999 1.71849
threshold=13926.85 31021.800000000007 734.99673958333346 4.1750000000000016 2.1750000000000007 5.7250000000000005 6260.4950000000008 4593.9262499999995 16044.047500000002 81.250000000000014 12772.680000000002 -0.60785761079279388 4294.9708333333338 34329.350000000013 93.509998321533217 1012.5453645833335 5890.7000000000007 1.0000000180025095e-35 31835.250000000004 99.750000000000014 80.705001831054702 5455.2718750000004 10.075000000000001 29805.600000000002 86.750000000000014 117.25000000000001 30597.335881250001 455.86353125000005 0.26041666666666669 9665.8500000000004 94.750000000000014 1458.5980000000002 1146.1145000000004 1167.0760000000002 13197.85 965.69150000000013 625.76717708333342 982.48011458333337 -0.050500000000000038 2238.1000000000026 33280.700000000004 122.75000000000001 106.04500198364259 72.750000000000014 88.750000000000014 27.375000000000004 19.825000000000006 695.16250000000002 83.750000000000014 16250.6 87.750000000000014
decision_type=2 2 2 2 2 2 2 2 2 2 2 2 2 2 2 2 2 2 2 2 2 2 2 2 2 2 2 2 2 2 2 2 2 2 2 2 2 2 2 2 2 2 2 2 2 2 2 2 2 2 2
left_child=3 2 26 6 -3 33 50 12 9 18 11 -11 13 17 15 23 34 -6 19 32 21 -20 49 24 -7 -23 45 -12 30 40 -13 35 -9 -5 -17 -4 -25 -19 -10 -40 -30 -33 43 -22 -27 -2 -39 -32 -37 -15 -1
right_child=1 4 31 5 7 14 -8 8 38 10 27 28 -14 22 -16 16 -18 37 20 -21 42 25 -24 36 -26 44 -28 -29 29 -31 47 41 -34 -35 -36 48 -38 46 39 -41 -42 -43 -44 -45 -46 -47 -48 -49 -50 -51 -52
leaf_value=-0.00050327242482263879 0.00096963681275445549 0.00026957343458338913 0.00020557218072882446 8.6045803936677331e-06 3.0331241547548546e-05 0.0004580059454801139 -8.7014308066110264e-05 -3.3760785567261362e-06 9.3142152390688007e-06 1.5203863325697767e-06 1.7828644712316783e-05 -0.0034206898928754665 -0.00048451215587711426 -0.0011498523064474779 -0.0007069171897160385 1.3942324391020954e-06 -7.0708686890187259e-06 -5.7031581026255886e-06 0.00032154219850450929 0.00016714095815164123 4.4821040447828446e-07 -0.00077599663214909158 6.5262893023638987e-07 -0.016773604730890568 -0.0012122235333437185 4.2463108260923685e-06 -1.0360060977146671e-05 -7.559931990382024e-08 -1.0691293281945953e-05 0.0029002185020533268 -9.546253712862243e-08 -8.4575174732647212e-07 -1.6525105917694473e-06 0.0011434168272070973 0.00021684904202862136 0.0010327820760601375 -0.00076488579921981411 5.9205954196267486e-06 0.00077658982231296615 7.5409705863975364e-06 -0.00032860562493660208 7.0732874365801956e-05 0.00042071335861402771 1.8441697296171574e-05 -4.2660488731678532e-06 -1.1384780479794084e-06 -3.3535195307980065e-07 -0.00047826114639633565 0.0029443138626079786 -0.00038294157446093404 -0.0020968260774156624
leaf_weight=26 20 35 34 35 29 33 28 33 26 39 23 32 28 21 39 37 31 21 25 20 20 38 20 20 32 20 21 25 23 20 24 21 21 21 27 34 22 22 22 26 22 34 20 29 22 20 22 25 35 20 21
leaf_count=26 20 35 34 35 29 33 28 33 26 39 23 32 28 21 39 37 31 21 25 20 20 38 20 20 32 20 21 25 23 20 24 21 21 21 27 34 22 22 22 26 22 34 20 29 22 20 22 25 35 20 21
internal_value=7.33138e-05 0.000423387 0.00166667 -0.000860215 7.11514e-05 -0.000420875 -0.0026 -5.42005e-05 0.000261261 -3.1185e-05 -0.000793991 -0.00132432 -0.00101093 -0.000548387 -0.000850622 -0.000445545 0.000684211 0.000425532 0.000685484 -0.000675676 0.00126437 0.000333333 -0.00204918 -0.0014486 -0.000384615 -0.0005 -0.000245902 0.00125 -0.00191781 -0.000692308 -0.00290123 0.00240506 -0.00185185 0.00142857 0.00171875 0.00315534 -0.00309524 -0.000538462 0.00216216 0.003125 -0.00211111 0.001 0.00268116 0.00193878 0.000952381 0.001 0.000454545 -0.00173469 0.00398551 -0.00329268 -0.00393617
internal_weight=1364 992 219 372 773 297 75 738 555 481 233 185 183 155 241 202 95 94 248 74 174 105 61 107 65 80 61 48 146 65 81 158 54 56 64 103 42 65 74 48 45 55 69 49 42 40 44 49 69 41 47
internal_count=1364 992 219 372 773 297 75 738 555 481 233 185 183 155 241 202 95 94 248 74 174 105 61 107 65 80 61 48 146 65 81 158 54 56 64 103 42 65 74 48 45 55 69 49 42 40 44 49 69 41 47
is_linear=0
shrinkage=0.005


Tree=6
num_leaves=52
num_cat=0
split_feature=68 95 34 96 33 4 67 91 70 75 13 36 77 39 20 26 34 8 20 30 87 23 90 13 77 70 13 30 29 60 33 43 43 24 77 77 91 4 34 26 4 23 64 76 72 64 97 100 33 10 30
split_gain=18.2063 15.5938 15.2362 11.4773 11.6916 12.1649 11.4924 11.1332 10.6609 9.79919 9.07799 7.781 8.21001 7.61801 6.46551 5.8 5.7456 9.0926 8.5072 7.34532 7.71416 7.68003 6.0133 5.70758 5.60016 11.4683 7.88748 5.55385 5.41366 5.36274 5.33695 7.37168 5.50996 7.24286 7.15729 7.55171 5.29833 5.09277 5.9793 5.01354 4.99354 4.9581 4.8495 4.76471 4.59864 4.19048 3.42857 2.73684 2.71493 2.5 0.942857
threshold=791.98750000000007 1.0000000180025095e-35 93.750000000000014 1.0000000180025095e-35 26.250000000000004 3563.7800000000007 29102.100000000002 28713.282918750003 1122.7305000000003 299.98954885276095 778.75000000000011 89.750000000000014 4010.4033038388211 93.250000000000014 1113.2500000000002 64.500000000000014 69.750000000000014 404.38928571428579 2115.9500000000003 99.750000000000014 0.031250000000000007 99.750000000000014 1521.1192500000004 8783.8000000000011 3509.106371488348 1422.5025000000003 2396.1500000000005 85.750000000000014 90.250000000000014 1395.4000000000003 96.750000000000014 82.229999542236342 71.485000610351577 6.9250000000000016 4120.8006072670278 3574.9728870616432 30788.746431249998 3135.0750000000003 38.750000000000007 23.250000000000004 9915.6000000000022 94.750000000000014 1553.7500000000002 37467.812500000007 951.00000000000011 1004.9370000000001 0.093750000000000014 0.072916666666666685 1.7500000000000002 34082.250000000007 99.250000000000014
decision_type=2 2 2 2 2 2 2 2 2 2 2 2 2 2 2 2 2 2 2 2 2 2 2 2 2 2 2 2 2 2 2 2 2 2 2 2 2 2 2 2 2 2 2 2 2 2 2 2 2 2 2
left_child=1 10 3 4 5 8 -7 45 -2 -9 -1 29 46 -6 44 -3 18 27 24 20 22 -22 -19 -11 25 -15 -26 41 37 30 31 -12 33 -32 35 40 -20 38 -10 -24 -34 -18 48 -37 -5 50 -13 -28 -8 -16 -4
right_child=2 15 7 14 13 6 42 9 28 23 11 12 -14 16 49 -17 17 19 36 -21 21 -23 39 -25 26 -27 47 -29 -30 -31 32 -33 34 -35 -36 43 -38 -39 -40 -41 -42 -43 -44 -45 -46 -47 -48 -49 -50 -51 -52
leaf_value=-1.6402666294669425e-05 -0.00067900757495106378 0.00016146751850966003 -0.0017513808259837168 -0.0029716359722581033 -7.1374750766918147e-06 7.7633878166937775e-05 -0.00075627485656153235 -0.0001283958212523727 1.0742773324038937e-05 0.0001726560608867958 -7.8552034217336629e-06 -0.00029482128672832897 9.0119192758420844e-06 0.00028100835934304926 7.1026765832339438e-06 0.031497761897301649 -0.00012758155894711338 -7.7899342826223932e-06 -1.5941487746088863e-06 0.00056052592936289944 9.2695630682450238e-07 0.00076139778143163297 -3.8248886243914543e-07 -1.5942605021165899e-05 6.1330528992860118e-06 -3.992417019881852e-06 0.0010145196789461772 -0.00053341521881712162 0.00027071753846880797 0.0023090214780392341 1.4823865625599026e-05 8.6820177212572591e-05 -1.9021144282337127e-06 9.6120671450005146e-06 -1.9605814027399553e-06 5.1907274174429528e-05 8.3282660478792284e-06 0.00016243981283922627 -5.7475782576254797e-06 0.00014822391065813138 1.4223692154544386e-05 2.915190961697108e-05 -1.2943670770424208e-06 1.0272661032085582e-06 -0.030796278689851297 -0.00031690559341416555 -8.2434647772219332e-06 0.0009944200564968662 -0.0012823967974695629 -0.0031923448417976227 -0.029951458117899177
leaf_weight=21 32 20 20 21 24 34 26 33 25 20 35 21 36 24 20 29 23 30 26 25 31 26 25 23 39 21 26 20 35 21 21 29 20 35 34 34 20 22 21 22 27 22 33 34 28 24 21 38 25 20 22
leaf_count=21 32 20 20 21 24 34 26 33 25 20 35 21 36 24 20 29 23 30 26 25 31 26 25 23 39 21 26 20 35 21 21 29 20 35 34 34 20 22 21 22 27 22 33 34 28 24 21 38 25 20 22
internal_value=7.33138e-05 0.000913242 -0.000323974 -5.10204e-05 0.000165468 -0.0006917 -0.00186441 -0.00183099 0.000333333 -0.000526316 0.000578406 0.00076087 -0.000641026 0.000656109 -0.00174157 0.00357143 0.000813397 0.000267857 0.0014433 0.00091195 0.000447761 0.00184211 -0.000584416 0.00104651 0.00202703 0.000555556 0.0026699 -0.00130769 0.0011165 0.00113793 0.000947955 -0.0003125 0.00134146 0.00267857 0.000838926 0.00143478 -0.000434783 0.000294118 -0.000652174 0.000531915 -0.000106383 -0.000333333 -0.00285714 0.0025 -0.00295918 -0.00333333 -0.00214286 0.00375 -0.00382353 -0.00025 -0.00428571
internal_weight=1364 438 926 784 695 253 118 142 135 76 389 368 78 442 89 49 418 224 194 159 134 57 77 43 148 45 103 65 103 290 269 64 205 56 149 115 46 68 46 47 47 45 84 68 49 66 42 64 51 40 42
internal_count=1364 438 926 784 695 253 118 142 135 76 389 368 78 442 89 49 418 224 194 159 134 57 77 43 148 45 103 65 103 290 269 64 205 56 149 115 46 68 46 47 47 45 84 68 49 66 42 64 51 40 42
is_linear=0
shrinkage=0.005


Tree=7
num_leaves=52
num_cat=0
split_feature=72 70 16 70 28 25 72 36 22 81 13 91 43 83 13 78 72 38 69 89 33 22 20 83 98 8 99 19 73 28 83 69 27 41 70 65 5 13 78 81 25 27 16 28 68 43 32 83 13 40 3
split_gain=16.0851 14.2679 13.3063 18.0099 10.5184 13.9646 10.1369 9.54716 9.50672 8.83275 8.59535 7.95912 8.18982 7.72893 7.19852 10.3114 7.7289 7.71429 7.11097 7.9828 6.93145 6.86068 6.81704 8.29 6.40447 6.1102 6.45516 5.68335 5.32784 5.06676 4.89434 4.68412 6.48529 9.43341 7.16117 6.31006 5.03806 5.87247 4.24242 4.1846 3.99525 7.20183 5.08804 3.83129 3.50635 2.66825 2.43364 3.03501 2.42232 2.22512 0.509091
threshold=775.03800000000012 1502.0000000000002 6250.8000000000011 951.00000000000011 25.975000000000005 80.750000000000014 1509.0000000000002 83.750000000000014 93.750000000000014 4205.260920873855 11810.200000000003 29922.102131250005 79.284999847412124 2405.4500000000012 3733.6500000000005 825.39837152777784 1200.4805000000003 4.9750000000000005 29805.600000000002 1437.05274375 197.25000000000003 75.250000000000014 760.80000000000007 1408.6000000000006 0.13541666666666671 412.30131578947368 0.052083333333333336 1745.0500000000004 1017.7505000000001 27.675000000000004 1154.4499999999973 31324.400000000005 97.250000000000014 97.250000000000014 0.90500000000000014 28767.000000000004 6140.1600000000008 8060.2500000000009 1465.2778229166668 3888.9415635024466 187.00000000000003 69.750000000000014 6438.1500000000005 24.175000000000004 1602.2500000000002 83.634998321533217 254.75000000000003 2491.4000000000001 2723.8500000000004 58.250000000000007 14135.600000000002
decision_type=2 2 2 2 2 2 2 2 2 2 2 2 2 2 2 2 2 2 2 2 2 2 2 2 2 2 2 2 2 2 2 2 2 2 2 2 2 2 2 2 2 2 2 2 2 2 2 2 2 2 2
left_child=1 10 3 7 5 22 8 9 14 -2 21 18 -13 30 28 -16 -17 -18 -8 48 24 -1 -4 -24 29 26 -6 -25 -5 -12 -9 32 33 34 -23 -33 -36 -38 -27 -37 41 -41 -43 -30 -7 -3 47 -31 -20 -50 -32
right_child=2 45 4 6 25 44 11 13 -10 -11 20 12 -14 -15 15 16 17 -19 19 -21 -22 31 23 27 -26 38 -28 -29 43 46 50 35 -34 -35 36 39 37 -39 -40 40 -42 42 -44 -45 -46 -47 -48 -49 49 -51 -52
leaf_value=0.00078165423271140712 0.00010280107975912046 0.031921957963280512 -2.7006024535470545e-06 0.00049519431451745788 -0.00015530335831475173 -3.6341829252493789e-06 2.6770471097950684e-06 -0.0008652935006536926 0.00051529697129712373 -0.0011993739571032713 2.1751333122720313e-06 -4.9030820782954511e-06 4.1222580177178814e-05 -0.00035320641002952369 0.0014476743895133967 -0.00040057268031336567 -0.0002830806074141839 0.00018330184776178352 -2.6307484969522338e-06 6.3835913736375925e-07 -3.1545667099382162e-07 -1.0078836755245434e-05 -4.2313903733256294e-07 0.00089112400500180439 -1.6340257881995299e-05 0.0007665504233234805 7.4062143186759077e-05 6.1023876347895813e-06 2.0765253955730311e-05 1.2963736122562444e-06 -0.02979728966826194 -0.0029774425758644636 6.1143693300482149e-05 -0.00082981934174812891 -1.6561028837152707e-05 4.6740208883171261e-05 0.0018659891701192258 0.00025935970175591127 5.8786616008144219e-07 1.0118012026599087e-06 2.2095960410897579e-06 -0.0029411237409573839 -2.8306479290133223e-06 -4.3909433863841737e-06 -0.00016064680297666028 0.0021906555339491576 1.4733133253387192e-05 0.00010843422466422616 -0.0011250565923595656 -4.9198619470377025e-06 -0.0011025055980070722
leaf_weight=27 21 24 24 32 27 24 39 27 25 20 34 33 23 38 20 32 24 32 21 23 36 24 31 33 29 20 25 31 37 29 35 26 26 21 20 21 20 21 22 25 36 21 20 20 21 21 23 21 20 39 20
leaf_count=27 21 24 24 32 27 24 39 27 25 20 34 33 23 38 20 32 24 32 21 23 36 24 31 33 29 20 25 31 37 29 35 26 26 21 20 21 20 21 22 25 36 21 20 20 21 21 23 21 20 39 20
internal_value=6.59824e-05 0.000752381 -0.000363528 -0.000783133 0.000581395 -0.000182927 -0.000238095 -0.00220497 0.000495495 -0.000121951 0.0005 -0.00106061 0.000535714 -0.00291667 0.000126904 -0.000740741 -0.00147727 -0.000357143 -0.00169014 -0.00237864 0.00139535 0 0.000714286 0.00131579 0.00191176 0.00191489 0.000769231 0.00234375 0.00117978 0.00247664 -0.00378049 -0.000231317 0.000454545 -9.43396e-05 0.000647059 -0.000838926 0.00155738 0.00256098 0.00333333 -0.000365854 -0.000784314 -0.00151515 -0.00280488 0.000263158 -0.00255556 0.00344444 0.00321918 0.0026 -0.003125 -0.00364407 -0.00463636
internal_weight=1364 525 839 581 258 164 420 161 222 41 480 198 56 120 197 108 88 56 142 103 172 308 119 95 136 94 52 64 89 107 82 281 132 106 85 149 61 41 42 123 102 66 41 57 45 45 73 50 80 59 55
internal_count=1364 525 839 581 258 164 420 161 222 41 480 198 56 120 197 108 88 56 142 103 172 308 119 95 136 94 52 64 89 107 82 281 132 106 85 149 61 41 42 123 102 66 41 57 45 45 73 50 80 59 55
is_linear=0
shrinkage=0.005


Tree=8
num_leaves=52
num_cat=0
split_feature=68 1 74 7 89 69 42 31 31 22 74 11 79 68 83 5 31 89 89 21 89 89 92 20 92 89 11 64 62 27 68 27 0 35 25 25 24 44 97 41 65 25 19 34 30 79 22 30 2 41 5
split_gain=18.3882 14.3896 13.4822 12.5011 10.88 10.8058 10.1553 10.3927 9.45696 11.1167 9.06924 8.88889 8.33202 9.93133 9.17363 8.7963 8.06668 8.00392 7.73224 10.0946 8.14272 8.8737 7.41181 10.8964 9.80107 11.8714 10.2354 7.91945 7.29964 7.26626 7.088 6.95664 6.85267 6.19829 5.97963 7.41016 5.94701 5.84615 9.34615 5.74359 5.28002 5.02417 5.56522 4.82143 4.60615 4.45455 4.08333 4.02042 3.41759 3.13043 2.5
threshold=791.98750000000007 13774.450000000003 1097.345 17.585000000000004 694.89639375000013 31021.800000000007 362.92500305175787 2.2750000000000008 4.2250000000000005 94.250000000000014 1317.6787083333336 41436.200000000004 284.11057034544882 1505.6875000000002 1467.0499999999995 5745.7250000000013 7.9250000000000016 1482.5623312499999 1195.5018562500002 19.275000000000002 932.94654375000016 740.40598125000008 23204.257137500008 903.05000000000007 19502.870337500004 1318.0276687500002 41976.250000000007 0.75000000000000011 0.75000000000000011 75.750000000000014 1778.5500000000002 45.250000000000007 30238.650000000005 24.825000000000006 35.250000000000007 68.250000000000014 7.2750000000000012 3.4685000181198125 0.11458333333333336 81.250000000000014 30451.050000000003 183.75000000000003 621.95000000000016 42.750000000000007 79.750000000000014 387.63411681555453 87.250000000000014 98.250000000000014 3110.1500000000005 63.250000000000007 10300.855000000001
decision_type=2 2 2 2 2 2 2 2 2 2 2 2 2 2 2 2 2 2 2 2 2 2 2 2 2 2 2 2 2 2 2 2 2 2 2 2 2 2 2 2 2 2 2 2 2 2 2 2 2 2 2
left_child=2 3 22 -2 33 32 7 -7 -5 18 12 16 -9 14 -14 -16 17 31 19 20 21 -10 24 29 25 -1 28 50 36 -24 -18 -12 -6 -3 -15 -36 -26 38 -17 -31 46 42 -4 -23 45 -34 -37 -27 -30 -46 -25
right_child=1 4 41 8 5 6 -8 10 9 -11 11 -13 13 34 15 37 30 -19 -20 -21 -22 43 23 27 26 47 -28 -29 48 39 -32 -33 44 -35 35 40 -38 -39 -40 -41 -42 -43 -44 -45 49 -47 -48 -49 -50 -51 -52
leaf_value=-6.3238365242527159e-06 -0.003410600013290258 -2.3694667406280643e-06 0.029393618101577316 -0.00085962612756130239 0.00075864950893553664 0.00041665614507371693 0.0017374499833560069 -0.00057176510179354431 4.4931443382724083e-06 0.00039402734882563887 -2.4544159581300755e-07 0.00029038849184950886 -0.00047237739706957666 -0.00017961528826500081 0.00042297600028919693 1.8559866343071659e-05 -3.7275889567383173e-07 2.2642022119288918e-06 -0.00069979521239882066 4.487519529519788e-05 0.00010330759713281221 -0.0010222651701894436 0.00025806290324713175 3.1135144445223637e-06 -1.8710198844643431e-06 2.7277086528087794e-06 -3.8493949689545302e-06 0.0011599385764626375 -1.7150148250618209e-05 3.4572102430317517e-05 1.4573217292054006e-06 -0.00078479654073969785 0.00078668118867601081 -0.0011094108074473747 1.944837297018788e-05 1.4206290982338049e-06 5.7248359450599827e-06 -0.00047735560563011702 -8.9092712134866139e-05 -0.0023389802355219401 -0.0011997988639083175 0.03263263797186404 2.3027141555808844e-06 -0.0013196033429947911 0.00052413515880906595 6.8510617825352467e-07 -0.00026500597553542101 1.4738698317265582e-05 4.8004189177016649e-07 -1.4787641814586746e-06 1.3297503333331791e-05
leaf_weight=24 33 24 23 37 38 25 20 20 23 26 23 36 29 22 32 26 31 26 37 32 23 28 31 20 20 20 36 37 23 24 36 28 22 22 20 24 38 26 24 28 21 28 23 20 23 22 24 23 20 23 20
leaf_count=24 33 24 23 37 38 25 20 20 23 26 23 36 29 22 32 26 31 26 37 32 23 28 31 20 20 20 36 37 23 24 36 28 22 22 20 24 38 26 24 28 21 28 23 20 23 22 24 23 20 23 20
internal_value=0.000183284 -0.000215983 0.0010274 -0.00121622 0.000172414 0.000346216 1.0142e-05 -0.000137421 -0.00079646 -0.000343915 -0.0003125 0.000555556 -0.000895522 -0.000645161 0.000255474 0.000925926 0 -0.0011039 -0.000828221 -0.000238095 -0.00106383 -0.00190141 0.000631868 0.0014375 0 0.00156716 -0.000766423 0.00279221 4.9505e-05 0.000180723 0.00126866 -0.0022549 0.00164062 -0.00217391 -0.00175676 -0.00117978 0.0012069 0 0.001 -0.000961538 -0.00195652 0.00297297 0.00195652 -0.003125 0.000888889 0.00204545 -0.00104167 0.00313953 -0.00151163 -0.000217391 0.00125
internal_weight=1364 926 438 259 667 621 493 473 226 189 448 180 268 248 137 108 144 77 163 126 94 71 364 160 204 67 137 77 101 83 67 51 128 46 111 89 58 76 50 52 69 74 46 48 90 44 48 43 43 46 40
internal_count=1364 926 438 259 667 621 493 473 226 189 448 180 268 248 137 108 144 77 163 126 94 71 364 160 204 67 137 77 101 83 67 51 128 46 111 89 58 76 50 52 69 74 46 48 90 44 48 43 43 46 40
is_linear=0
shrinkage=0.005


Tree=9
num_leaves=53
num_cat=0
split_feature=1 34 16 87 28 32 69 32 67 71 97 88 24 75 33 4 34 5 67 30 63 67 63 30 24 64 68 44 14 14 64 34 81 63 70 30 68 25 81 32 23 64 68 13 89 81 81 81 28 89 3 4
split_gain=14.7127 13.2277 14.3882 9.35499 9.34775 9.1911 8.78151 8.78041 10.7143 9.3301 7.55229 11.5238 7.49777 7.40571 7.23622 11.6648 8.41629 9.28023 12.9398 8.82559 15.3333 13.9438 8.61081 8.21778 8.19666 7.72103 6.95458 6.87619 6.43936 8.13003 5.49735 7.04348 5.31868 7.90323 6.66735 6.08841 7.08398 5.93987 8.93596 5.7845 4.91156 4.64289 4.31002 3.92567 3.6555 3.64538 3.57715 3.51795 3.37191 3.00268 2.60346 0.104762
threshold=13926.85 75.750000000000014 6336.0000000000009 0.32291666666666669 24.825000000000006 105.25000000000001 30092.400000000005 47.250000000000007 30654.250000000004 1159.7415000000003 0.21875000000000003 7639.5858333333335 7.3250000000000011 553.81362822823462 7.7500000000000009 3270.6200000000003 82.250000000000014 3682.4300000000007 32810.100000000006 98.750000000000014 30288.150000000005 34257.250000000007 29256.750000000004 50.750000000000007 6.5250000000000012 1229.3685000000003 1509.9500000000003 2.9765000343322758 22467.350000000002 21958.100000000002 1465.8170000000002 67.750000000000014 4164.8853729157281 29019.350000000002 0.85550000000000004 98.250000000000014 560.25000000000011 177.25000000000003 4010.9640379263492 241.75000000000003 97.250000000000014 1251.0205000000003 1355.7645000000002 2864.2000000000003 1363.5372562500002 3771.0518014225468 4408.5465811928725 4252.6018531541031 29.725000000000005 1482.5623312499999 12628.140000000001 5840.3350000000009
decision_type=2 2 2 2 2 2 2 2 2 2 2 2 2 2 2 2 2 2 2 2 2 2 2 2 2 2 2 2 2 2 2 2 2 2 2 2 2 2 2 2 2 2 2 2 2 2 2 2 2 2 2 2
left_child=1 5 10 6 42 7 12 9 13 -1 50 -12 -2 41 15 -8 17 18 -16 21 -21 25 23 -19 27 -18 -20 -24 29 32 31 -7 34 -34 37 36 46 38 -6 -36 51 -9 -5 -27 -37 -14 -35 -42 -39 -22 -3 -26
right_child=3 2 -4 4 28 30 14 8 -10 -11 11 -13 45 -15 16 -17 19 22 26 20 49 -23 24 -25 40 43 -28 -29 -30 -31 -32 -33 33 35 39 44 -38 48 -40 -41 47 -43 -44 -45 -46 -47 -48 -49 -50 -51 -52 -53
leaf_value=-0.00020918000102681297 0.0020094197846337535 -0.0029692562365554467 4.045188418840249e-05 -8.5389850198851806e-06 -9.3109870405268696e-06 0.00041162518011645473 4.8112350004403481e-05 0.0004034486005133098 -0.00075500554339326007 0.00044364690695928834 -0.00091553663720441672 0.00015638112551205738 0.0022971591386117575 -0.00139656820425798 1.2847660124314426e-05 -0.00070276002265181193 -0.00060686843977892453 0.0003528186257315985 5.4304230184820329e-06 -0.00039246417999005615 0.00011407223064256217 -0.0003776343974968563 -1.3196819580939749e-06 -6.3225735720496045e-07 5.8460260878395735e-05 2.8495327239227602e-07 -0.00042849040743403276 1.3975151338684691e-05 0.004205378395659422 -1.6618601680348674e-05 -7.3489823390326465e-08 8.2672980836388868e-06 0.00023280396494705522 -3.82883778512295e-06 0.00027303629276508907 -0.0029355064169013178 1.9616581820079006e-05 1.4998778457676444e-05 0.00013736713510039845 -0.0018809944001568035 6.8172193347713664e-05 -0.0001627858880237497 -0.00015297837615496035 1.7561967369667671e-05 -1.921444690025511e-06 0.00016698162679031021 1.0037737116480734e-06 5.4834390430967618e-06 1.2404975303605903e-05 0.0010796535753846968 -0.0036945115193265255 0.0033675431581457627
leaf_weight=35 36 35 22 22 31 23 27 29 30 24 21 21 23 20 24 38 21 20 22 23 26 28 21 25 20 20 25 35 23 20 36 23 20 23 36 26 23 26 21 34 26 21 26 21 32 36 20 30 20 20 32 22
leaf_count=35 36 35 22 22 31 23 27 29 30 24 21 21 23 20 24 38 21 20 22 23 26 28 21 25 20 20 25 35 23 20 36 23 20 23 36 26 23 26 21 34 26 21 26 21 32 36 20 30 20 20 32 22
internal_value=0.000256598 -0.000591398 -0.00187023 0.000574597 -1.24069e-05 0.000103734 0.000976231 -0.000597484 -0.0015 0.000932203 -0.00261468 -0.000952381 0.00236842 -0.000428571 0.000708502 -0.000846154 0.000944056 0.00148148 -7.04225e-05 3.14465e-05 0.00137681 -0.001 0.00203518 0.000111111 0.0025974 0.000322581 -0.00159574 0.00107143 0.000267606 9.03614e-05 0.00146341 0.0026087 0.000288462 -0.000416667 0.000892857 -0.000887097 0.000151515 0.00173469 0.000576923 -0.000285714 0.00346939 0.0006 -0.00208333 0.00158537 -0.00206897 0.00127119 -0.00104651 0.0025 0.00304348 0.00304348 -0.00365672 0.0047619
internal_weight=1364 372 131 992 403 241 589 159 100 59 109 42 95 70 494 65 429 270 71 159 69 90 199 45 154 62 47 56 355 332 82 46 312 144 168 124 66 98 52 70 98 50 48 41 58 59 43 56 46 46 67 42
internal_count=1364 372 131 992 403 241 589 159 100 59 109 42 95 70 494 65 429 270 71 159 69 90 199 45 154 62 47 56 355 332 82 46 312 144 168 124 66 98 52 70 98 50 48 41 58 59 43 56 46 46 67 42
is_linear=0
shrinkage=0.005


Tree=10
num_leaves=53
num_cat=0
split_feature=95 68 36 20 68 88 76 91 23 42 68 96 88 29 68 94 26 40 26 77 36 91 77 76 24 66 42 31 98 94 91 24 20 42 77 77 23 97 40 46 71 76 31 90 40 22 3 94 76 94 22 65
split_gain=13.7702 16.4735 17.2708 12.5524 10.2315 9.94518 9.7875 13.8898 9.7126 7.53712 8.87038 7.52301 8.73166 10.3183 7.35817 7.32575 9.08251 7.22222 6.832 6.74853 6.48543 6.46873 9.59772 7.43564 6.29762 6.09524 5.97475 5.93794 5.78304 6.91212 5.28521 7.29027 8.17007 8.64828 11.8897 5.12555 5.94046 6.79847 5.7521 4.57143 4.87013 4.47195 4.09486 3.98629 3.95727 3.92567 3.52212 3.43332 3.41345 2.31933 2.02341 0.942857
threshold=1.0000000180025095e-35 1346.5740000000003 82.250000000000014 2178.4000000000005 1368.6500000000003 4940.3943749999999 24637.801041666669 24040.981331250005 59.250000000000007 96.850002288818374 802.66750000000013 1.0000000180025095e-35 9648.6277083333352 85.750000000000014 1599.3500000000001 669548.88709875022 1.0000000180025095e-35 124.75000000000001 66.750000000000014 3652.3846287556626 87.750000000000014 29702.274368750004 3574.9728870616432 39908.488541666673 9.9750000000000014 1299.8000000000002 118.37500000000001 9.8750000000000018 0.29513888888888895 646826.22361500014 25875.008762500005 9.9750000000000014 1734.3000000000002 108.12500000000001 3828.8459962376305 4110.648836480982 87.750000000000014 0.73958333333333337 53.250000000000007 103.52999877929689 1099.2025000000001 34827.276041666672 7.7750000000000012 1334.8597500000003 100.75000000000001 89.750000000000014 14095.250000000002 633658.13041625021 30980.496875000001 615147.63983750029 84.250000000000014 29432.500000000004
decision_type=2 2 2 2 2 2 2 2 2 2 2 2 2 2 2 2 2 2 2 2 2 2 2 2 2 2 2 2 2 2 2 2 2 2 2 2 2 2 2 2 2 2 2 2 2 2 2 2 2 2 2 2
left_child=1 6 3 14 18 51 -1 20 -7 10 -9 30 13 42 -3 16 24 19 28 -17 -8 41 -23 26 -6 -5 44 46 -2 45 -11 32 33 -32 -35 36 37 -18 -38 -37 -41 -14 43 -13 -24 -30 -10 -33 -12 -40 -20 -4
right_child=4 2 5 25 15 8 7 9 27 11 48 12 21 -15 -16 17 35 -19 50 -21 -22 22 23 -25 -26 -27 -28 -29 29 -31 31 47 -34 34 -36 39 38 -39 49 40 -42 -43 -44 -45 -46 -47 -48 -49 -50 -51 -52 -53
leaf_value=0.00057948237256036513 0.00098558626591021994 0.00042832786312249529 -0.0012332718631739596 -0.0016123795599459556 -1.7395842847298968e-05 0.00010275791344424622 -2.2062817962768383e-05 7.5797467866341258e-06 -0.00092078556016037504 0.026255857621211038 -6.7564631617659534e-05 -8.1374981366667729e-07 8.6177086734405342e-05 -0.0022811134498338498 -1.1785229095868785e-07 -0.00049047467220062434 6.4818325018435588e-06 2.8839138342685539e-06 0.016770846084579846 -3.6773381440943782e-07 -0.028946996212295427 -0.0017630409596270148 1.3745923360677899e-05 -2.0152059911673949e-06 8.8582041231369038e-07 4.1281479855753174e-07 -1.5850117667790047e-06 -0.00059153798474156948 0.00038946212581203156 -0.00015833060558340234 0.00027532706196734777 -1.7110049792659854e-05 0.0011847708670700997 0.00094306503079796876 -9.8250382418130707e-05 6.2386397167947612e-06 1.1349672408074658e-06 -8.8163839079788818e-07 2.2959378856399935e-05 1.1693501356291007e-06 -6.1921975027287264e-06 9.4940777074055814e-06 -3.3515980201031731e-06 2.1897888579365545e-05 0.00024981004927299979 -3.3827545004817112e-06 -0.027297950705956798 0.0010705842904214578 -0.00060174057966660033 0.00017465922070499762 0.0030123492898115191 -0.0010942473682946212
leaf_weight=22 38 33 22 21 21 30 33 22 27 23 24 20 22 31 28 22 27 20 20 23 30 22 23 33 27 21 28 26 21 20 29 29 39 32 34 21 21 24 23 22 20 25 30 21 21 20 26 27 37 28 26 20
leaf_count=22 38 33 22 21 21 30 33 22 27 23 24 20 22 31 28 22 27 20 20 23 30 22 23 33 27 21 28 26 21 20 29 29 39 32 34 21 21 24 23 22 20 25 30 21 21 20 26 27 37 28 26 20
internal_value=0.000291513 -6.03732e-05 -0.00114173 0.000436893 0.00101351 -0.00221854 0.000357686 0.000244094 -0.00142202 0.00048951 -0.000903614 0.000725971 0.000181159 -0.000980392 0.00188525 0.00048495 0.000897436 -0.001 0.00210345 -0.00211111 -0.00198413 0.000862069 0.000275591 0.000904762 -0.00104167 -0.00166667 0.00180556 -0.00234177 0.00136364 0.000409836 0.00143192 0.00115789 0.00179104 0.001 0 0.00139785 0.00199187 0.000686275 0.00291667 0.000238095 -0.000714286 0.00244681 7.04225e-05 0.00109756 0.00295455 0.00158537 -0.00330189 -0.000357143 -0.00188525 0.00382353 0.00369565 -0.00428571
internal_weight=1355 911 254 103 444 151 657 635 109 572 83 489 276 102 61 299 234 65 145 45 63 174 127 105 48 42 72 79 99 61 213 190 134 95 66 186 123 51 72 63 42 47 71 41 44 41 53 56 61 51 46 42
internal_count=1355 911 254 103 444 151 657 635 109 572 83 489 276 102 61 299 234 65 145 45 63 174 127 105 48 42 72 79 99 61 213 190 134 95 66 186 123 51 72 63 42 47 71 41 44 41 53 56 61 51 46 42
is_linear=0
shrinkage=0.005


Tree=11
num_leaves=52
num_cat=0
split_feature=34 79 69 1 82 69 72 64 39 66 72 39 64 72 20 77 77 82 45 73 39 86 30 71 22 91 43 66 17 45 17 83 24 84 34 84 10 21 39 87 86 69 45 46 20 93 69 8 5 91 67
split_gain=16.3282 14.6726 12.8563 12.0089 10.436 9.98086 9.80363 11.1611 9.4592 9.18078 12.901 11.9199 8.25735 12.0652 9.86258 7.3001 8.90866 8.69918 8.66567 8.52755 9.33838 7.79594 7.47556 7.27735 13.1573 7.84813 7.27479 9.46136 7.16199 7.13483 7.09761 6.94444 10 6.83183 6.45314 6.4 6.08444 4.87619 4.7192 4.20779 4.15753 4.14848 4.05409 6.26411 3.86551 3.67064 4.78565 3.6 3.3 2.96552 2.12585
threshold=90.750000000000014 291.74171089265536 24916.500000000004 13753.450000000003 -1011.4999999999999 31683.450000000001 661.75000000000011 889.16700000000003 118.25000000000001 394.55000000000007 1357.7240000000002 120.75000000000001 1142.3500000000001 798.88000000000011 713.05000000000007 4123.4516534389759 3874.1540907108601 552.45000000000016 24567.500000000004 676.23400000000004 188.25000000000003 1.0000000180025095e-35 97.750000000000014 999.50000000000011 85.250000000000014 29342.574862500001 85.969997406005874 1503.1500000000003 149.75000000000003 23450.500000000004 136.15000000000003 2222.3999999999983 8.0250000000000021 1319.8089062500003 53.250000000000007 1371.0417812500002 37118.150000000001 27.375000000000004 220.25000000000003 0.59375000000000011 0.15150000000000002 30015.150000000005 23562.500000000004 104.72500228881837 903.05000000000007 413.16576923076929 34492.450000000004 412.23105600539816 4803.0650000000005 29015.041350000003 28667.450000000004
decision_type=2 2 2 2 2 2 2 2 2 2 2 2 2 2 2 2 2 2 2 2 2 2 2 2 2 2 2 2 2 2 2 2 2 2 2 2 2 2 2 2 2 2 2 2 2 2 2 2 2 2 2
left_child=2 30 8 6 -5 9 29 41 -1 -6 40 -12 13 28 -15 16 19 18 -17 20 -7 22 36 44 -25 -26 27 34 31 -4 -2 32 -3 48 -9 -23 -20 47 -14 -22 -11 -8 -13 -44 -21 -18 -47 -30 -19 -42 -10
right_child=1 12 3 4 5 15 7 26 50 10 11 42 38 14 -16 17 45 33 21 23 39 35 -24 24 25 -27 -28 -29 37 -31 -32 -33 -34 -35 -36 -37 -38 -39 -40 -41 49 -43 43 -45 -46 46 -48 -49 -50 -51 -52
leaf_value=1.6622664720457987e-06 -0.0014570268903017385 -0.0016915401820084669 0.00045561079245657097 -0.00051218376582657808 -9.3114299978412949e-06 -0.00014447058499613333 -0.0015340228646013904 -0.00044677017051386689 0.0008922383448419979 0.00046869095561960619 -4.5651347636127535e-06 0.00061819320896434058 2.9954073379043237e-06 -0.0036459597173622133 -3.6696847077868558e-06 -0.00062798879104505574 9.28132192860029e-06 -1.8723377833913201e-05 1.7674630838627881e-05 -0.0012191450898753503 0.00012129799739959778 -0.00094063953590390963 2.6396285300095244e-05 -5.5838321216662649e-06 7.3721095840406135e-07 4.2821685295841113e-05 -0.00027529836358025552 1.1808886862051099e-05 -0.00073435551359899061 -1.9051457824281606e-05 -4.5148887098163358e-06 8.5494031316067908e-05 0.00074875468365059069 0.00013576934446475031 4.4640449958573249e-05 -3.0203867124991527e-06 -2.0455474952723848e-05 7.8143054983767045e-06 0.00073749048603753838 6.9016565619748466e-06 0.0012770513317206683 -0.0027986007897147524 -3.8110023331762154e-06 7.2965473738580809e-06 -6.1176397658030391e-05 4.2695192070977614e-06 6.8077056142231681e-07 -3.7810776247341364e-06 6.6551288390429744e-06 0.00087424019197005712 0.00087399358483390959
leaf_weight=25 37 20 25 28 39 22 20 31 25 25 24 27 26 31 30 29 28 20 20 21 28 20 30 21 23 20 36 38 20 24 23 32 20 31 33 20 25 30 21 22 43 24 20 23 20 31 27 20 24 29 24
leaf_count=25 37 20 25 28 39 22 20 31 25 25 24 27 26 31 30 29 28 20 20 21 28 20 30 21 23 20 36 38 20 24 23 32 20 31 33 20 25 30 21 22 43 24 20 23 20 31 27 20 24 29 24
internal_value=0.000394834 -0.000612903 0.00069378 0.00054068 0.000851351 0.000969101 -0.000454545 -0.000989011 0.0027027 0.00182609 0.00227749 0.000957447 -8e-05 -0.000517241 -0.00237705 0.000560166 0.00112167 -0.000114155 -0.000833333 0.000480226 0.00180556 -0.000217391 0.000733333 -0.000428571 0.000625 0.0022093 -0.000289855 0.000392157 0.00028169 0.00153061 -0.00283333 0.00138889 0 0.00126667 -0.00078125 -0.002 -0.000555556 -0.000857143 0.00180851 0.003 0.0035567 -0.00318182 0.002 0.00104651 -0.00207317 0.00244186 0.00172414 -0.002 0 0.00416667 0.00397959
internal_weight=1355 310 1045 971 740 712 231 182 74 230 191 94 250 203 61 482 263 219 144 177 72 115 75 105 64 43 138 102 142 49 60 72 40 75 64 40 45 70 47 50 97 44 70 43 41 86 58 40 44 72 49
internal_count=1355 310 1045 971 740 712 231 182 74 230 191 94 250 203 61 482 263 219 144 177 72 115 75 105 64 43 138 102 142 49 60 72 40 75 64 40 45 70 47 50 97 44 70 43 41 86 58 40 44 72 49
is_linear=0
shrinkage=0.005


Tree=12
num_leaves=49
num_cat=0
split_feature=62 72 4 13 6 36 100 40 23 41 65 92 44 26 3 71 71 100 57 3 32 26 57 6 68 4 88 4 43 91 6 6 40 16 61 3 8 87 16 57 45 62 81 61 36 17 72 26
split_gain=14.2527 25.8226 11.4794 10.3987 9.35197 9.40509 8.91077 10.8196 8.75291 8.05229 7.65897 7.35739 9.77212 12.0436 11.7809 9.93507 10.8252 9.47277 8.27599 7.87903 8.39683 7.5298 11.8017 6.90904 7.84002 8.76659 6.85308 6.78014 6.31579 7.18597 6.01195 10.078 5.69838 5.63568 5.37568 5.16728 5.15152 8.04288 5.03413 5.42849 5.68884 4.95322 4.91862 4.9 4.08328 3.73535 3.6 0.9
threshold=1424.3420000000003 951.00000000000011 9092.7350000000024 1226.2000000000003 4816.7200000000003 82.250000000000014 0.35763888888888895 30.250000000000004 80.250000000000014 91.250000000000014 23044.650000000005 29371.067137500006 3.6944999694824223 104.75000000000001 15480.759500000002 1093.5130000000001 1399.5000000000002 0.8090277777777779 0.81174490092936691 15217.743000000002 257.75000000000006 18.750000000000004 1.0000000180025095e-35 3104.5450000000005 748.22150000000011 6246.7650000000012 8383.6570833333335 2261.3600000000001 74.36999893188478 28713.282918750003 5836.4700000000003 6338.3000000000011 108.25000000000001 5501.5000000000009 31577.650000000005 15928.650000000001 405.85069444444451 0.30208333333333343 4802.9500000000016 -0.22252093395631442 23477.500000000004 1275.3305000000003 4214.2484788522961 31577.650000000005 83.750000000000014 154.45000000000002 1515.0715000000002 50.250000000000007
decision_type=2 2 2 2 2 2 2 2 2 2 2 2 2 2 2 2 2 2 2 2 2 2 2 2 2 2 2 2 2 2 2 2 2 2 2 2 2 2 2 2 2 2 2 2 2 2 2 2
left_child=1 10 4 -2 5 8 7 43 -3 30 -1 12 13 17 45 36 -17 19 -13 21 35 33 -23 27 -25 38 -4 -9 -7 -30 -6 -32 41 -12 -33 -21 37 -14 -26 40 -40 -10 44 -5 46 -15 -41 -24
right_child=3 2 26 6 9 28 -8 23 32 -11 11 18 15 14 -16 16 -18 -19 -20 20 -22 22 47 24 25 -27 -28 -29 29 -31 31 34 -34 -35 -36 -37 -38 -39 39 42 -42 -43 -44 -45 -46 -47 -48 -49
leaf_value=0.00059438580773083058 -5.5669664939063283e-06 -0.00095922593751963101 -0.031923093395499494 7.4404572460361775e-07 0.00021708101192996384 -0.0012015545909233316 0.001273388730836547 5.0812277202195555e-06 -0.00045519567052212121 -0.00029321882767059762 -0.00011788072849489658 -0.0028022425518923044 0.0026337164291540542 8.781096182689852e-06 -1.2407432670575141e-05 -0.00083179957252268652 0.002046244009916163 5.5811989543327402e-06 0.00038986649528137678 6.4760144027258139e-06 -1.9028525864479387e-06 -4.8373558999903656e-07 -9.3085409605887193e-05 0.032172400510237668 0.00040674517587474746 -1.9286457981739488e-05 -0.0011604234639099728 -2.807963603019272e-05 -0.00040363857696183161 1.3507414407502754e-05 -0.00020500489175951462 0.0011087365539990594 0.00027284451531772058 1.86745346592123e-05 -2.6153054714671935e-06 1.0754204240321823e-05 0.00085855836506570026 3.0579166738411632e-06 1.9810596786915819e-05 0.00016339513015415166 -1.2819127990941834e-06 1.1247059905226507e-05 8.2496971330918493e-06 -0.00034390598075147952 9.2420063034999996e-06 0.0034441688175309527 -2.1664094268479209e-06 -0.0034357540560302569
leaf_weight=22 32 29 34 20 36 38 26 21 36 24 20 29 21 36 25 34 21 38 21 39 21 39 20 24 32 26 28 34 30 27 21 23 25 33 21 24 30 34 31 20 38 21 39 20 22 30 20 20
leaf_count=22 32 29 34 20 36 38 26 21 36 24 20 29 21 36 25 34 21 38 21 39 21 39 20 24 32 26 28 34 30 27 21 23 25 33 21 24 30 34 31 20 38 21 39 20 22 30 20 20
internal_value=0.000387454 5.26316e-05 -0.000928753 0.00117284 -0.000558912 -0.00121359 0.00140751 0.00119597 -0.000225225 0.00052 0.000745063 0.000626168 0.000814433 0.000362319 0.00192308 0.00192857 0.000272727 -0.00019685 -0.0012 -0.000601852 0.000595238 -0.00136364 -0.00234177 0.00151466 0.00186508 0.00157895 -0.00290323 -9.09091e-05 -0.00236842 -0.00131579 0.00113861 0.000230769 0.000609756 9.43396e-05 0.00159091 0.00150794 0.003 0.00209091 0.00193069 0.00158824 0.000507246 -0.000263158 0.00232673 -0.00125 0.00145161 0.0030303 0.0005 -0.00425
internal_weight=1355 950 393 405 331 206 373 347 111 125 557 535 485 345 91 140 55 254 50 216 84 132 79 307 252 228 62 55 95 57 101 65 82 53 44 63 85 55 202 170 69 57 101 40 62 66 40 40
internal_count=1355 950 393 405 331 206 373 347 111 125 557 535 485 345 91 140 55 254 50 216 84 132 79 307 252 228 62 55 95 57 101 65 82 53 44 63 85 55 202 170 69 57 101 40 62 66 40 40
is_linear=0
shrinkage=0.005


Tree=13
num_leaves=49
num_cat=0
split_feature=95 5 34 73 46 34 89 46 91 26 19 69 69 40 63 3 35 36 88 16 17 89 3 25 42 24 91 73 11 57 7 25 59 34 73 16 5 33 44 11 69 36 8 33 46 69 11 3
split_gain=13.4757 12.3309 11.337 9.21229 9.2387 8.79401 9.05335 7.96854 13.0748 7.65533 8.53752 12.0315 8.68919 9.33327 12.3884 11.2431 10.8749 8.53361 8.333 9.47892 10.3869 8.28306 7.42143 7.28148 7.1156 7.62928 7.22168 6.86429 6.28862 8.15705 5.67273 6.6418 5.72109 5.4812 5.10618 4.80744 4.45028 4.162 4.1486 4.40193 3.91881 3.70826 3.6 3.22626 3 2.77692 2.37576 0.466667
threshold=1.0000000180025095e-35 3682.4300000000007 31.250000000000004 1599.3500000000001 108.51499938964845 102.75000000000001 694.89639375000013 102.91500091552736 29396.401550000002 171.75000000000003 2624.4000000000005 22337.600000000002 38227.850000000013 108.25000000000001 23325.800000000007 10700.550000000001 26.325000000000006 87.250000000000014 9753.8375000000033 3564.6500000000005 8.1000000000000014 1279.5195562500001 14730.850000000002 179.75000000000003 147.37500000000003 14.075000000000001 27290.819631250004 687.30000000000007 35907.30000000001 1.0000000180025095e-35 749.0100000000001 124.75000000000001 -0.68301270189221952 87.750000000000014 0.9840000000000001 5554.4000000000005 4026.2100000000005 113.00000000000001 3.2879999876022343 38042.900000000009 32530.500000000004 80.750000000000014 403.40305555555562 61.750000000000007 105.08499908447267 32104.800000000007 42882.30000000001 13757.450000000003
decision_type=2 2 2 2 2 2 2 2 2 2 2 2 2 2 2 2 2 2 2 2 2 2 2 2 2 2 2 2 2 2 2 2 2 2 2 2 2 2 2 2 2 2 2 2 2 2 2 2
left_child=3 28 -3 4 9 6 -4 36 35 10 11 -1 13 14 -13 -16 18 37 19 -17 -21 -15 -20 24 25 26 -23 34 -2 -30 31 32 -28 -5 -25 -9 -8 -18 39 -22 -10 43 -29 -38 -42 -19 -12 -43
right_child=1 2 5 33 -6 -7 7 8 40 -11 46 12 -14 21 15 16 17 45 22 20 38 23 -24 27 -26 -27 30 42 29 -31 -32 -33 -34 -35 -36 -37 41 -39 -40 -41 44 47 -44 -45 -46 -47 -48 -49
leaf_value=0.00082564236374833323 -0.0011911735958546009 -9.8823771316996098e-05 -2.4223044951542773e-06 -0.00012535535724514976 0.00051992865917972167 -0.00016954753182252391 3.0434303437419403e-06 2.6309218464755589e-06 0.0015922098992580474 0.00027987118946351606 -2.5086955056517602e-05 0.00018819870999162004 9.2887979636832822e-06 0.0001519290434097149 -0.0024373760146790759 -0.030157265183337768 7.7016705740251675e-06 -0.0012308589896507954 0.00092360100307296291 0.00060135942879387854 -0.00012916171436303772 -0.0026585663773035602 -1.2064585906484344e-06 1.7338553440304178e-06 0.0011396208986883796 1.0206746848335187e-05 -6.9209827503392339e-06 -0.00058688161729873668 -3.3814362000891887e-06 9.7522692482740626e-06 -0.00096401177794484794 3.2231867930413206e-05 5.6186795743143186e-06 -0.0020572038041351383 0.0020746166173018928 -2.7478850153821045e-06 0.00023883379693535973 -0.00092486105776339565 -0.00083100995971472648 8.2536399462039985e-06 2.3268988106839044e-06 0.0023850630640934278 1.903865449452234e-05 8.8276709931747805e-06 0.00031489042747713124 -0.0034091518450953908 -2.4791018850616465e-05 0.00038509320434908055
leaf_weight=22 31 27 23 36 39 20 20 37 29 20 24 25 39 23 37 22 28 20 27 38 26 28 20 35 33 20 21 20 34 36 32 29 28 21 37 38 22 27 37 25 20 20 20 29 30 32 20 28
leaf_count=22 31 27 23 36 39 20 20 37 29 20 24 25 39 23 37 22 28 20 27 38 26 28 20 35 33 20 21 20 34 36 32 29 28 21 37 38 22 27 37 25 20 20 20 29 30 32 20 28
internal_value=0.000276753 0.000990991 0.00144315 -7.13502e-05 5.8548e-05 0.00170886 0.00192568 0.00217949 0.00142857 -5.52147e-05 -0.000132075 -6.65779e-06 -0.000116598 -0.000246377 -0.000796703 -0.0010472 -0.000728477 -0.00200935 -2.5641e-05 -0.000608108 -7.93651e-05 0.000368098 0.00180851 0.000148515 -0.000445026 -0.000886076 -0.00130435 0.00116071 -0.000544554 0.000285714 -0.000727273 0 -0.00112245 -0.00201754 0.00208333 -6.66667e-05 0.00315126 -0.000636364 -0.00102273 -9.80392e-05 0.0028481 0.00358586 -0.0005 0.00264706 0.002 -0.00346154 -0.00227273 0.00458333
internal_weight=1355 444 343 911 854 316 296 273 154 815 795 751 729 690 364 339 302 107 195 148 126 326 47 303 191 158 138 112 101 70 110 78 49 57 72 75 119 55 88 51 79 99 40 51 50 52 44 48
internal_count=1355 444 343 911 854 316 296 273 154 815 795 751 729 690 364 339 302 107 195 148 126 326 47 303 191 158 138 112 101 70 110 78 49 57 72 75 119 55 88 51 79 99 40 51 50 52 44 48
is_linear=0
shrinkage=0.005


Tree=14
num_leaves=53
num_cat=0
split_feature=72 28 62 72 70 2 71 70 11 16 31 75 13 8 2 43 77 78 5 2 19 5 88 2 90 45 86 5 6 16 6 72 13 28 27 76 65 81 77 37 90 81 90 56 19 37 37 31 68 35 28 28
split_gain=12.3239 16.4391 14.9068 11.5349 15.5079 11.7804 10.1727 9.68684 9.22451 7.71242 7.27094 8.12588 7.26902 14.762 7.20834 8.3864 6.29635 6.2215 7.52407 7.78357 6.1824 6.13988 6.0956 6.05588 8.46092 6.49942 6.74945 5.96004 7.57581 7.50512 6.58109 6.23308 5.90567 7.1261 5.82165 5.43416 5.41345 5.05103 4.83436 4.81833 4.6261 7.9197 6.81687 4.58901 7.07444 6.51905 4.28396 5.32095 4.56227 3.71212 3.51755 3.27759
threshold=1341.3900000000001 23.375000000000004 1447.5500000000002 793.15600000000006 1509.0000000000002 2739.6500000000005 1305.5480000000002 0.95350000000000013 36123.350000000006 3436.9500000000003 16.875000000000004 220.21873299567264 8060.2500000000009 404.5018571428572 3657.3390000000004 85.969997406005874 3465.963612588333 220.78073611111114 12772.680000000002 3221.8000000000006 868.70000000000016 4466.4400000000014 12773.355416666667 2335.1000000000004 937.50615000000016 23444.000000000004 0.78700000000000003 5279.8150000000014 4030.8800000000006 6261.1000000000013 6692.9850000000015 1503.4000000000003 11542.050000000001 27.975000000000005 58.250000000000007 38443.653125000004 29139.450000000004 3623.1316547471383 3978.2808415079007 24.750000000000004 1347.2770500000004 3549.8498914240849 2055.0631500000004 1.0000000180025095e-35 1733.0500000000002 99.250000000000014 95.750000000000014 8.1750000000000025 1047.5920000000003 26.025000000000002 22.375000000000004 26.025000000000002
decision_type=2 2 2 2 2 2 2 2 2 2 2 2 2 2 2 2 2 2 2 2 2 2 2 2 2 2 2 2 2 2 2 2 2 2 2 2 2 2 2 2 2 2 2 2 2 2 2 2 2 2 2 2
left_child=1 10 6 7 5 40 9 14 -7 -2 11 -1 21 -14 15 16 -3 -18 19 22 -10 -9 -19 -4 -25 -26 -27 28 29 31 49 -11 33 -17 -8 -20 37 -23 -15 -13 -5 -42 -43 44 45 -28 47 48 -41 -29 -45 -52
right_child=2 3 23 4 -6 8 34 12 20 27 -12 39 13 38 -16 32 17 18 35 -21 -22 36 -24 24 25 26 43 30 -30 -31 -32 -33 -34 -35 -36 -37 -38 -39 -40 46 41 42 -44 50 -46 -47 -48 -49 -50 -51 51 -53
leaf_value=-1.2109260893408691e-05 -0.020811845971703501 -0.00018840270572012411 -0.00061949159563543974 -0.00090721699884418062 0.00045969704176966164 8.6725503155686489e-05 0.00014105143902155999 3.561394579323408e-06 -0.00065367304751327805 -0.00024494250122190437 -1.5823141698378932e-05 0.0015842488497617574 -0.00058845960053829525 0.0046652945304227981 7.9453692562754158e-06 9.8877747030217245e-06 3.3171385653542177e-06 2.9399360116969081e-06 1.133684114402633e-05 -0.00018033247437187303 0.00013593803068428272 0.0039243127279404693 -1.2827344054546666e-05 -6.7338024754567324e-06 1.9660680290998184e-05 7.6191908996629117e-06 1.1808448700815577e-05 0.00028208658116207492 -0.0013795197197125444 8.7301294927298759e-06 -0.027439561560803103 -0.0010195639303660783 0.0034365061153566806 -4.4591560636361344e-06 -8.709700007136011e-06 -1.2004262976951923e-06 0.0031467402093915586 6.1462372740830784e-05 3.6170228137111671e-06 0.00079414200427415369 -0.015907921007638489 0.00016156516092266266 -0.001767987455884204 2.4477613243793475e-06 -5.898361679091431e-06 -6.7771591519992224e-07 0.0011655306255552377 -1.2935105461331768e-05 9.8311216633373903e-06 -2.7481501273653895e-06 -2.6764857956861381e-06 2.4788075420162939e-08
leaf_weight=20 22 39 21 28 38 20 22 20 26 21 21 23 28 33 20 24 22 30 27 26 22 23 26 31 38 22 35 20 29 30 23 37 21 31 20 38 32 24 28 26 24 22 21 22 20 21 20 21 27 24 26 20
leaf_count=20 22 39 21 28 38 20 22 20 26 21 21 23 28 33 20 24 22 30 27 26 22 23 26 31 38 22 35 20 29 30 23 37 21 31 20 38 32 24 28 26 24 22 21 22 20 21 20 21 27 24 26 20
internal_value=0.000202952 0.000569918 -0.000416667 0.000238095 -0.000771144 -0.00144172 -0.00129032 0.000650407 0.000147059 -0.00174757 0.00202532 0.00244526 0.00154255 0.000505618 9.86842e-05 -0.000105634 -0.000625 -0.000207101 -0.000578231 -0.00158537 -0.00104167 0.00247475 -0.000535714 0.000429688 0.000659574 0.00102941 0.00060241 -0.00141304 -0.00209402 -0.00136364 -0.000223881 -0.00241379 0.00131579 0.000454545 0.000952381 0.000692308 0.00310127 0.00202128 0.00188525 0.00294872 -0.00257895 -0.00186567 -0.000581395 0.000208333 0.00105263 0.00196429 0.00244681 0.00189189 0.00273585 0.000909091 -0.000735294 -0.00152174
internal_weight=1355 851 504 693 201 163 248 492 68 206 158 137 188 89 304 284 208 169 147 82 48 99 56 256 235 204 166 184 117 88 67 58 76 55 42 65 79 47 61 117 95 67 43 144 76 56 94 74 53 44 68 46
internal_count=1355 851 504 693 201 163 248 492 68 206 158 137 188 89 304 284 208 169 147 82 48 99 56 256 235 204 166 184 117 88 67 58 76 55 42 65 79 47 61 117 95 67 43 144 76 56 94 74 53 44 68 46
is_linear=0
shrinkage=0.005


Tree=15
num_leaves=54
num_cat=0
split_feature=60 14 26 68 93 37 33 39 90 65 24 82 68 14 25 33 2 44 2 20 20 34 24 21 28 14 44 21 76 6 2 24 37 21 33 77 17 33 82 90 14 25 21 65 77 24 93 5 10 1 26 2 5
split_gain=10.0123 15.6805 19.5211 12.4624 12.7065 12.354 11.6699 9.12733 9.10882 8.58139 9.69386 8.40515 7.91536 7.28181 9.84453 10.998 7.27239 7.098 7.0401 6.81662 13.1127 6.72578 12.6325 9.61779 11.6028 6.31488 6.25494 6.0416 6.02978 6.45471 5.73016 5.55455 7.26721 5.58987 6.52112 6.5176 6.1103 8.54222 5.50367 4.98463 4.9 4.89925 4.14405 4.07889 4.00346 3.61542 3.41759 3.09215 3.05952 2.62811 2.59738 0.436364 0.4
threshold=1295.3840000000002 9276.0500000000011 79.750000000000014 1018.5000000000001 416.47193812233292 80.750000000000014 18.250000000000004 95.500000000000014 664.32555000000025 27980.900000000005 12.175000000000002 41.639000000000017 1355.7645000000002 17912.750000000004 99.250000000000014 51.250000000000007 3140.2585000000004 2.6694999933242802 3630.8730000000005 2599.2000000000003 1811.9000000000003 73.250000000000014 9.9750000000000014 26.075000000000006 28.725000000000005 12207.050000000001 2.8890000581741337 18.875000000000004 29712.330208333336 4861.6150000000007 3321.3500000000004 13.925000000000002 71.250000000000014 28.725000000000005 92.250000000000014 4039.3192259160364 156.05000000000004 148.50000000000003 6.4560000000000182 1533.5365500000005 14933.350000000002 177.25000000000003 16.725000000000005 31403.650000000005 3963.7243955505542 14.550000000000002 419.29539473684218 5694.8050000000012 32076.850000000002 13753.450000000003 126.25000000000001 2824.6500000000001 6794.0550000000012
decision_type=2 2 2 2 2 2 2 2 2 2 2 2 2 2 2 2 2 2 2 2 2 2 2 2 2 2 2 2 2 2 2 2 2 2 2 2 2 2 2 2 2 2 2 2 2 2 2 2 2 2 2 2 2
left_child=3 -2 5 7 21 9 -6 -1 -9 42 12 18 40 14 15 28 -15 -17 19 20 31 22 38 48 -25 -14 -8 -27 -7 46 50 32 43 34 35 -34 37 -36 -5 -24 -11 -39 -3 -10 -19 -12 -30 -16 -23 -13 52 -50 -4
right_child=1 2 30 4 6 13 26 8 11 10 45 49 25 16 47 17 -18 44 -20 -21 -22 23 39 24 -26 27 -28 -29 29 -31 -32 -33 33 -35 36 -37 -38 41 -40 -41 -42 -43 -44 -45 -46 -47 -48 -49 51 -51 -52 -53 -54
leaf_value=-0.00058181986725054679 -0.0010836740958565319 0.00011798533074692342 0.00078293147556437429 0.00062707845882142279 -0.00088787269238727018 -1.7769859539426975e-05 0.00014788177245420939 -0.00024577299358549416 -0.00031746272692012323 -2.7115988476677306e-06 0.00077927400568763162 0.00076667088090255219 4.7551506966510834e-06 -5.7044168037641364e-06 -7.1975241855512439e-05 -1.1072920133718482e-06 0.00072069378035166751 0.0006371982451405634 8.9401344548953553e-06 -3.2923117429210436e-05 0.00068393530565303228 -0.0027204621922063332 -0.0011037690069593861 5.5989322235427695e-05 -0.0034686011845533396 3.5999515905505551e-07 -1.6463676019050886e-05 -4.9048298794881236e-06 -0.00035634665903732559 1.7626677940345762e-05 2.9784317254138179e-06 3.0280778510400637e-05 6.0497860797599021e-06 -6.9605437237136744e-06 1.0755014935820214e-05 -0.0014957728785657651 1.4250440721197661e-05 -0.0002508689886618932 -0.00024371778871579483 -0.00049062693828439124 0.0014967717725840658 5.886689244283902e-06 0.00028410265308094333 -6.0691311879954437e-07 3.3314507361542797e-06 2.0774562862178069e-06 7.2087036648899257e-07 -0.0012333523321785712 -0.00097709711953200768 0.030562688125730233 0.0010828368697891261 -0.0014270088134772352 0.0030721003175212349
leaf_weight=31 27 28 20 23 33 31 36 32 33 20 22 23 20 26 22 20 21 22 30 21 25 27 20 22 23 25 25 39 23 22 21 33 38 37 30 20 33 23 21 23 20 22 32 35 20 21 20 27 20 20 23 24 20
leaf_count=31 27 28 20 23 33 31 36 32 33 20 22 23 20 26 22 20 21 22 30 21 25 27 20 22 23 25 25 39 23 22 21 33 38 37 30 20 33 23 21 23 20 22 32 35 20 21 20 27 20 20 23 24 20
internal_value=8.36364e-05 0.000574324 0.000752212 -0.000287356 -0.00109428 0.000363825 0.000425532 0.000205761 0.000384615 0.00121145 0.000628743 0.000579196 -8.06452e-05 -0.000393701 -0.000797101 -0.000189873 0.00138298 0.00145161 0.000342105 0.000142857 0.000319149 -0.00179803 -0.000747126 -0.00258621 -0.000777778 -0.000952381 0.00172131 -0.00171875 -0.00125 -0.000384615 0.00297619 3.28947e-05 -0.000202952 0.000270936 0.000662651 -0.000689655 0.00138889 0.0006 0.00113636 -0.00267442 0.00175 -0.000777778 0.00283333 -0.00161765 0.00261905 0.00267442 -0.00151163 -0.0027551 -0.00373239 0.00267442 0.00373016 -0.00454545 0.0045
internal_weight=1375 592 565 783 297 481 94 486 455 227 167 423 124 254 207 158 47 62 380 350 329 203 87 116 45 84 61 64 96 65 84 304 271 203 166 58 108 75 44 43 40 45 60 68 42 43 43 49 71 43 63 44 40
internal_count=1375 592 565 783 297 481 94 486 455 227 167 423 124 254 207 158 47 62 380 350 329 203 87 116 45 84 61 64 96 65 84 304 271 203 166 58 108 75 44 43 40 45 60 68 42 43 43 49 71 43 63 44 40
is_linear=0
shrinkage=0.005


end of trees

feature_importances:
smp_lag_336=23
wind_speed_hanoi=22
load_lag_336=21
smp_north_lag_336=20
disp_wind_evening_mw=19
hydro_inflow_m3s=18
disp_hydro_midday_mw=17
direct_radiation_hanoi=17
direct_radiation_danang=16
humidity_hcmc=16
load_rolling_std_72h=16
residual_load_proxy=16
hydro_total_discharge_m3s=15
diffuse_radiation_danang=15
load_rolling_std_24h=15
dxy_index=14
load_south_mw=13
disp_hydro_evening_mw=13
disp_solar_midday_mw=13
cloud_cover_hanoi=13
temperature_danang=13
cloud_cover_danang=13
direct_radiation_hcmc=13
solar_gen_proxy=13
hydro_plant_discharge_m3s=12
wind_speed_danang=12
brent_price=12
smp_lag_50=12
disp_total_evening_mw=11
shortwave_radiation_hanoi=11
diffuse_radiation_hanoi=11
smp_north_lag_48=11
humidity_hanoi=10
cloud_cover_hcmc=10
load_ramp_lag48=10
hydro_discharge_rolling_24h=10
wind_gen_proxy=10
load_north_mw=9
load_central_mw=9
disp_wind_midday_mw=9
temperature_hanoi=9
coal_proxy_price=9
usd_vnd=9
smp_south_lag_336=9
smp_rolling_mean_24h=9
load_rolling_mean_24h=9
wind_speed_hcmc=8
shortwave_radiation_hcmc=8
smp_south_lag_48=8
spike_prob_24h=8
hydro_spill_discharge_m3s=7
hydro_water_level_m=7
disp_solar_evening_mw=7
shortwave_radiation_danang=7
temperature_hcmc=7
load_lag_50=7
load_rolling_mean_72h=7
thermal_margin_proxy=7
load_total_mw=6
disp_total_midday_mw=6
humidity_danang=6
gas_proxy_price=6
load_lag_48=6
load_lag_96=6
price_spread_ns_lag48=6
diffuse_radiation_hcmc=5
sin_dow=5
smp_lag_49=5
smp_lag_96=5
smp_rolling_std_24h=5
smp_rolling_mean_72h=5
hydro_depletion_index=5
margin_temp_interaction=5
is_spike=5
zero_prob_72h=5
cos_dow=4
smp_lag_48=4
load_lag_49=4
smp_yesterday_mean=4
smp_yesterday_zero_ratio=4
smp_rolling_std_72h=3
smp_yesterday_min=3
is_zero=3
spike_prob_72h=2
cos_month=1
smp_yesterday_max=1
zero_prob_24h=1

parameters:
[boosting: gbdt]
[objective: regression_l1]
[metric: l1]
[tree_learner: serial]
[device_type: cpu]
[data_sample_strategy: bagging]
[data: ]
[valid: ]
[num_iterations: 3000]
[learning_rate: 0.005]
[num_leaves: 127]
[num_threads: -1]
[seed: 42]
[deterministic: 0]
[force_col_wise: 0]
[force_row_wise: 0]
[histogram_pool_size: -1]
[max_depth: -1]
[min_data_in_leaf: 20]
[min_sum_hessian_in_leaf: 0.001]
[bagging_fraction: 0.8]
[pos_bagging_fraction: 1]
[neg_bagging_fraction: 1]
[bagging_freq: 5]
[bagging_seed: 400]
[bagging_by_query: 0]
[feature_fraction: 0.5]
[feature_fraction_bynode: 1]
[feature_fraction_seed: 30056]
[extra_trees: 0]
[extra_seed: 12879]
[early_stopping_round: 0]
[early_stopping_min_delta: 0]
[first_metric_only: 0]
[max_delta_step: 0]
[lambda_l1: 0]
[lambda_l2: 0]
[linear_lambda: 0]
[min_gain_to_split: 0]
[drop_rate: 0.1]
[max_drop: 50]
[skip_drop: 0.5]
[xgboost_dart_mode: 0]
[uniform_drop: 0]
[drop_seed: 17869]
[top_rate: 0.2]
[other_rate: 0.1]
[min_data_per_group: 100]
[max_cat_threshold: 32]
[cat_l2: 10]
[cat_smooth: 10]
[max_cat_to_onehot: 4]
[top_k: 20]
[monotone_constraints: ]
[monotone_constraints_method: basic]
[monotone_penalty: 0]
[feature_contri: ]
[forcedsplits_filename: ]
[refit_decay_rate: 0.9]
[cegb_tradeoff: 1]
[cegb_penalty_split: 0]
[cegb_penalty_feature_lazy: ]
[cegb_penalty_feature_coupled: ]
[path_smooth: 0]
[interaction_constraints: ]
[verbosity: -1]
[saved_feature_importance_type: 0]
[use_quantized_grad: 0]
[num_grad_quant_bins: 4]
[quant_train_renew_leaf: 0]
[stochastic_rounding: 1]
[linear_tree: 0]
[max_bin: 255]
[max_bin_by_feature: ]
[min_data_in_bin: 3]
[bin_construct_sample_cnt: 200000]
[data_random_seed: 175]
[is_enable_sparse: 1]
[enable_bundle: 1]
[use_missing: 1]
[zero_as_missing: 0]
[feature_pre_filter: 1]
[pre_partition: 0]
[two_round: 0]
[header: 0]
[label_column: ]
[weight_column: ]
[group_column: ]
[ignore_column: ]
[categorical_feature: ]
[forcedbins_filename: ]
[precise_float_parser: 0]
[parser_config_file: ]
[objective_seed: 16083]
[num_class: 1]
[is_unbalance: 0]
[scale_pos_weight: 1]
[sigmoid: 1]
[boost_from_average: 1]
[reg_sqrt: 0]
[alpha: 0.9]
[fair_c: 1]
[poisson_max_delta_step: 0.7]
[tweedie_variance_power: 1.5]
[lambdarank_truncation_level: 30]
[lambdarank_norm: 1]
[label_gain: ]
[lambdarank_position_bias_regularization: 0]
[eval_at: ]
[multi_error_top_k: 1]
[auc_mu_weights: ]
[num_machines: 1]
[local_listen_port: 12400]
[time_out: 120]
[machine_list_filename: ]
[machines: ]
[gpu_platform_id: -1]
[gpu_device_id: -1]
[gpu_use_dp: 0]
[num_gpu: 1]

end of parameters

pandas_categorical:null
