tree
version=v4
num_class=1
num_tree_per_iteration=1
label_index=0
max_feature_idx=100
objective=regression_l1
feature_names=load_total_mw load_north_mw load_central_mw load_south_mw hydro_inflow_m3s hydro_total_discharge_m3s hydro_plant_discharge_m3s hydro_spill_discharge_m3s hydro_water_level_m disp_total_installed_mw disp_total_midday_mw disp_total_evening_mw disp_hydro_installed_mw disp_hydro_midday_mw disp_hydro_evening_mw disp_solar_installed_mw disp_solar_midday_mw disp_solar_evening_mw disp_wind_installed_mw disp_wind_midday_mw disp_wind_evening_mw temperature_hanoi humidity_hanoi cloud_cover_hanoi wind_speed_hanoi shortwave_radiation_hanoi direct_radiation_hanoi diffuse_radiation_hanoi temperature_danang humidity_danang cloud_cover_danang wind_speed_danang shortwave_radiation_danang direct_radiation_danang diffuse_radiation_danang temperature_hcmc humidity_hcmc cloud_cover_hcmc wind_speed_hcmc shortwave_radiation_hcmc direct_radiation_hcmc diffuse_radiation_hcmc coal_proxy_price brent_price gas_proxy_price usd_vnd dxy_index is_weekend is_workday is_holiday is_tet is_pre_holiday is_post_holiday season sin_hour cos_hour sin_dow cos_dow sin_month cos_month smp_lag_48 load_lag_48 smp_lag_49 load_lag_49 smp_lag_50 load_lag_50 smp_lag_96 load_lag_96 smp_lag_336 load_lag_336 smp_north_lag_48 smp_south_lag_48 smp_north_lag_336 smp_south_lag_336 smp_rolling_mean_24h smp_rolling_std_24h load_rolling_mean_24h load_rolling_std_24h smp_rolling_mean_72h smp_rolling_std_72h load_rolling_mean_72h load_rolling_std_72h price_spread_ns_lag48 load_ramp_lag48 smp_yesterday_mean smp_yesterday_max smp_yesterday_min smp_yesterday_zero_ratio hydro_discharge_rolling_24h solar_gen_proxy wind_gen_proxy residual_load_proxy thermal_margin_proxy hydro_depletion_index margin_temp_interaction is_spike is_zero spike_prob_24h spike_prob_72h zero_prob_24h zero_prob_72h
feature_infos=[16738.400000000001:43669.699999999997] [8141:23529.633000000002] [1030.2:4920.1390000000001] [6568.3000000000002:17620.469000000001] [-24696.790000000001:52718.32] [261.23000000000002:27182.77] [243.56999999999999:14362.75] [11.359999999999999:15398] [386.1925:23252.132105263157] none [14491.4:47673.900000000001] [19152.799999999999:47033.400000000001] none [-3952.3000000000002:18862.5] [6035.6999999999998:23435.200000000001] none [0:8134.5] [0:344.30000000000001] none [0:4273.1999999999998] [0:4263.3999999999996] [7.5:32.299999999999997] [31:99] [0:100] [0.55000000000000004:30.25] [3.5:282] [0:208.5] [3.5:150.5] [16.050000000000001:33.25] [52:99.5] [0:100] [0.80000000000000004:50] [7:306.5] [0:234] [7:146] [20.600000000000001:31.300000000000001] [56:98] [0:100] [0.5:24] [16:265] [0:198] [16:133.5] [63.700000762939453:438.35000610351562] [55.099998474121087:127.98000335693359] [1.5750000476837158:9.6800003051757795] [22394.345703125:26405] [89.639999389648438:114.11000061035156] [0:1] [0:1] [0:1] [0:1] [0:1] [0:1] [1:4] none none [-0.97492791218182362:0.97492791218182362] [-0.90096886790241903:1] [-1:1] [-1:1] [0:1778.5999999999999] [16738.400000000001:43669.699999999997] [0:1778.5999999999999] [16515.5:40602.099999999999] [0:1778.5999999999999] [15251.9:39424.300000000003] [0:1778.5999999999999] [16738.400000000001:43669.699999999997] [0:1778.5999999999999] [16738.400000000001:43669.699999999997] [0:1778.5999999999999] [0:1778.5999999999999] [0:1778.5999999999999] [0:1778.5999999999999] [0:1778.5999999999999] [0:869.78656539635756] [15840.402083333332:48300.345833333326] [1494.0634266859377:7412.3475695858406] [0.069944444444444434:1778.5999999999999] [0:822.68470809772941] [15990.384722222221:45267.230555555558] [2009.5728777065494:7328.5193476692311] [-1602.3:1778.5999999999999] [-2000.7000000000007:5250.3000000000029] [0:1778.5999999999999] [0:1778.5999999999999] [0:1778.5999999999999] [0:1] [919.52208333333328:41870.738333333335] [112.0236:1855.3908750000001] [124.17300000000002:5960.3040000000001] [13767.265887500002:40395.97834999999] [13155.821650000013:39784.534112499998] [386.1925:23252.132105263157] [371342.92174875003:1122197.6812312501] [0:1] [0:1] [0:1] [0:1] [0:1] [0:1]
tree_sizes=4044 4355 4171 4715 4411 4685

Tree=0
num_leaves=51
num_cat=0
split_feature=40 78 20 64 78 4 40 92 16 16 95 77 71 93 63 71 42 7 98 72 7 30 83 43 40 14 38 14 78 11 62 75 25 30 19 38 58 64 68 16 16 86 11 26 77 20 77 89 62 19
split_gain=12.0994 12.898 10.6645 14.5252 13.7094 9.97095 9.62398 10.5952 9.91823 8.1663 7.71548 9.69423 6.13454 6.10671 5.53846 5.43497 6.96473 5.42446 9.14739 7.77857 9.96758 5.93 5.2898 5.03747 6.60754 4.9 4.8913 4.79463 4.6875 4.59096 4.46553 4.32582 4.83482 3.14053 2.76385 2.71329 2.31829 2.13333 2.00169 3.71986 3.21645 3.50826 3.14921 2.25044 1.56755 1.51595 1.43027 1.30662 1.06442 0.208692
threshold=30.250000000000004 264.41699652777783 2477.9000000000001 1295.8500000000001 1010.6589895833334 3669.8650000000002 155.25000000000003 33082.932950000009 6240.9500000000016 4976.9000000000005 1.0000000180025095e-35 4010.4033038388211 630.86300000000017 415.95586770981515 29796.950000000004 899.63550000000009 114.89999771118165 42.705000000000005 0.17013888888888892 1037.7275000000002 1602.7350000000004 91.250000000000014 2096.6500000000019 79.670001983642592 77.250000000000014 19038.700000000001 7.8250000000000011 17843.800000000003 890.12016666666671 36838.850000000006 959.00000000000011 595.99643376696429 126.75000000000001 89.750000000000014 570.85000000000002 6.0750000000000011 0.25000000000000011 1325.7295000000001 1509.9500000000003 4693.6000000000013 4711.9500000000007 1.0405000000000002 34928.500000000007 24.750000000000004 3437.7805464929329 1750.1000000000001 3911.6273716632109 1370.5387312500002 1598.2005000000001 978.20000000000016
decision_type=2 2 2 2 2 2 2 2 2 2 2 2 2 2 2 2 2 2 2 2 2 2 2 2 2 2 2 2 2 2 2 2 2 2 2 2 2 2 2 2 2 2 2 2 2 2 2 2 2 2
left_child=5 13 3 6 36 -1 7 8 10 35 17 -12 31 47 -11 16 34 21 19 20 -19 30 -20 33 -25 -16 -15 38 -14 -18 -3 32 -10 -4 -8 -7 -5 -35 40 -40 -6 -42 -43 -44 -41 48 -23 -2 -46 -50
right_child=1 2 23 4 27 9 15 -9 12 14 11 -13 28 26 25 -17 29 18 22 -21 -22 46 -24 24 -26 -27 -28 -29 -30 -31 -32 -33 -34 37 -36 -37 -38 -39 39 44 41 42 43 -45 45 -47 -48 -49 49 -51
leaf_value=0 0.00091226764023303989 -0.00063077956438064577 0 0.001141192987561226 0.00085904359817504886 -0.0015578177571296693 0.0011594125628471375 0.0003901366237550974 0 0 0.00021047682967036962 -0.00042080733925104141 0.001245931051671505 0.0031733301281929019 -0.00097468476742506032 0 0 0.001074218600988388 -0.0013742344081401825 -0.00055115105584263807 -0.00048168215900659564 -0.0013686664775013923 0 0 0 -0.00018412254750728609 0 0.00018124432768672704 0 0.00044981904327869417 0 -6.6225172486156223e-06 1.7194362517329864e-05 0 3.2573919743299487e-05 -0.00087183512747287747 0.00073278076946735381 -0.00048364149406552318 0 0 0 0 0 0 0 0 -0.00088541813194751738 0.001702631413936615 0 0
leaf_weight=36 20 37 28 35 21 23 22 26 24 25 32 20 24 23 20 28 22 37 34 20 33 28 31 26 34 20 23 24 24 21 20 37 32 24 20 30 23 30 26 27 35 30 38 25 20 28 21 21 39 20
leaf_count=36 20 37 28 35 21 23 22 26 24 25 32 20 24 23 20 28 22 37 34 20 33 28 31 26 34 20 23 24 24 21 20 37 32 24 20 30 23 30 26 27 35 30 38 25 20 28 21 21 39 20
internal_value=-1.09729e-05 0.000156636 1.33215e-05 0.000198171 0.000946292 -0.00133117 -0.00029511 -0.000604167 -0.000781938 -0.0020339 -0.00127796 0.000480769 0.000319149 0.00201149 -0.000846154 0.0010177 0.00164706 -0.00162835 -0.00103226 0 0.000785714 -0.0025 -0.00246154 -0.00126761 -0.000166667 -0.002 0.00076087 0.000555556 0.00177083 0.000232558 -0.00140351 -0.000430108 0.000446429 -0.00207317 0.00309524 -0.00349057 0.00318966 -0.00277778 0.00038835 0 0.000805369 0.000507813 0 0.000634921 0.000335821 0.000607477 -0.00377551 0.00341463 0.000253165 -8.47458e-05
internal_weight=1367 1213 1126 984 391 154 593 480 454 118 313 52 141 87 65 113 85 261 155 90 70 106 65 142 60 40 46 333 48 43 57 93 56 82 42 53 58 54 309 160 149 128 93 63 134 107 49 41 79 59
internal_count=1367 1213 1126 984 391 154 593 480 454 118 313 52 141 87 65 113 85 261 155 90 70 106 65 142 60 40 46 333 48 43 57 93 56 82 42 53 58 54 309 160 149 128 93 63 134 107 49 41 79 59
is_linear=0
shrinkage=0.005


Tree=1
num_leaves=53
num_cat=0
split_feature=23 16 20 78 41 78 20 29 97 58 14 10 3 14 64 24 24 97 97 82 72 10 0 90 66 4 40 1 23 78 24 24 32 98 10 23 83 81 97 22 91 40 77 77 39 40 14 4 16 72 14 24
split_gain=15.5228 12.8154 12.0929 8.43245 7.90097 10.2652 11.422 9.15983 11.1713 7.70468 10.5373 7.69823 7.55433 7.33393 6.93424 9.86056 6.79831 6.24345 5.7157 5.6902 6.65901 6.17988 5.36614 5.03092 4.97693 4.84002 4.76775 4.71911 4.71001 4.46462 4.38851 5.68233 4.74113 4.13113 3.77027 3.72071 3.69177 3.58301 5.59568 2.97287 2.87811 2.68627 3.16905 2.53664 2.42684 5.12 3.24 2.025 1.89258 2.35278 1.6 1.6
threshold=99.750000000000014 6007.8000000000011 2477.9000000000001 1216.9437881944448 79.250000000000014 506.27204513888893 1074.7500000000002 88.250000000000014 0.42708333333333343 0.25000000000000011 20016.250000000004 33541.400000000009 15282.230500000003 18224.450000000004 1325.7295000000001 13.175000000000002 12.275000000000002 0.63541666666666685 0.21875000000000003 19.865000000000013 1386.9115000000002 30833.600000000002 29481.900000000005 1210.6867500000003 1.0160000000000002 15887.235000000002 129.75000000000003 15232.350000000002 98.250000000000014 430.98357638888893 8.7250000000000014 4.4750000000000005 237.25000000000003 0.69097222222222232 36340.55000000001 63.250000000000007 1785.4499999999991 4672.9772922324728 0.32291666666666669 88.250000000000014 30788.746431249998 71.750000000000014 3860.4200575877599 3643.3980852070649 117.75000000000001 91.750000000000014 16834.250000000004 10578.365000000002 6458.6500000000005 1200.4805000000003 14152.650000000003 9.5250000000000021
decision_type=2 2 2 2 2 2 2 2 2 2 2 2 2 2 2 2 2 2 2 2 2 2 2 2 2 2 2 2 2 2 2 2 2 2 2 2 2 2 2 2 2 2 2 2 2 2 2 2 2 2 2 2
left_child=2 9 4 13 14 6 12 8 11 10 17 35 47 -4 15 19 41 26 -16 21 43 -1 51 50 -13 29 44 36 30 -24 31 -23 -33 -10 -26 -7 -25 38 40 -18 -31 -11 -43 -21 -2 46 -46 -6 -40 -50 -20 -3
right_child=1 22 3 -5 5 7 -8 -9 33 16 -12 24 -14 -15 18 -17 39 -19 23 20 -22 28 25 27 34 -27 -28 -29 -30 37 -32 32 -34 -35 -36 -37 -38 -39 48 -41 -42 42 -44 -45 45 -47 -48 -49 49 -51 -52 -53
leaf_value=0.00085862257981207224 -0.001235730425454676 0 -0.00070995789021253584 0 0.0012674207014031708 -0.00013025123402476312 -0.00067036001812666656 3.7565367296338082e-06 6.8711720407009127e-06 0 4.6030636876821524e-07 -0.00014785667275136804 0 0 0.0012298171903938056 -0.00018341017439961433 -0.0003229950032196939 0 0 0.00052968409948516641 -0.00040839589228853585 0.0010096026212442666 0.00037518242374062538 0 7.2884031943976885e-05 -2.2490952163934707e-06 -0.00040759000927209854 0.0010904897004365922 -1.6286959871649744e-07 0 0.00081202538609504707 0.00037653293414041406 -0.00010139251872897149 0 -8.5971812586649318e-08 -0.00077458062283694746 2.1795878186821939e-06 0 0 0 -0.00047991480678319934 0.00030671237034257502 0 0 -0.0013273658625315877 -0.00075952046499587586 -0.00011901531321927904 0.0024025576082756747 0 0 -4.5311081921681758e-07 0.0001359886578284204
leaf_weight=28 27 20 28 23 20 20 33 26 31 39 30 24 22 20 21 29 38 27 20 20 27 20 38 24 22 27 31 31 21 29 20 22 20 34 23 31 34 38 35 20 20 20 22 21 20 30 25 20 20 36 20 20
leaf_count=28 27 20 28 23 20 20 33 26 31 39 30 24 22 20 21 29 38 27 20 20 27 20 38 24 22 27 31 31 21 29 20 22 20 34 23 31 34 38 35 20 20 20 22 21 20 30 25 20 20 36 20 20
internal_value=-0.000135333 -0.000727124 0.000344371 -0.00161972 0.000548246 -4.90196e-05 0.00131579 -0.000663507 -0.00105405 -0.00139818 -0.00205263 -0.00195833 0.00258065 -0.0028125 0.00103175 0.000482456 -0.000503597 -0.0025625 0.00186667 0.000879397 -0.000294118 0.00148855 5.30035e-05 0.00147287 -0.000869565 -0.000226337 -0.00300752 0.00213483 0.00092233 2.31481e-05 0.00146341 0.000806452 -0.000238095 0.000615385 0.000111111 -0.00343137 0.0012931 -0.000308989 -0.000678571 -0.00181034 -0.00204082 0.000432099 0.00130952 0.00097561 -0.00352941 -0.00306667 -0.002 0.003875 5.49451e-05 0.000625 0 0.00175
internal_weight=1367 612 755 71 684 306 95 211 185 329 190 120 62 48 378 228 139 160 150 199 68 131 283 129 69 243 133 89 103 216 82 62 42 65 45 51 58 178 140 58 49 81 42 41 102 75 45 40 91 56 40 40
internal_count=1367 612 755 71 684 306 95 211 185 329 190 120 62 48 378 228 139 160 150 199 68 131 283 129 69 243 133 89 103 216 82 62 42 65 45 51 58 178 140 58 49 81 42 41 102 75 45 40 91 56 40 40
is_linear=0
shrinkage=0.005


Tree=2
num_leaves=49
num_cat=0
split_feature=93 40 69 65 0 64 65 46 91 99 73 30 13 19 14 73 66 22 46 76 22 65 27 3 13 45 4 88 22 19 3 98 5 98 8 27 35 26 84 26 78 72 98 4 46 99 77 63
split_gain=9.80507 7.76914 10.6523 8.30859 10.3064 14.5752 12.6195 12.0921 15.7097 11.6581 11.3323 10.0874 9.03125 8.7802 8.74748 8.09624 7.8827 10.346 8.3081 7.42925 7.35046 6.58094 6.54065 6.38717 5.6569 5.0937 6.03355 8.65844 7.5625 5.93593 7.58519 5.23243 4.90013 4.88621 6.66475 4.83218 7.24371 5.40351 4.79431 4.7867 4.32927 4.06 4.01678 3.34821 3.12567 2.75 2.06525 1.12075
threshold=392.9500000000001 135.75000000000003 37937.700000000004 24068.100000000002 33775.600000000006 972.70600000000013 26887.900000000005 97.774997711181655 34861.634700000002 0.36458333333333343 714.25000000000011 64.750000000000014 1226.2000000000003 868.70000000000016 12094.800000000001 1398.9500000000003 1142.7500000000002 85.250000000000014 104.11500167846681 33122.833333333336 84.750000000000014 30402.600000000002 111.75000000000001 15368.750000000002 4481.8000000000011 25247.500000000004 7359.380000000001 4632.1172916666665 77.750000000000014 1071.4000000000003 13655.800000000001 0.72569444444444453 3817.0200000000004 0.59375000000000011 417.44671052631583 98.750000000000014 27.825000000000006 43.250000000000007 1012.5453645833335 9.2500000000000018 742.84710416666678 928.10000000000014 0.9340277777777779 3135.0750000000003 98.259998321533217 1.0000000180025095e-35 3679.5642629641766 27174.850000000002
decision_type=2 2 2 2 2 2 2 2 2 2 2 2 2 2 2 2 2 2 2 2 2 2 2 2 2 2 2 2 2 2 2 2 2 2 2 2 2 2 2 2 2 2 2 2 2 2 2 2
left_child=-1 3 20 14 5 10 24 -6 12 25 11 -5 -9 44 -2 16 17 -14 -19 47 21 46 33 -18 43 26 27 28 -8 30 -29 -32 45 34 35 36 37 -22 41 -31 -15 -16 -35 -7 -13 -30 -3 -12
right_child=1 2 -4 4 7 6 9 8 -10 -11 19 13 15 40 38 -17 23 18 -20 -21 22 -23 -24 -25 -26 -27 -28 29 32 39 31 -33 -34 42 -36 -37 -38 -39 -40 -41 -42 -43 -44 -45 -46 -47 -48 -49
leaf_value=-0.00072808907120605008 -4.2952179908752444e-06 0.0011587333400046918 -0.00054057695452310148 -0.00038497147219109326 0.0018648115468504183 0 -0.0003251634318627185 -1.9624204749707133e-06 -0.0010357237881980837 -0.00052283293763175608 -0.00062656001206254591 3.0596669651567943e-06 -0.00057365622411179366 -1.0276556380558759e-06 0.00088881677711114763 0 0.0011536818532980979 0 0.00081550270319089761 -2.8240391048602758e-06 -0.00012015850539004897 0 -3.8507718592882158e-06 0 0.00032752746851788831 2.0165912432130428e-06 -0.00050381553005194289 -3.4355860203504564e-08 -7.7222989540314312e-07 0 2.7828425856772811e-05 0 0 -3.4355860203504564e-08 0.0010299742206092632 6.7483742419630294e-05 0.00062738515445962559 2.3267442169162681e-07 0.00052008952060726005 0.00052162308245897295 -0.017985511563252659 -1.5810414368970667e-06 0 0 0.00029661230934044581 0 0.0011254297475563363 -0.00088765226304531096
leaf_weight=34 25 26 21 30 24 28 20 28 33 23 20 21 32 38 21 31 39 39 32 28 28 39 30 23 38 20 32 36 22 38 32 22 36 21 22 32 31 38 25 27 22 22 20 20 20 22 23 33
leaf_count=34 25 26 21 30 24 28 20 28 33 23 20 21 32 38 21 31 39 39 32 28 28 39 30 23 38 20 32 36 22 38 32 22 36 21 22 32 31 38 25 27 22 22 20 20 20 22 23 33
internal_value=-0.000142648 -7.50188e-05 0.000589124 -0.000294411 -0.000440044 -0.000796178 -0.000252404 0.000355872 3.89105e-05 -0.00069697 -0.00186321 -0.000954198 0.000513393 -0.00019802 0.00112903 0.000892857 0.00133333 0.000485437 0.0015493 -0.00333333 0.000822581 0.00204545 0.000337838 0.00274194 0.00145349 -0.000439739 -0.000609756 -0.000352941 -0.0015 0.000387097 -0.000444444 0.000740741 -0.0008125 0.000677083 0.00109272 0.000658915 0.000103093 -0.000833333 0.00205882 0.00153846 -0.00141667 0.00104651 -0.000853659 0.0003125 0.00158537 -0.00193182 0.00326531 -0.00443396
internal_weight=1367 1333 331 1002 909 628 416 281 257 330 212 131 224 101 93 196 165 103 71 81 310 88 222 62 86 307 287 255 100 155 90 54 80 192 151 129 97 66 68 65 60 43 41 48 41 44 49 53
internal_count=1367 1333 331 1002 909 628 416 281 257 330 212 131 224 101 93 196 165 103 71 81 310 88 222 62 86 307 287 255 100 155 90 54 80 192 151 129 97 66 68 65 60 43 41 48 41 44 49 53
is_linear=0
shrinkage=0.005


Tree=3
num_leaves=54
num_cat=0
split_feature=23 6 46 19 34 79 62 46 6 35 6 77 6 23 20 20 24 68 14 42 7 7 24 89 79 14 79 17 70 16 80 35 61 21 77 75 70 24 38 24 68 32 34 77 24 79 36 2 16 81 31 93 16
split_gain=9.48696 12.2136 10.6823 9.80979 10.7874 9.5355 8.78553 8.23398 9.15995 9.52389 9.00368 7.38119 6.83462 6.2768 6.23289 11.1981 7.24141 7.65812 8.91359 6.49856 5.81853 8.15129 5.79506 6.91419 6.79596 5.81818 5.65296 5.57768 5.40405 5.08021 9.46367 7.55245 7.53846 6.34601 5.91379 5.52053 5.50233 5.02187 4.98463 4.85313 5.19153 4.7619 4.55115 3.91068 3.82994 3.66667 4.45455 3.57715 3.13938 2.96253 2.13301 1.91478 1.31047
threshold=99.750000000000014 2999.9100000000003 90.340000152587905 966.75000000000011 99.750000000000014 657.12073541344296 1364.7395000000001 106.23500061035158 4816.7200000000003 26.275000000000002 6870.1900000000014 4806.6745100159578 6974.5600000000004 46.250000000000007 1687.2500000000002 2477.9000000000001 10.425000000000002 0.10200000000000002 17125.800000000003 188.50000000000003 15.985000000000001 17.645000000000007 16.125000000000004 694.89639375000013 516.90924566878755 15629.150000000003 505.20637129908982 15.100000000000001 1504.5005000000003 6007.8000000000011 34996.068750000013 27.375000000000004 25753.150000000005 26.925000000000004 4010.4033038388211 529.55941097223706 1192.7000000000003 12.725000000000001 5.7250000000000005 8.8250000000000028 1503.4000000000003 105.25000000000001 72.250000000000014 4096.6024214250074 7.0250000000000012 584.80661383479128 84.250000000000014 3020.1500000000005 6199.6000000000013 4367.7446766027979 6.7250000000000005 411.23119095816469 6317.8000000000011
decision_type=2 2 2 2 2 2 2 2 2 2 2 2 2 2 2 2 2 2 2 2 2 2 2 2 2 2 2 2 2 2 2 2 2 2 2 2 2 2 2 2 2 2 2 2 2 2 2 2 2 2 2 2 2
left_child=1 5 -3 4 7 39 11 8 37 13 42 20 -9 -10 16 19 17 -5 -19 45 -2 -22 23 -8 25 28 -12 -15 -25 31 35 32 -23 49 51 -31 38 50 -36 40 -1 -26 -11 52 -17 46 -16 -6 -20 -32 -4 -34 -30
right_child=6 2 3 14 47 -7 22 12 9 10 26 -13 -14 27 15 44 -18 18 48 -21 21 29 -24 24 41 -27 -28 -29 43 30 33 -33 34 -35 36 -37 -38 -39 -40 -41 -42 -43 -44 -45 -46 -47 -48 -49 -50 -51 -52 -53 -54
leaf_value=3.3112586243078114e-08 -0.0012362884949378887 -0.00083001454436676218 0.00028260887012838168 6.5654506990594382e-05 -0.00012172613051906228 -1.313793312665075e-05 -0.00020152521275327776 6.5055885088725704e-06 0.0010585538532661277 -1.089793909341097e-08 0.00089051002254735446 2.4061092631891369e-06 3.131210558299899e-06 -9.2500432208180416e-07 0.00099384213247196741 0 0.00023848829000089434 0 -0.00027608861665988658 -1.089793909341097e-08 4.0566380554804341e-05 8.9061083982203831e-07 -6.5176200191723182e-07 -6.9571064641932034e-08 9.8121023748535671e-09 -1.3914212928386407e-07 -4.232820231048245e-06 0.00027567088254912948 0 2.4188278932124379e-06 -0.00065715400241487978 1.1058045318666264e-05 -0.00074010390113072937 4.3194690216587335e-08 -0.0030874447659302983 -3.3741871209815148e-07 2.3323269136410031e-07 1.7177930101752282e-10 -9.5962339874822649e-05 -4.1968157444498495e-07 0 6.6368293126579381e-06 -4.4007601223830135e-05 1.620396087706031e-06 -0.00058911318414600568 0.0020080713107079452 1.2501474833057728e-06 4.0091826599654867e-05 -0.00037826508070290977 -1.6370572133612586e-06 0.0012647952670555649 -0.0028228905193608289 0
leaf_weight=21 22 30 22 26 23 21 21 35 33 21 20 21 24 25 22 26 29 33 38 23 29 22 32 32 27 33 21 26 20 29 26 22 35 33 20 27 20 21 23 33 26 21 23 24 23 22 22 20 20 27 26 23 23
leaf_count=21 22 30 22 26 23 21 21 35 33 21 20 21 24 25 22 26 29 33 38 23 29 22 32 32 27 33 21 26 20 29 26 22 35 33 20 27 20 21 23 33 26 21 23 24 23 22 22 20 20 27 26 23 23
internal_value=-4.38917e-05 0.000331126 0.00058104 0.000721154 0.00129412 -0.00128713 -0.000506536 0.001633 0.00121849 0.000591716 -0.000588235 -0.000976253 0.00330508 0.00178571 3.52113e-05 0.000797101 -0.000684932 -0.00123932 -0.00192308 0.00185393 -0.00114525 -0.000982143 0.000257511 0.000572139 0.000888889 0.00030303 0.00109756 0.000686275 0.000909091 -0.0012215 -0.000528169 -0.00181818 -0.00223776 -0.00156977 -0.00272727 0.00107143 -0.00166667 0.00275362 -0.00267442 -0.0005 0.000531915 0.0025 -0.00215909 0.00171642 -0.00112245 0.00265152 0.00181818 -0.00104651 -0.00310345 -0.00264151 0.00364583 -0.00387931 0.000813953
internal_weight=1367 755 654 624 340 101 612 297 238 169 85 379 59 84 284 138 146 117 91 89 358 336 233 201 180 132 41 51 99 307 142 165 143 86 121 56 63 69 43 80 47 48 44 67 49 66 44 43 58 53 48 58 43
internal_count=1367 755 654 624 340 101 612 297 238 169 85 379 59 84 284 138 146 117 91 89 358 336 233 201 180 132 41 51 99 307 142 165 143 86 121 56 63 69 43 80 47 48 44 67 49 66 44 43 58 53 48 58 43
is_linear=0
shrinkage=0.005


Tree=4
num_leaves=50
num_cat=0
split_feature=23 93 78 84 23 22 81 8 81 7 43 61 26 24 38 22 7 76 80 11 3 3 58 17 26 43 78 66 33 60 3 100 17 33 68 42 6 68 86 47 38 45 85 78 42 24 4 33 4
split_gain=7.77481 9.39942 9.21111 12.5846 10.169 12.0101 9.80224 9.56073 8.84582 8.28781 8.10288 7.79504 7.5495 7.47179 15.4286 7.10049 7.90323 6.50613 7.74644 6.33369 6.31778 9.24799 6.40543 9.31396 11.7098 10.1448 8.42177 6.20615 5.40564 8.72781 5.61615 5.34469 6.9664 6.28269 5.92508 5.36315 5.22359 5.60769 4.77721 4.36073 4.03048 3.8003 3.70809 8.18313 3.6 2.34093 2.87221 1.73804 0.409756
threshold=58.750000000000007 392.9500000000001 430.98357638888893 1185.3615625000004 94.250000000000014 87.250000000000014 4164.8853729157281 399.35972222222227 4447.1675605111841 328.28000000000003 77.045001983642592 28374.500000000004 0.75000000000000011 7.875 5.325000000000002 90.750000000000014 1096.8150000000003 29813.255208333332 29723.210763888896 33136.700000000004 12579.200000000003 11045.700000000003 -0.93301270189221919 37.45000000000001 154.75000000000003 85.814998626708999 1216.9437881944448 1148.2645000000002 6.7500000000000009 1355.7645000000002 13197.600000000002 1.0000000180025095e-35 201.10000000000002 24.750000000000004 1536.6000000000001 99.950000762939467 6233.7450000000008 1499.4500000000003 1456.9185000000002 1.0000000180025095e-35 8.0250000000000021 23069.500000000004 1502.4000000000003 937.81581597222237 146.25000000000003 7.7250000000000005 5943.7250000000013 147.75000000000003 11072.195000000002
decision_type=2 2 2 2 2 2 2 2 2 2 2 2 2 2 2 2 2 2 2 2 2 2 2 2 2 2 2 2 2 2 2 2 2 2 2 2 2 2 2 2 2 2 2 2 2 2 2 2 2
left_child=20 -2 6 4 5 10 19 -5 11 17 -4 12 -6 -10 -15 16 -8 41 -19 -3 21 44 -22 36 25 26 -25 -20 -13 30 -30 32 35 -33 39 -29 37 -24 -37 -35 -21 -9 -7 -44 -1 47 -47 -32 -48
right_child=1 2 3 7 8 42 15 9 13 -11 -12 28 -14 14 -16 -17 -18 18 27 40 22 -23 23 24 -26 -27 -28 31 29 -31 45 33 -34 34 -36 38 -38 -39 -40 -41 -42 -43 43 -45 -46 46 48 -49 -50
leaf_value=0.00034702591910167421 -0.00094762856399331586 0.0024934253713491728 -0.00082586447164492845 0.00085215255760274762 0.00013541157602535211 0.00080734005025804548 -0.00029910608438084513 9.9861025898035742e-07 7.5407824798231143e-05 6.9789005860766183e-05 2.6781124131371718e-06 -0.0011258521936450083 -0.00013414508587271533 -0.0011604117374765209 5.0078316795159608e-06 7.1044948036683113e-05 2.7028847726155073e-06 -1.238570268088843e-06 -5.2131566367673705e-06 0.0016817849801201185 0.00049418212104637119 -6.8393525596568356e-06 0.0014692714771639599 -0.00025401585088417433 0.00056563977937975013 6.5174728254521651e-07 -3.5183948081976268e-09 -8.8260341261510624e-07 -4.4169738585966111e-06 3.8777577466598449e-07 -0.00034830949947277866 -4.2945222802288256e-06 -3.2537803621603585e-07 3.2588100095861591e-09 0 3.8611494770157158e-09 1.3460872230959284e-06 7.5446907288581128e-08 0 4.0415500263628437e-06 -8.7983848079202286e-08 0 -4.0594696377979344e-06 4.8381849732500749e-05 -9.8487351572985059e-09 -0.00069924772123908523 -0.032676279342966102 -2.9881770671569493e-05 -0.00068631927482113169
leaf_weight=20 27 21 26 27 25 20 38 28 30 32 21 24 37 27 36 35 21 23 25 35 22 33 32 30 29 38 32 29 33 27 20 39 20 35 35 21 31 20 28 26 25 32 26 22 20 22 21 21 20
leaf_count=20 27 21 26 27 25 20 38 28 30 32 21 24 37 27 36 35 21 23 25 35 22 33 32 30 29 38 32 29 33 27 20 39 20 35 35 21 31 20 28 26 25 32 26 22 20 22 21 21 20
internal_value=-3.29188e-05 -0.000235849 -0.000159729 -0.00037296 -0.000938865 0.000347826 0.000885714 0.000275 -0.00137026 6.70241e-05 -0.00159574 -0.00186 -0.000322581 -5.37634e-05 -0.00103175 -0.000212766 -0.00127119 -0.00016129 -0.000480427 0.00216049 0.000667752 -0.000616438 0.00106838 0.000801887 -3.87597e-05 -0.00085 -0.00209677 -0.000232558 -0.00236702 -0.00204268 -0.00255474 2.14592e-05 -0.000867347 0.000666667 0.00135417 -0.000192308 0.00210843 0.00307692 0.000816327 0.00229508 0.00133333 0.00133333 0.00169118 0.0009375 0.001 -0.003125 -0.00373016 -0.00219512 -0.0045122
internal_weight=1367 1060 1033 858 458 115 175 400 343 373 47 250 62 93 63 94 59 341 281 81 307 73 234 212 129 100 62 258 188 164 137 233 98 135 96 78 83 52 49 61 60 60 68 48 40 104 63 41 41
internal_count=1367 1060 1033 858 458 115 175 400 343 373 47 250 62 93 63 94 59 341 281 81 307 73 234 212 129 100 62 258 188 164 137 233 98 135 96 78 83 52 49 61 60 60 68 48 40 104 63 41 41
is_linear=0
shrinkage=0.005


Tree=5
num_leaves=53
num_cat=0
split_feature=6 94 69 1 80 25 4 31 1 76 36 25 25 4 77 46 69 73 3 16 27 77 76 14 32 31 46 21 91 32 35 82 77 17 61 41 37 74 14 91 16 62 16 1 77 3 1 81 88 41 5 56
split_gain=12.4481 10.4574 9.51672 14.3313 10.701 13.6493 9.52307 9.40813 9.22387 10.7915 11.544 8.0077 11.1271 7.90304 8.37176 7.80937 11.8136 8.01405 7.75285 8.91752 7.54769 8.86364 7.52535 7.97266 8.26884 7.43817 6.97343 9.05362 7.01844 6.78226 10.4754 6.64867 7.0127 8.01478 6.45161 6.3783 5.90567 7.83458 5.42769 5.37976 5.9645 4.89154 4.85444 4.55111 4.37789 4.03333 4.00346 3.6 3.6 3.23438 2.91212 2.74569
threshold=3782.2350000000001 429454.82076875016 32834.000000000007 16629.650000000005 34519.865277777782 130.75000000000003 7842.5250000000005 5.5250000000000012 15472.200000000003 31144.761458333338 91.750000000000014 82.250000000000014 61.750000000000014 11385.140000000001 2823.5712242104833 97.854999542236342 38668.400000000001 687.30000000000007 14513.150000000001 4928.9500000000007 53.750000000000007 3860.4200575877599 28825.708333333339 16067.450000000003 96.250000000000014 5.8750000000000009 99.284999847412124 15.325000000000001 31082.954125 250.25000000000003 27.625000000000004 -19.374500000000008 4010.4033038388211 78.750000000000014 32289.650000000005 81.250000000000014 63.750000000000007 1265.3811666666668 17457.150000000005 29396.401550000002 6052.6000000000013 1331.3900000000003 5714.5000000000009 17365.657000000003 3652.3846287556626 13791.650000000003 16679.029000000002 3932.954332155778 7539.4191666666675 54.250000000000007 2862.2600000000007 -1.0000000180025095e-35
decision_type=2 2 2 2 2 2 2 2 2 2 2 2 2 2 2 2 2 2 2 2 2 2 2 2 2 2 2 2 2 2 2 2 2 2 2 2 2 2 2 2 2 2 2 2 2 2 2 2 2 2 2 2
left_child=11 -2 3 4 5 6 22 -8 20 -10 15 12 26 14 -7 -11 17 31 19 -16 -4 48 25 24 45 -3 49 -28 41 34 -31 -17 43 -34 -13 46 -25 -38 -6 40 -26 -29 -27 -33 -9 -24 -19 -32 -22 -1 -30 -21
right_child=1 2 8 -5 38 13 7 44 9 10 -12 29 -14 -15 18 16 -18 35 -20 51 21 -23 23 36 39 42 27 28 50 30 47 32 33 -35 -36 -37 37 -39 -40 -41 -42 -43 -44 -45 -46 -47 -48 -49 -50 -51 -52 -53
leaf_value=-1.3260142262021018e-07 0.00077632549310254905 -4.9930512949017875e-09 0 0.0014006357600603986 1.621257979769114e-09 -7.4912221745746484e-05 5.0429113533510355e-06 -0.0013882004623641286 1.7220643480949021e-05 0.00028664402624700318 -0.0013711014822861117 -5.9964986027974814e-06 2.7722661091815947e-05 0.0010427551362487866 1.6040096704980996e-06 0.00054410549279427882 -0.00088556866888825044 4.6862771133156529e-05 -8.9058253595013958e-07 0.00018261496173688316 -4.6730671086125784e-06 -0.00065336777123319728 -0.00097347280381116787 0.0011134786061892266 8.6909636112345855e-07 0.00020983878020023399 -0.00011665182841279089 6.3837010471551538e-07 3.8771693580092119e-07 1.1549357361704434e-08 -8.4062166892967656e-06 -0.00097323488374537442 -4.7385589296695129e-06 3.7150249684989767e-05 -5.6271487377816818e-06 -1.4901667330564008e-07 -0.00026086336507659288 2.6099621832287156e-06 -0.00031662225858866016 2.0823602829812403e-07 -3.318414656328969e-08 5.180898861617774e-06 8.7188549375159729e-07 -0.00013776575733942005 -1.2874500154896114e-05 -5.5494687464493308e-09 0.00048641644441689623 0 1.2033587298481638e-06 -2.8661907287080772e-06 -4.5169245828009149e-06 0.00085228219542015152
leaf_weight=21 22 21 21 29 36 26 29 25 20 33 23 31 29 23 28 26 20 20 21 32 20 26 24 21 28 32 32 28 20 22 20 25 34 26 31 34 26 29 39 24 27 25 26 20 27 30 22 20 20 20 24 26
leaf_count=21 22 21 21 29 36 26 29 25 20 33 23 31 29 23 28 26 20 20 21 32 20 26 24 21 28 32 32 28 20 22 20 25 34 26 31 34 26 29 39 24 27 25 26 20 27 30 22 20 20 20 24 26
internal_value=-4.03226e-05 0.000225744 0.00015211 0.000532591 0.000366667 0.000619048 9.48509e-05 -0.00141975 -0.000461538 -4.9505e-05 -0.000300353 -0.000897833 -0.000276382 0.00185897 0.00139098 0 -0.000330396 2.41546e-05 0.00200935 0.00267442 -0.00189655 -0.00272727 0.000520833 2.39234e-05 -0.000714286 0.00183544 -0.000764706 -0.000193798 0.00056701 -0.00189516 -0.000725806 -0.000725191 -0.00128571 -0.000166667 -0.00306452 0.00131579 0.00131579 0.000454545 -0.0014 0.000316456 -0.000545455 0.00179245 0.00275862 -0.00277778 -0.00269231 -0.00222222 0.00261905 -0.00225 -0.00125 -0.00256098 -0.000909091 0.0037931
internal_weight=1364 1041 1019 629 600 525 369 81 390 303 283 323 199 156 133 260 227 207 107 86 87 66 288 209 133 79 170 129 97 124 62 131 105 60 62 76 76 55 75 79 55 53 58 45 52 54 42 40 40 41 44 58
internal_count=1364 1041 1019 629 600 525 369 81 390 303 283 323 199 156 133 260 227 207 107 86 87 66 288 209 133 79 170 129 97 124 62 131 105 60 62 76 76 55 75 79 55 53 58 45 52 54 42 40 40 41 44 58
is_linear=0
shrinkage=0.005


end of trees

feature_importances:
load_rolling_std_24h=13
disp_solar_midday_mw=12
wind_speed_hanoi=12
disp_hydro_evening_mw=11
smp_rolling_mean_72h=10
hydro_inflow_m3s=9
load_south_mw=8
cloud_cover_hanoi=7
direct_radiation_hcmc=7
dxy_index=7
hydro_plant_discharge_m3s=6
hydro_spill_discharge_m3s=6
disp_wind_evening_mw=6
humidity_hanoi=6
load_north_mw=5
disp_wind_midday_mw=5
direct_radiation_hanoi=5
wind_speed_hcmc=5
smp_lag_336=5
load_rolling_std_72h=5
spike_prob_72h=5
disp_solar_evening_mw=4
shortwave_radiation_hanoi=4
shortwave_radiation_danang=4
temperature_hcmc=4
coal_proxy_price=4
smp_lag_49=4
smp_lag_50=4
smp_north_lag_336=4
load_rolling_mean_24h=4
smp_rolling_std_72h=4
residual_load_proxy=4
hydro_depletion_index=4
spike_prob_24h=4
disp_total_midday_mw=3
disp_total_evening_mw=3
diffuse_radiation_hanoi=3
cloud_cover_danang=3
wind_speed_danang=3
direct_radiation_danang=3
diffuse_radiation_hcmc=3
brent_price=3
sin_month=3
load_lag_48=3
load_lag_50=3
smp_lag_96=3
load_lag_336=3
smp_south_lag_336=3
load_rolling_mean_72h=3
load_total_mw=2
hydro_total_discharge_m3s=2
hydro_water_level_m=2
disp_hydro_midday_mw=2
temperature_hanoi=2
diffuse_radiation_danang=2
humidity_hcmc=2
usd_vnd=2
load_lag_49=2
smp_north_lag_48=2
smp_south_lag_48=2
smp_rolling_std_24h=2
price_spread_ns_lag48=2
load_ramp_lag48=2
smp_yesterday_mean=2
smp_yesterday_min=2
hydro_discharge_rolling_24h=2
solar_gen_proxy=2
zero_prob_24h=2
load_central_mw=1
humidity_danang=1
cloud_cover_hcmc=1
shortwave_radiation_hcmc=1
is_weekend=1
sin_dow=1
smp_lag_48=1
smp_rolling_mean_24h=1
smp_yesterday_max=1
wind_gen_proxy=1
thermal_margin_proxy=1
margin_temp_interaction=1
is_spike=1
zero_prob_72h=1

parameters:
[boosting: gbdt]
[objective: regression_l1]
[metric: l1]
[tree_learner: serial]
[device_type: cpu]
[data_sample_strategy: bagging]
[data: ]
[valid: ]
[num_iterations: 3000]
[learning_rate: 0.005]
[num_leaves: 127]
[num_threads: -1]
[seed: 42]
[deterministic: 0]
[force_col_wise: 0]
[force_row_wise: 0]
[histogram_pool_size: -1]
[max_depth: -1]
[min_data_in_leaf: 20]
[min_sum_hessian_in_leaf: 0.001]
[bagging_fraction: 0.8]
[pos_bagging_fraction: 1]
[neg_bagging_fraction: 1]
[bagging_freq: 5]
[bagging_seed: 400]
[bagging_by_query: 0]
[feature_fraction: 0.5]
[feature_fraction_bynode: 1]
[feature_fraction_seed: 30056]
[extra_trees: 0]
[extra_seed: 12879]
[early_stopping_round: 0]
[early_stopping_min_delta: 0]
[first_metric_only: 0]
[max_delta_step: 0]
[lambda_l1: 0]
[lambda_l2: 0]
[linear_lambda: 0]
[min_gain_to_split: 0]
[drop_rate: 0.1]
[max_drop: 50]
[skip_drop: 0.5]
[xgboost_dart_mode: 0]
[uniform_drop: 0]
[drop_seed: 17869]
[top_rate: 0.2]
[other_rate: 0.1]
[min_data_per_group: 100]
[max_cat_threshold: 32]
[cat_l2: 10]
[cat_smooth: 10]
[max_cat_to_onehot: 4]
[top_k: 20]
[monotone_constraints: ]
[monotone_constraints_method: basic]
[monotone_penalty: 0]
[feature_contri: ]
[forcedsplits_filename: ]
[refit_decay_rate: 0.9]
[cegb_tradeoff: 1]
[cegb_penalty_split: 0]
[cegb_penalty_feature_lazy: ]
[cegb_penalty_feature_coupled: ]
[path_smooth: 0]
[interaction_constraints: ]
[verbosity: -1]
[saved_feature_importance_type: 0]
[use_quantized_grad: 0]
[num_grad_quant_bins: 4]
[quant_train_renew_leaf: 0]
[stochastic_rounding: 1]
[linear_tree: 0]
[max_bin: 255]
[max_bin_by_feature: ]
[min_data_in_bin: 3]
[bin_construct_sample_cnt: 200000]
[data_random_seed: 175]
[is_enable_sparse: 1]
[enable_bundle: 1]
[use_missing: 1]
[zero_as_missing: 0]
[feature_pre_filter: 1]
[pre_partition: 0]
[two_round: 0]
[header: 0]
[label_column: ]
[weight_column: ]
[group_column: ]
[ignore_column: ]
[categorical_feature: ]
[forcedbins_filename: ]
[precise_float_parser: 0]
[parser_config_file: ]
[objective_seed: 16083]
[num_class: 1]
[is_unbalance: 0]
[scale_pos_weight: 1]
[sigmoid: 1]
[boost_from_average: 1]
[reg_sqrt: 0]
[alpha: 0.9]
[fair_c: 1]
[poisson_max_delta_step: 0.7]
[tweedie_variance_power: 1.5]
[lambdarank_truncation_level: 30]
[lambdarank_norm: 1]
[label_gain: ]
[lambdarank_position_bias_regularization: 0]
[eval_at: ]
[multi_error_top_k: 1]
[auc_mu_weights: ]
[num_machines: 1]
[local_listen_port: 12400]
[time_out: 120]
[machine_list_filename: ]
[machines: ]
[gpu_platform_id: -1]
[gpu_device_id: -1]
[gpu_use_dp: 0]
[num_gpu: 1]

end of parameters

pandas_categorical:null
