tree
version=v4
num_class=1
num_tree_per_iteration=1
label_index=0
max_feature_idx=100
objective=regression_l1
feature_names=load_total_mw load_north_mw load_central_mw load_south_mw hydro_inflow_m3s hydro_total_discharge_m3s hydro_plant_discharge_m3s hydro_spill_discharge_m3s hydro_water_level_m disp_total_installed_mw disp_total_midday_mw disp_total_evening_mw disp_hydro_installed_mw disp_hydro_midday_mw disp_hydro_evening_mw disp_solar_installed_mw disp_solar_midday_mw disp_solar_evening_mw disp_wind_installed_mw disp_wind_midday_mw disp_wind_evening_mw temperature_hanoi humidity_hanoi cloud_cover_hanoi wind_speed_hanoi shortwave_radiation_hanoi direct_radiation_hanoi diffuse_radiation_hanoi temperature_danang humidity_danang cloud_cover_danang wind_speed_danang shortwave_radiation_danang direct_radiation_danang diffuse_radiation_danang temperature_hcmc humidity_hcmc cloud_cover_hcmc wind_speed_hcmc shortwave_radiation_hcmc direct_radiation_hcmc diffuse_radiation_hcmc coal_proxy_price brent_price gas_proxy_price usd_vnd dxy_index is_weekend is_workday is_holiday is_tet is_pre_holiday is_post_holiday season sin_hour cos_hour sin_dow cos_dow sin_month cos_month smp_lag_48 load_lag_48 smp_lag_49 load_lag_49 smp_lag_50 load_lag_50 smp_lag_96 load_lag_96 smp_lag_336 load_lag_336 smp_north_lag_48 smp_south_lag_48 smp_north_lag_336 smp_south_lag_336 smp_rolling_mean_24h smp_rolling_std_24h load_rolling_mean_24h load_rolling_std_24h smp_rolling_mean_72h smp_rolling_std_72h load_rolling_mean_72h load_rolling_std_72h price_spread_ns_lag48 load_ramp_lag48 smp_yesterday_mean smp_yesterday_max smp_yesterday_min smp_yesterday_zero_ratio hydro_discharge_rolling_24h solar_gen_proxy wind_gen_proxy residual_load_proxy thermal_margin_proxy hydro_depletion_index margin_temp_interaction is_spike is_zero spike_prob_24h spike_prob_72h zero_prob_24h zero_prob_72h
feature_infos=[16738.400000000001:43669.699999999997] [8141:23529.633000000002] [1030.2:4920.1390000000001] [6568.3000000000002:17620.469000000001] [-24696.790000000001:52718.32] [261.23000000000002:27182.77] [243.56999999999999:14362.75] [11.359999999999999:15398] [386.1925:23252.132105263157] none [14491.4:47673.900000000001] [19152.799999999999:47033.400000000001] none [-3952.3000000000002:18862.5] [6035.6999999999998:23435.200000000001] none [0:8134.5] [0:344.30000000000001] none [0:4273.1999999999998] [0:4263.3999999999996] [7.5:32.299999999999997] [31:99] [0:100] [0.55000000000000004:30.25] [3.5:282] [0:208.5] [3.5:150.5] [16.050000000000001:33.25] [52:99.5] [0:100] [0.80000000000000004:50] [7:306.5] [0:234] [7:146] [20.600000000000001:31.300000000000001] [56:98] [0:100] [0.5:24] [16:265] [0:198] [16:133.5] [63.700000762939453:438.35000610351562] [55.099998474121087:127.98000335693359] [1.5750000476837158:9.6800003051757795] [22394.345703125:26405] [89.639999389648438:114.11000061035156] [0:1] [0:1] [0:1] [0:1] [0:1] [0:1] [1:4] none none [-0.97492791218182362:0.97492791218182362] [-0.90096886790241903:1] [-1:1] [-1:1] [0:1778.5999999999999] [16738.400000000001:43669.699999999997] [0:1778.5999999999999] [16515.5:40602.099999999999] [0:1778.5999999999999] [15251.9:39424.300000000003] [0:1778.5999999999999] [16738.400000000001:43669.699999999997] [0:1778.5999999999999] [16738.400000000001:43669.699999999997] [0:1778.5999999999999] [0:1778.5999999999999] [0:1778.5999999999999] [0:1778.5999999999999] [0:1778.5999999999999] [0:869.78656539635756] [15840.402083333332:48300.345833333326] [1494.0634266859377:7412.3475695858406] [0.069944444444444434:1778.5999999999999] [0:822.68470809772941] [15990.384722222221:45267.230555555558] [2009.5728777065494:7328.5193476692311] [-1602.3:1778.5999999999999] [-2000.7000000000007:5250.3000000000029] [0:1778.5999999999999] [0:1778.5999999999999] [0:1778.5999999999999] [0:1] [919.52208333333328:41870.738333333335] [112.0236:1855.3908750000001] [124.17300000000002:5960.3040000000001] [13767.265887500002:40395.97834999999] [13155.821650000013:39784.534112499998] [386.1925:23252.132105263157] [371342.92174875003:1122197.6812312501] [0:1] [0:1] [0:1] [0:1] [0:1] [0:1]
tree_sizes=4340 4029

Tree=0
num_leaves=55
num_cat=0
split_feature=72 70 69 24 71 26 93 0 73 72 64 75 70 64 4 98 38 84 46 80 92 94 0 80 24 43 16 40 75 61 35 26 11 66 45 72 43 43 16 85 46 84 78 38 92 7 7 28 14 66 42 20 68 0
split_gain=25.0075 16.3808 15.1263 12.5131 9.74618 8.79439 6.47589 7.92033 7.68627 6.00505 15.1545 8.87285 6.90494 7.35 6.01733 5.52101 5.48659 5.45449 5.29643 5.15722 5.15709 4.95524 5.45519 7.507 4.56333 4.49715 4.30286 4.11481 4.09747 6.99992 3.77003 3.68902 3.88283 3.60052 3.50417 3.13083 3.04482 5.54036 2.81069 2.57272 2.5294 2.25461 2.03888 1.79884 1.76087 1.75447 1.98184 1.33555 1.31688 0.95896 0.93487 0.48 0.4 0.025
threshold=1461.4575000000002 1419.1500000000003 26809.900000000005 14.275000000000002 1397.5500000000004 171.75000000000003 422.78380116959073 33878.400000000009 1132.3350000000003 711.12350000000004 961.11750000000018 316.75812819414699 751.6495000000001 822.98950000000013 3449.7650000000008 0.32291666666666669 7.625 899.42678125000009 96.125000000000014 31204.68819444445 27604.989006250005 580920.63830156263 33368.80000000001 31549.965277777785 11.975000000000001 83.68500137329103 5392.3000000000011 79.750000000000014 299.98954885276095 33363.55000000001 26.675000000000004 11.750000000000002 37809.950000000004 791.98750000000007 24617.500000000004 1024.6000000000001 111.71999740600587 96.250000000000014 6176.1500000000005 1469.7500000000002 105.90500259399415 642.10971875000007 748.4755659722224 7.075000000000002 22201.622600000006 735.95000000000016 175.60500000000005 30.525000000000002 18410.850000000002 0.10200000000000002 108.60000228881837 1485.9000000000003 1099.9500000000003 35559.600000000006
decision_type=2 2 2 2 2 2 2 2 2 2 2 2 2 2 2 2 2 2 2 2 2 2 2 2 2 2 2 2 2 2 2 2 2 2 2 2 2 2 2 2 2 2 2 2 2 2 2 2 2 2 2 2 2 2
left_child=1 5 -2 16 6 9 7 15 -9 19 12 24 39 -14 -13 18 28 -16 -4 30 26 25 23 27 -12 -6 -17 -23 29 -3 33 32 -21 -1 52 -18 37 40 -28 -11 42 44 45 -41 -34 46 -33 49 -44 50 -47 -20 -30 -51
right_child=2 3 4 -5 21 -7 -8 8 -10 10 11 14 13 -15 17 20 35 -19 51 31 -22 22 -24 -25 -26 -27 38 -29 34 -31 -32 36 41 -35 -36 -37 -38 -39 -40 43 -42 -43 48 -45 -46 47 -48 -49 -50 53 -52 -53 -54 -55
leaf_value=0 1.0349999999999999 0 -1.3539999389648438 -0.53149999618530275 0 6.8735348510742185 0 0.55502998352050781 -1.547310028076172 -9.1699999999999999 -1.100979995727539 2.7989999389648439 0.061999998092651366 -0.24034499999135733 0.0012300000339746475 -0.0050000000000000001 2.9900000000000002 -0.00021999999880790712 -9.999679870605469 -0.0044499999284744263 0 -0.00066500000655651099 0 -2.7214999389648438 0.14399999618530274 0.70236999511718756 -7.8765002441406251 0 12.947050170898438 5.2945800781250005 1.6000000000000001 0 0 0.00013500000350177288 1.3411849975585939 -0.0054900002479553222 -8.5000004619359968e-05 0.0088999998569488526 -0.28999999999999998 -4.5949999999999998 0 0 1.6796400451660156 0 0 0 0 0 0 0 0 -10.174210205078126 3.3619999694824219 0
leaf_weight=21 27 35 27 28 23 22 23 24 27 30 30 35 30 30 23 30 23 25 20 24 31 22 25 36 20 22 20 28 20 31 23 38 23 20 24 22 20 29 21 21 23 20 22 20 23 29 26 21 20 20 20 30 20 20
leaf_count=21 27 35 27 28 23 22 23 24 27 30 30 35 30 30 23 30 23 25 20 24 31 22 25 36 20 22 20 28 20 31 23 38 23 20 24 22 20 29 21 21 23 20 22 20 23 29 26 21 20 20 20 30 20 20
internal_value=-8.77835e-05 0.000837809 -0.00206422 0.00334975 -0.00254279 0.000137363 -0.00375494 -0.00426087 -0.000784314 -5.66572e-05 -0.00125 0.00112782 -0.00366412 -0.00116667 0.00313253 -0.0052514 0.00434286 0.000833333 -0.00727273 0.000656109 -0.00372549 -0.000576923 -0.00171171 -0.00290698 -0.0022 0.00222222 -0.00521127 -0.0004 0.00538462 0.00363636 0.00328125 0.00021164 -0.00155556 0.00146341 0.0071875 0.00133333 0.000763889 0.00104478 -0.00731707 -0.00577465 0.000543933 -0.00030303 0.00087963 -0.00414634 -0.00152174 0.000402299 0.00171875 -0.000363636 0.00285714 -0.000898876 -0.00183673 -0.0092 0.009 0.00025
internal_weight=1367 931 436 203 409 728 253 230 51 706 264 133 131 60 83 179 175 48 77 442 102 156 111 86 50 45 71 50 130 66 64 378 90 41 64 45 288 268 41 71 239 66 216 41 46 174 64 110 42 89 49 50 40 40
internal_count=1367 931 436 203 409 728 253 230 51 706 264 133 131 60 83 179 175 48 77 442 102 156 111 86 50 45 71 50 130 66 64 378 90 41 64 45 288 268 41 71 239 66 216 41 46 174 64 110 42 89 49 50 40 40
is_linear=0
shrinkage=0.01


Tree=1
num_leaves=50
num_cat=0
split_feature=33 4 72 14 70 29 72 97 40 10 16 8 77 41 0 40 29 41 10 3 22 5 41 5 14 24 4 4 4 3 19 14 22 14 8 90 90 64 83 41 8 28 83 32 4 82 4 5 10
split_gain=11.6177 13.0595 19.7592 12.5271 11.116 8.4136 11.9868 7.94987 7.8695 7.61654 7.20139 7.13245 7.49922 8.09593 6.73039 6.51452 6.31313 6.20007 6.13636 6.02845 5.76 5.66786 5.57053 5.14843 7.58293 6.45367 6.05291 4.69491 6.92994 6.68015 12.5714 9.3525 6.59122 4.38378 4.07852 3.90979 6.24453 5.80229 5.42328 3.46398 3.43081 3.22315 3.02188 2.38423 2.25813 2.23214 2.025 2.01662 1.86778
threshold=90.250000000000014 8480.465000000002 1499.9500000000003 16784.800000000007 1297.9565000000002 74.750000000000014 1177.6875000000002 0.65625000000000011 80.250000000000014 29733.200000000004 4066.2500000000005 411.62912955465589 3437.7805464929329 59.250000000000007 32594.900000000005 31.750000000000004 85.750000000000014 80.250000000000014 32928.900000000009 12941.050000000001 89.250000000000014 4446.6500000000005 47.750000000000007 4599.6050000000005 14521.550000000001 7.6750000000000016 6671.9950000000008 2098.9450000000002 2352.5050000000006 14314.6 1556.9500000000003 15109.500000000002 92.750000000000014 13842.300000000001 415.61934210526323 1521.1192500000004 1260.3559500000003 1.1055000000000004 2177.349999999999 82.250000000000014 413.37847744360909 29.225000000000005 2157.3999999999983 224.25000000000003 2854.7000000000003 1297.6500000000003 11072.195000000002 5960.1550000000016 30833.600000000002
decision_type=2 2 2 2 2 2 2 2 2 2 2 2 2 2 2 2 2 2 2 2 2 2 2 2 2 2 2 2 2 2 2 2 2 2 2 2 2 2 2 2 2 2 2 2 2 2 2 2 2
left_child=1 2 3 27 15 -6 45 10 47 -9 -4 -12 -13 22 16 46 48 21 -19 -18 -11 -8 -14 25 39 -17 -26 -1 -29 30 31 32 -30 -31 35 36 38 42 -28 -25 -16 -40 -37 -36 -27 -7 -2 -5 -3
right_child=4 14 7 8 5 6 17 9 -10 20 11 12 13 -15 40 23 19 18 -20 -21 -22 -23 -24 24 26 44 34 28 29 33 -32 -33 -34 -35 43 37 -38 -39 41 -41 -42 -43 -44 -45 -46 -47 -48 -49 -50
leaf_value=-0.020700924682617191 -3.8076701549530028 -7.7882578979492187 -4.4409500610351564 7.1100281385742123 0 5.8721899391174315 0 0.37309564208984375 0.023078849999234083 -2.3982000732421875 -2.0583215515136719 0.85999999999999999 -0.097100000000000006 0.068765002441406251 0 -0.01 0 -4.2378675918579107 3.3250000327825552e-06 -4.1160000610351561 0.0028999999999999998 0.027214999389648439 -3.6242985145568842 5.1738397216796876 -1.3699902610778809 0 0 2.0415440246582035 -0.47759655000008644 0 -0.8091849885940553 4.6359988503050058 0.0022884499996900561 0.73113816833496093 0.00037225000113248828 0 8.5000004619359973e-07 -0.015996400469541549 0 1.4710400305271152 0 2.2674999665468931e-05 0 0 -0.84283498716354366 11.66976487121582 0 0.63438003082275396 -8.9949966749999675
leaf_weight=28 20 25 37 32 36 36 21 28 36 20 30 23 25 31 34 33 26 20 24 29 25 35 32 27 21 36 28 24 27 25 22 28 22 33 22 30 33 27 30 26 28 24 38 23 26 20 20 21 20
leaf_count=28 20 25 37 32 36 36 21 28 36 20 30 23 25 31 34 33 26 20 24 29 25 35 32 27 21 36 28 24 27 25 22 28 22 33 22 30 33 27 30 26 28 24 38 23 26 20 20 21 20
internal_value=-1.46306e-05 -0.000900141 -0.000163934 0.00157718 0.000945122 0.00296875 0.00397436 -0.00223108 0.0047191 0.000547945 -0.00337079 -0.00234043 -0.00117117 -0.0025 -0.00339506 0.000107759 -0.005 0.0019 -0.000909091 -0.00272727 -0.002 0.00410714 -0.00473684 0.000471698 0.00106383 -0.00157895 0.000398551 0.000239234 0.000828729 6.36943e-05 -0.00151515 0.00038961 -0.0022449 0.00275862 0.000823529 0.000238095 0.00147826 -0.00126316 0 0.0045283 -0.000806452 0.00185185 0.000294118 0.00355556 0.000322581 0.00767857 -0.00375 0.00716981 -0.00777778
internal_weight=1367 711 549 298 656 192 156 251 89 73 178 141 111 88 162 464 100 100 44 55 45 56 57 424 329 95 276 209 181 157 99 77 49 58 255 210 115 95 82 53 62 54 68 45 62 56 40 53 45
internal_count=1367 711 549 298 656 192 156 251 89 73 178 141 111 88 162 464 100 100 44 55 45 56 57 424 329 95 276 209 181 157 99 77 49 58 255 210 115 95 82 53 62 54 68 45 62 56 40 53 45
is_linear=0
shrinkage=0.01


end of trees

feature_importances:
hydro_inflow_m3s=7
disp_hydro_evening_mw=5
smp_north_lag_336=5
load_total_mw=4
diffuse_radiation_hcmc=4
hydro_total_discharge_m3s=3
hydro_water_level_m=3
disp_total_midday_mw=3
disp_solar_midday_mw=3
wind_speed_hanoi=3
direct_radiation_hcmc=3
brent_price=3
smp_lag_50=3
smp_north_lag_48=3
load_south_mw=2
hydro_spill_discharge_m3s=2
humidity_hanoi=2
direct_radiation_hanoi=2
temperature_danang=2
humidity_danang=2
wind_speed_hcmc=2
dxy_index=2
smp_lag_96=2
smp_rolling_std_24h=2
load_rolling_mean_72h=2
load_ramp_lag48=2
smp_yesterday_mean=2
wind_gen_proxy=2
thermal_margin_proxy=2
disp_total_evening_mw=1
disp_wind_midday_mw=1
disp_wind_evening_mw=1
shortwave_radiation_danang=1
direct_radiation_danang=1
temperature_hcmc=1
coal_proxy_price=1
usd_vnd=1
load_lag_48=1
smp_lag_336=1
load_lag_336=1
smp_south_lag_48=1
smp_south_lag_336=1
load_rolling_std_24h=1
smp_rolling_mean_72h=1
price_spread_ns_lag48=1
smp_yesterday_max=1
hydro_depletion_index=1
margin_temp_interaction=1
spike_prob_24h=1
spike_prob_72h=1

parameters:
[boosting: gbdt]
[objective: regression_l1]
[metric: l1]
[tree_learner: serial]
[device_type: cpu]
[data_sample_strategy: bagging]
[data: ]
[valid: ]
[num_iterations: 3000]
[learning_rate: 0.01]
[num_leaves: 127]
[num_threads: -1]
[seed: 42]
[deterministic: 0]
[force_col_wise: 0]
[force_row_wise: 0]
[histogram_pool_size: -1]
[max_depth: -1]
[min_data_in_leaf: 20]
[min_sum_hessian_in_leaf: 0.001]
[bagging_fraction: 0.8]
[pos_bagging_fraction: 1]
[neg_bagging_fraction: 1]
[bagging_freq: 5]
[bagging_seed: 400]
[bagging_by_query: 0]
[feature_fraction: 0.5]
[feature_fraction_bynode: 1]
[feature_fraction_seed: 30056]
[extra_trees: 0]
[extra_seed: 12879]
[early_stopping_round: 0]
[early_stopping_min_delta: 0]
[first_metric_only: 0]
[max_delta_step: 0]
[lambda_l1: 0]
[lambda_l2: 0]
[linear_lambda: 0]
[min_gain_to_split: 0]
[drop_rate: 0.1]
[max_drop: 50]
[skip_drop: 0.5]
[xgboost_dart_mode: 0]
[uniform_drop: 0]
[drop_seed: 17869]
[top_rate: 0.2]
[other_rate: 0.1]
[min_data_per_group: 100]
[max_cat_threshold: 32]
[cat_l2: 10]
[cat_smooth: 10]
[max_cat_to_onehot: 4]
[top_k: 20]
[monotone_constraints: ]
[monotone_constraints_method: basic]
[monotone_penalty: 0]
[feature_contri: ]
[forcedsplits_filename: ]
[refit_decay_rate: 0.9]
[cegb_tradeoff: 1]
[cegb_penalty_split: 0]
[cegb_penalty_feature_lazy: ]
[cegb_penalty_feature_coupled: ]
[path_smooth: 0]
[interaction_constraints: ]
[verbosity: -1]
[saved_feature_importance_type: 0]
[use_quantized_grad: 0]
[num_grad_quant_bins: 4]
[quant_train_renew_leaf: 0]
[stochastic_rounding: 1]
[linear_tree: 0]
[max_bin: 255]
[max_bin_by_feature: ]
[min_data_in_bin: 3]
[bin_construct_sample_cnt: 200000]
[data_random_seed: 175]
[is_enable_sparse: 1]
[enable_bundle: 1]
[use_missing: 1]
[zero_as_missing: 0]
[feature_pre_filter: 1]
[pre_partition: 0]
[two_round: 0]
[header: 0]
[label_column: ]
[weight_column: ]
[group_column: ]
[ignore_column: ]
[categorical_feature: ]
[forcedbins_filename: ]
[precise_float_parser: 0]
[parser_config_file: ]
[objective_seed: 16083]
[num_class: 1]
[is_unbalance: 0]
[scale_pos_weight: 1]
[sigmoid: 1]
[boost_from_average: 1]
[reg_sqrt: 0]
[alpha: 0.9]
[fair_c: 1]
[poisson_max_delta_step: 0.7]
[tweedie_variance_power: 1.5]
[lambdarank_truncation_level: 30]
[lambdarank_norm: 1]
[label_gain: ]
[lambdarank_position_bias_regularization: 0]
[eval_at: ]
[multi_error_top_k: 1]
[auc_mu_weights: ]
[num_machines: 1]
[local_listen_port: 12400]
[time_out: 120]
[machine_list_filename: ]
[machines: ]
[gpu_platform_id: -1]
[gpu_device_id: -1]
[gpu_use_dp: 0]
[num_gpu: 1]

end of parameters

pandas_categorical:null
