tree
version=v4
num_class=1
num_tree_per_iteration=1
label_index=0
max_feature_idx=100
objective=regression_l1
feature_names=load_total_mw load_north_mw load_central_mw load_south_mw hydro_inflow_m3s hydro_total_discharge_m3s hydro_plant_discharge_m3s hydro_spill_discharge_m3s hydro_water_level_m disp_total_installed_mw disp_total_midday_mw disp_total_evening_mw disp_hydro_installed_mw disp_hydro_midday_mw disp_hydro_evening_mw disp_solar_installed_mw disp_solar_midday_mw disp_solar_evening_mw disp_wind_installed_mw disp_wind_midday_mw disp_wind_evening_mw temperature_hanoi humidity_hanoi cloud_cover_hanoi wind_speed_hanoi shortwave_radiation_hanoi direct_radiation_hanoi diffuse_radiation_hanoi temperature_danang humidity_danang cloud_cover_danang wind_speed_danang shortwave_radiation_danang direct_radiation_danang diffuse_radiation_danang temperature_hcmc humidity_hcmc cloud_cover_hcmc wind_speed_hcmc shortwave_radiation_hcmc direct_radiation_hcmc diffuse_radiation_hcmc coal_proxy_price brent_price gas_proxy_price usd_vnd dxy_index is_weekend is_workday is_holiday is_tet is_pre_holiday is_post_holiday season sin_hour cos_hour sin_dow cos_dow sin_month cos_month smp_lag_48 load_lag_48 smp_lag_49 load_lag_49 smp_lag_50 load_lag_50 smp_lag_96 load_lag_96 smp_lag_336 load_lag_336 smp_north_lag_48 smp_south_lag_48 smp_north_lag_336 smp_south_lag_336 smp_rolling_mean_24h smp_rolling_std_24h load_rolling_mean_24h load_rolling_std_24h smp_rolling_mean_72h smp_rolling_std_72h load_rolling_mean_72h load_rolling_std_72h price_spread_ns_lag48 load_ramp_lag48 smp_yesterday_mean smp_yesterday_max smp_yesterday_min smp_yesterday_zero_ratio hydro_discharge_rolling_24h solar_gen_proxy wind_gen_proxy residual_load_proxy thermal_margin_proxy hydro_depletion_index margin_temp_interaction is_spike is_zero spike_prob_24h spike_prob_72h zero_prob_24h zero_prob_72h
feature_infos=[16738.400000000001:43669.699999999997] [8141:23529.633000000002] [1030.2:4920.1390000000001] [6568.3000000000002:17620.469000000001] [-24696.790000000001:52718.32] [261.23000000000002:27182.77] [243.56999999999999:14362.75] [11.359999999999999:15398] [386.1925:23252.132105263157] none [14491.4:47673.900000000001] [19152.799999999999:47033.400000000001] none [-3952.3000000000002:18862.5] [6035.6999999999998:23435.200000000001] none [0:8134.5] [0:344.30000000000001] none [0:4273.1999999999998] [0:4263.3999999999996] [7.5:32.299999999999997] [31:99] [0:100] [0.55000000000000004:30.25] [3.5:282] [0:208.5] [3.5:150.5] [16.050000000000001:33.25] [52:99.5] [0:100] [0.80000000000000004:50] [7:306.5] [0:234] [7:146] [20.600000000000001:31.300000000000001] [56:98] [0:100] [0.5:24] [16:265] [0:198] [16:133.5] [63.700000762939453:438.35000610351562] [55.099998474121087:127.98000335693359] [1.5750000476837158:9.6800003051757795] [22394.345703125:26405] [89.639999389648438:114.11000061035156] [0:1] [0:1] [0:1] [0:1] [0:1] [0:1] [1:4] none none [-0.97492791218182362:0.97492791218182362] [-0.90096886790241903:1] [-1:1] [-1:1] [0:1778.5999999999999] [16738.400000000001:43669.699999999997] [0:1778.5999999999999] [16515.5:40602.099999999999] [0:1778.5999999999999] [15251.9:39424.300000000003] [0:1778.5999999999999] [16738.400000000001:43669.699999999997] [0:1778.5999999999999] [16738.400000000001:43669.699999999997] [0:1778.5999999999999] [0:1778.5999999999999] [0:1778.5999999999999] [0:1778.5999999999999] [0:1778.5999999999999] [0:869.78656539635756] [15840.402083333332:48300.345833333326] [1494.0634266859377:7412.3475695858406] [0.069944444444444434:1778.5999999999999] [0:822.68470809772941] [15990.384722222221:45267.230555555558] [2009.5728777065494:7328.5193476692311] [-1602.3:1778.5999999999999] [-2000.7000000000007:5250.3000000000029] [0:1778.5999999999999] [0:1778.5999999999999] [0:1778.5999999999999] [0:1] [919.52208333333328:41870.738333333335] [112.0236:1855.3908750000001] [124.17300000000002:5960.3040000000001] [13767.265887500002:40395.97834999999] [13155.821650000013:39784.534112499998] [386.1925:23252.132105263157] [371342.92174875003:1122197.6812312501] [0:1] [0:1] [0:1] [0:1] [0:1] [0:1]
tree_sizes=4284 4350 4395

Tree=0
num_leaves=54
num_cat=0
split_feature=72 95 70 69 0 69 70 16 28 25 80 16 11 80 25 30 77 7 78 83 73 24 93 30 75 30 92 68 26 28 69 69 0 0 83 94 11 20 25 19 28 68 66 77 69 38 11 71 92 4 98 7 26
split_gain=23.5214 17.8968 16.8758 10.4022 14.1038 11.9896 7.84996 7.65796 7.56504 13.2154 8.56598 6.95106 6.44145 7.96179 8.50311 6.14247 6.14747 6.13133 6.00296 5.31225 5.28125 5.875 5.23677 5.16233 5.02621 5.02008 5.19705 6.95158 4.90779 7.61074 6.17166 4.86289 7.18045 5.40192 4.65972 7.68 5.6592 4.4936 4.20795 4.81672 4.17515 3.83948 3.6967 4.45835 3.65766 3.37625 3.34495 3.24422 3.13333 3.1025 2.61462 1.97045 1.05
threshold=1297.9565000000002 1.0000000180025095e-35 1045.6005000000002 24286.800000000003 27201.650000000005 27476.200000000004 1.0425000000000002 6370.7000000000007 23.475000000000005 99.250000000000014 31088.89131944445 4461.1000000000013 29132.150000000005 27601.979861111115 20.750000000000004 77.750000000000014 4320.4594539783393 735.95000000000016 854.0965173611113 2065.4000000000001 811.01800000000014 6.4250000000000016 422.58697368421059 45.250000000000007 536.89052530378297 16.000000000000004 26723.226381250006 0.10200000000000002 93.750000000000014 22.125000000000004 30889.600000000002 30532.500000000004 31732.850000000002 30317.850000000002 2638.0500000000034 628132.51020093751 41976.250000000007 2477.9000000000001 75.250000000000014 868.70000000000016 21.425000000000004 1503.4000000000003 337.61300000000006 4076.5077576887334 32995.700000000004 9.6250000000000018 41839.900000000001 1306.9000000000003 27095.767575000009 4076.6650000000004 0.5590277777777779 1191.2500000000002 30.250000000000004
decision_type=2 2 2 2 2 2 2 2 2 2 2 2 2 2 2 2 2 2 2 2 2 2 2 2 2 2 2 2 2 2 2 2 2 2 2 2 2 2 2 2 2 2 2 2 2 2 2 2 2 2 2 2 2
left_child=1 3 7 -1 20 -6 -3 18 40 15 -11 -12 -4 -14 50 -10 17 -17 19 -2 21 -5 24 38 28 -13 27 42 29 -8 -31 33 47 -25 36 -36 44 41 -16 -40 -7 -34 43 46 -29 49 -27 -33 -23 -43 -15 -46 -20
right_child=2 6 12 4 5 8 22 -9 9 10 11 25 13 14 23 16 -18 -19 52 -21 -22 48 -24 31 -26 26 -28 34 -30 30 -32 32 37 -35 35 -37 -38 -39 39 -41 -42 45 -44 -45 51 -47 -48 -49 -50 -51 -52 -53 -54
leaf_value=5.0525000000000002 0 0 -9.9900000000000002 -3.0350000000000001 2.8269299316406249 0.01 3.4176699829101564 0 -2.9510000610351561 2.3359149932861327 -0.01 3.0464999389648439 0.010119999647140504 -1.6070749664306641 0.6909049987792969 0.01 -0.3410349941253662 -0.27300000011920927 -7.1958297729492191 -10.784000244140625 -1.6117650222778321 0.14999999999999999 0 0 5.9906201171875004 0 0.73999999999999999 0 8.2850000000000001 1.116999969482422 -0.086085003819316622 -0.85999999999999999 0.1915000057220459 1.5568799591064453 -1.3009199905395508 0.0044999998807907105 -0.54880500793457032 -0.2508400011062622 0 0 3.0647250366210939 0 8.0374999999999996 0 6.831000061035156 0 4.2800000000000002 0 -0.0015800000727176668 0 0 0 -2.7800000000000002
leaf_weight=32 21 27 22 25 37 25 20 32 33 30 27 22 31 22 22 29 24 30 28 23 24 20 20 32 25 20 21 23 21 21 20 25 24 20 30 20 24 34 20 21 30 34 26 24 20 25 21 33 27 32 24 24 20
leaf_count=32 21 27 22 25 37 25 20 32 33 30 27 22 31 22 22 29 24 30 28 23 24 20 20 32 25 20 21 23 21 21 20 25 24 20 30 20 24 34 20 21 30 34 26 24 20 25 21 33 27 32 24 24 20
internal_value=1.46306e-05 0.00108273 -0.00159633 0.000374251 9.43396e-05 0.000722222 0.00415584 -0.00483871 0.000318091 -0.000111607 0.000903614 0.000397351 -0.00064133 -0.000350877 -0.00076087 -0.00301724 -0.00156627 0.000169492 -0.00630435 -0.00363636 -0.0034375 -0.00208333 0.00519685 -0.000186335 0.00607477 0.000872727 0.000474308 4.31034e-05 0.00487805 0.00344262 0.00097561 -0.000810811 -0.00149758 0.00192308 -0.00134752 -0.0038 0 -0.00033557 0.00238095 0.000487805 0.00381818 0.000608696 0.0021978 0.000923077 0.00149254 -0.00032967 0.00292683 -0.00448276 0 -0.00151515 -0.00478261 0.00318182 -0.00875
internal_weight=1367 822 545 668 636 540 154 124 503 448 332 302 421 399 368 116 83 59 92 44 96 72 127 322 107 275 253 232 82 61 41 259 207 52 141 50 91 149 63 41 55 115 91 65 67 91 41 58 47 66 46 44 48
internal_count=1367 822 545 668 636 540 154 124 503 448 332 302 421 399 368 116 83 59 92 44 96 72 127 322 107 275 253 232 82 61 41 259 207 52 141 50 91 149 63 41 55 115 91 65 67 91 41 58 47 66 46 44 48
is_linear=0
shrinkage=0.01


Tree=1
num_leaves=53
num_cat=0
split_feature=72 95 60 41 10 98 94 13 5 83 56 28 16 23 8 0 23 1 19 94 94 94 14 83 98 5 16 74 13 81 19 77 14 23 41 58 22 29 28 1 33 3 83 41 94 0 91 3 56 56 13 0
split_gain=19.2702 20.1745 11.6373 10.8435 9.36976 9.27282 8.65151 8.75946 9.74369 8.83402 7.31784 7.05559 6.90987 6.88367 6.71482 7.0504 6.30035 6.16663 6.59358 7.26501 6.07136 10.1843 6.01417 5.87247 5.78571 5.66844 5.45794 5.41073 6.66667 5.35714 5.35185 5.22763 6.70085 5.37391 8.66939 6.23086 4.82611 4.82237 4.65932 4.63485 4.36915 4.27447 4.2401 3.91455 3.67391 3.33333 3.6 2.93492 2.51984 2.38095 1.60517 0.4
threshold=1293.9000000000003 1.0000000180025095e-35 1371.8000000000002 88.750000000000014 41166.350000000013 1.0000000180025095e-35 718230.15194875014 2412.6500000000001 4964.5400000000009 2183.6500000000019 0.6078576107927941 29.175000000000004 6282.3500000000013 33.750000000000007 404.58640873015878 33280.700000000004 38.250000000000007 12456.700000000003 2779.1000000000008 509454.13901937503 645151.82113250019 613232.91718468769 15567.800000000001 1789.250000000002 0.21875000000000003 4622.2050000000008 5580.8000000000002 929.81983333333346 10681.85 4103.9276642778786 879.45000000000016 4381.0000640201415 17843.800000000003 99.250000000000014 73.250000000000014 1.0000000180025095e-35 84.750000000000014 89.250000000000014 23.025000000000002 14563.750000000002 31.750000000000004 10077.400000000003 2065.4000000000001 62.750000000000007 636736.76786187512 36125.55000000001 34255.117643750003 14314.6 1.0000000180025095e-35 1.0000000180025095e-35 6489.8500000000013 28908.350000000002
decision_type=2 2 2 2 2 2 2 2 2 2 2 2 2 2 2 2 2 2 2 2 2 2 2 2 2 2 2 2 2 2 2 2 2 2 2 2 2 2 2 2 2 2 2 2 2 2 2 2 2 2 2 2
left_child=1 4 10 16 5 42 7 9 38 23 22 13 -6 -10 36 -16 -3 -4 19 40 21 27 26 -7 29 -18 -2 28 -15 -22 -12 32 33 34 43 -35 -8 48 -9 -24 -19 -38 -1 -21 -13 -14 -47 -28 -37 -36 -27 -43
right_child=2 3 17 -5 12 6 14 8 11 -11 30 44 45 20 15 -17 25 18 -20 31 24 -23 39 -25 -26 50 47 -29 -30 -31 -32 -33 -34 35 49 37 41 -39 -40 -41 -42 51 -44 -45 -46 46 -48 -49 -50 -51 -52 -53
leaf_value=2.7986606323242187 -5.8520419464111333 0.0008233001708984356 -7.1309997558593752 -0.00045000001788139346 -0.86199080009460449 -0.0001 0.0001 3.8459228790283202 2.0534708366394043 0.0097640000820159913 -1.6983999694824217 0.0001 -0.075374999999999998 -0.8070804037094117 0.015937650230526925 -0.0074000000000000003 0.75406327514648441 0.8444312004089356 -1.6131307945013047 0 -0.068310000610351557 -0.53226999999880786 -1.8702008132934571 -0.22609499893188478 3.4277307617187502 5.7631171605537643 -0.88089996948242189 2.2137400161743166 0.0001 1.5166408500671387 -3.7741601196289065 -0.01 0.0086 -0.31036580655574797 1.4614311698913574 -0.0069090499877929694 -2.4026500305175782 0.0060707496643066404 2.1235349395751952 0.0030909500122070313 0 -1.0424420999996362 0.0065045999526977538 0 0.01 0.007694025039672852 -0.035534649658203125 0 0 0 5.2765018432617197 -5.4804773925781252
leaf_weight=29 39 25 26 31 33 21 21 23 35 36 27 23 20 30 27 22 37 27 20 24 21 25 26 20 21 38 21 26 30 21 27 23 26 26 21 21 21 37 29 37 20 20 28 29 23 20 20 24 29 21 20 20
leaf_count=29 39 25 26 31 33 21 21 23 35 36 27 23 20 30 27 22 37 27 20 24 21 25 26 20 21 38 21 26 30 21 27 23 26 26 21 21 21 37 29 37 20 20 28 29 23 20 20 24 29 21 20 20
internal_value=2.92612e-05 0.0010049 -0.00141561 0.00430464 0.000255639 0.000734266 0.00031068 0.00106771 0.0018241 -0.00194805 -0.00333333 0.00101961 -0.00268817 0.000239234 -0.0019084 0.00102041 0.00566667 -0.000314286 6.17284e-05 0.000427632 -0.000574713 -0.00198198 -0.00217687 -0.00512195 0.00190476 0.00684211 -0.00392857 -0.000348837 -0.002 -0.000238095 -0.00648148 -0.000233463 0.000213675 -0.000384615 0.00136842 -0.00185841 -0.00365854 -0.000574713 0.00576923 0.00015873 0.00404255 -0.00508197 0.0045614 -0.00132075 0.00456522 -0.000666667 0.001 -0.00155556 -0.0026 0.0047619 0.0087931 -0.007
internal_weight=1367 816 551 151 665 572 515 384 307 77 201 255 93 209 131 49 120 350 324 304 174 111 147 41 63 95 84 86 60 42 54 257 234 208 95 113 82 87 52 63 47 61 57 53 46 60 40 45 50 42 58 40
internal_count=1367 816 551 151 665 572 515 384 307 77 201 255 93 209 131 49 120 350 324 304 174 111 147 41 63 95 84 86 60 42 54 257 234 208 95 113 82 87 52 63 47 61 57 53 46 60 40 45 50 42 58 40
is_linear=0
shrinkage=0.01


Tree=2
num_leaves=52
num_cat=0
split_feature=69 72 84 0 76 40 23 91 91 3 23 78 95 94 78 78 35 100 20 26 64 7 77 27 26 22 5 1 97 69 94 8 4 88 26 40 80 27 5 99 0 84 97 89 97 99 89 98 0 64 13
split_gain=22.6359 13.6126 12.7896 16.2252 14.3388 7.45271 10.8395 9.16805 7.32233 6.66667 6.53198 6.48511 7.1809 10.1769 9.06959 7.38345 6.70154 6.44522 8.22421 6.41721 6.31327 10.6416 7.77432 10.7227 7.47689 6.42854 6.06687 12.1269 6.26411 5.93765 5.5989 5.23708 4.68687 4.6502 4.91674 5.28352 5.94816 11.2133 4.52507 6.05453 3.91587 3.60738 3.49249 3.05678 4.97331 2.88095 2.6389 2.60357 2.129 2.28736 1.6
threshold=26809.900000000005 1463.7500000000002 423.20393749999999 28030.750000000004 40905.312500000007 69.750000000000014 99.750000000000014 31143.458843750006 26431.179231250004 10791.750000000002 78.750000000000014 405.26730208333339 1.0000000180025095e-35 546697.86693625024 916.67075000000011 1100.347840277778 26.275000000000002 0.37152777777777785 901.15000000000009 137.25000000000003 1499.9500000000003 1014.6900000000002 3833.7936685459413 33.750000000000007 26.250000000000004 92.750000000000014 4964.5400000000009 13328.600000000002 0.13541666666666671 35318.650000000009 668242.1912046877 413.11269230769238 12861.465000000002 4422.4595833333342 48.750000000000007 62.250000000000007 33894.89548611112 76.250000000000014 4466.4400000000014 0.072916666666666671 34296.55000000001 829.0909062500001 0.23958333333333334 876.93474375000017 0.73958333333333337 0.23958333333333334 824.42368124999996 0.32986111111111116 33727.55000000001 1251.0205000000003 3804.2000000000003
decision_type=2 2 2 2 2 2 2 2 2 2 2 2 2 2 2 2 2 2 2 2 2 2 2 2 2 2 2 2 2 2 2 2 2 2 2 2 2 2 2 2 2 2 2 2 2 2 2 2 2 2 2
left_child=26 2 5 9 10 32 8 -8 -7 -4 33 -12 14 -14 17 -16 -15 41 -19 20 21 25 43 46 -25 30 38 28 -28 -10 48 -17 -2 -5 -35 -36 45 -38 39 -1 -20 -13 -29 -22 -45 -37 -24 -32 49 -3 -18
right_child=1 19 3 4 -6 6 7 -9 29 -11 11 12 13 16 15 31 50 18 40 -21 22 -23 23 24 -26 -27 27 42 -30 -31 47 -33 -34 34 35 36 37 -39 -40 -41 -42 -43 -44 44 -46 -47 -48 -49 -50 -51 -52
leaf_value=0 -0.02920275734445453 -5.311521404876709 -1.598625428673953 -7.8508251562714576e-05 -0.080451940250396717 0.083053391029357923 -0.0038934413831830028 0.029412360609531403 -0.03039099938964844 -1.5839330577375592 0.69926719305384155 0.0054111098289489745 5.2412289268798826 -1.4601347109967844 -1.0021059442157745 0.054704773925781255 0.033694682060241697 0.0034093499412536621 -7.9688251152634632e-05 6.909049987792969e-05 -2.3656448017073872 0.053436376190066338 -1.5880253174057006 0.1354696481590271 0 0 0.14146670193767549 2.0541976313476562 -1.9105189083656668 -0.020885028881072999 -4.8527398559570321 -2.1015235541667936 -0.0023936729991734032 3.4824235536708832 -0.10251240016174316 5.4887458441467292 -0.040386952469825745 0.16247131772266329 4.7076345652048586 0.72573338407897947 -0.2551892537353635 4.6598080455780027 5.7637370345280416 0 -8.6000000000000003e-05 2.0329361282730103 0 -0.040645501296997066 -0.23696462516784672 -1.6030288512878417 4.9885421830482484
leaf_weight=27 36 39 30 20 39 24 30 29 34 30 22 24 39 25 26 37 20 29 26 21 20 24 22 38 29 25 20 23 23 28 21 20 22 37 21 21 20 30 24 20 21 22 22 26 31 21 37 24 26 22 20
leaf_count=27 36 39 30 20 39 24 30 29 34 30 22 24 39 25 26 37 20 29 26 21 20 24 22 38 29 25 20 23 23 28 21 20 22 37 21 21 20 30 24 20 21 22 22 26 31 21 37 24 26 22 20
internal_value=-8.77835e-05 -0.000554636 0.000199253 0.000933333 0.00148148 -0.00197044 -0.000758621 0.00254237 -0.00302326 -0.004 0.00193613 0.00111782 0.000744337 0.00288462 -0.000341463 -0.00289157 0.000461538 0.00139344 -0.000394737 -0.00204938 -0.00234375 -0.00370166 -0.001133 0.000396825 0.00313433 -0.00464968 0.00345912 0.00170455 -0.00209302 -0.00483871 -0.0055303 -0.000877193 -0.005 0.00352941 0.00413333 0.00309735 0.00413043 0.0018 0.0056338 0.00382979 -0.00297872 0.00434783 0.00533333 -0.00363636 -0.00245614 0.00690476 -0.00271186 -0.00266667 -0.00701149 -0.00803279 0.003
internal_weight=1367 1208 803 600 540 203 145 59 86 60 501 331 309 104 205 83 65 122 76 405 384 181 203 126 67 157 159 88 43 62 132 57 58 170 150 113 92 50 71 47 47 46 45 77 57 42 59 45 87 61 40
internal_count=1367 1208 803 600 540 203 145 59 86 60 501 331 309 104 205 83 65 122 76 405 384 181 203 126 67 157 159 88 43 62 132 57 58 170 150 113 92 50 71 47 47 46 45 77 57 42 59 45 87 61 40
is_linear=0
shrinkage=0.01


end of trees

feature_importances:
load_total_mw=9
margin_temp_interaction=8
load_lag_336=7
cloud_cover_hanoi=5
direct_radiation_hanoi=5
temperature_danang=5
load_ramp_lag48=5
hydro_total_discharge_m3s=4
disp_hydro_midday_mw=4
disp_solar_midday_mw=4
load_rolling_std_24h=4
smp_rolling_mean_72h=4
spike_prob_72h=4
load_north_mw=3
load_south_mw=3
hydro_spill_discharge_m3s=3
disp_total_evening_mw=3
disp_wind_midday_mw=3
shortwave_radiation_hanoi=3
cloud_cover_danang=3
diffuse_radiation_hcmc=3
sin_dow=3
smp_north_lag_336=3
load_rolling_mean_72h=3
residual_load_proxy=3
is_spike=3
spike_prob_24h=3
hydro_inflow_m3s=2
hydro_water_level_m=2
disp_hydro_evening_mw=2
disp_wind_evening_mw=2
humidity_hanoi=2
diffuse_radiation_hanoi=2
direct_radiation_hcmc=2
smp_lag_50=2
smp_lag_336=2
smp_north_lag_48=2
smp_yesterday_mean=2
solar_gen_proxy=2
thermal_margin_proxy=2
zero_prob_24h=2
disp_total_midday_mw=1
wind_speed_hanoi=1
humidity_danang=1
direct_radiation_danang=1
temperature_hcmc=1
wind_speed_hcmc=1
sin_month=1
smp_lag_48=1
smp_lag_96=1
smp_south_lag_48=1
smp_south_lag_336=1
smp_rolling_mean_24h=1
smp_rolling_std_24h=1
load_rolling_mean_24h=1
load_rolling_std_72h=1
hydro_discharge_rolling_24h=1
hydro_depletion_index=1
zero_prob_72h=1

parameters:
[boosting: gbdt]
[objective: regression_l1]
[metric: l1]
[tree_learner: serial]
[device_type: cpu]
[data_sample_strategy: bagging]
[data: ]
[valid: ]
[num_iterations: 3000]
[learning_rate: 0.01]
[num_leaves: 127]
[num_threads: -1]
[seed: 42]
[deterministic: 0]
[force_col_wise: 0]
[force_row_wise: 0]
[histogram_pool_size: -1]
[max_depth: -1]
[min_data_in_leaf: 20]
[min_sum_hessian_in_leaf: 0.001]
[bagging_fraction: 0.8]
[pos_bagging_fraction: 1]
[neg_bagging_fraction: 1]
[bagging_freq: 5]
[bagging_seed: 400]
[bagging_by_query: 0]
[feature_fraction: 0.5]
[feature_fraction_bynode: 1]
[feature_fraction_seed: 30056]
[extra_trees: 0]
[extra_seed: 12879]
[early_stopping_round: 0]
[early_stopping_min_delta: 0]
[first_metric_only: 0]
[max_delta_step: 0]
[lambda_l1: 0]
[lambda_l2: 0]
[linear_lambda: 0]
[min_gain_to_split: 0]
[drop_rate: 0.1]
[max_drop: 50]
[skip_drop: 0.5]
[xgboost_dart_mode: 0]
[uniform_drop: 0]
[drop_seed: 17869]
[top_rate: 0.2]
[other_rate: 0.1]
[min_data_per_group: 100]
[max_cat_threshold: 32]
[cat_l2: 10]
[cat_smooth: 10]
[max_cat_to_onehot: 4]
[top_k: 20]
[monotone_constraints: ]
[monotone_constraints_method: basic]
[monotone_penalty: 0]
[feature_contri: ]
[forcedsplits_filename: ]
[refit_decay_rate: 0.9]
[cegb_tradeoff: 1]
[cegb_penalty_split: 0]
[cegb_penalty_feature_lazy: ]
[cegb_penalty_feature_coupled: ]
[path_smooth: 0]
[interaction_constraints: ]
[verbosity: -1]
[saved_feature_importance_type: 0]
[use_quantized_grad: 0]
[num_grad_quant_bins: 4]
[quant_train_renew_leaf: 0]
[stochastic_rounding: 1]
[linear_tree: 0]
[max_bin: 255]
[max_bin_by_feature: ]
[min_data_in_bin: 3]
[bin_construct_sample_cnt: 200000]
[data_random_seed: 175]
[is_enable_sparse: 1]
[enable_bundle: 1]
[use_missing: 1]
[zero_as_missing: 0]
[feature_pre_filter: 1]
[pre_partition: 0]
[two_round: 0]
[header: 0]
[label_column: ]
[weight_column: ]
[group_column: ]
[ignore_column: ]
[categorical_feature: ]
[forcedbins_filename: ]
[precise_float_parser: 0]
[parser_config_file: ]
[objective_seed: 16083]
[num_class: 1]
[is_unbalance: 0]
[scale_pos_weight: 1]
[sigmoid: 1]
[boost_from_average: 1]
[reg_sqrt: 0]
[alpha: 0.9]
[fair_c: 1]
[poisson_max_delta_step: 0.7]
[tweedie_variance_power: 1.5]
[lambdarank_truncation_level: 30]
[lambdarank_norm: 1]
[label_gain: ]
[lambdarank_position_bias_regularization: 0]
[eval_at: ]
[multi_error_top_k: 1]
[auc_mu_weights: ]
[num_machines: 1]
[local_listen_port: 12400]
[time_out: 120]
[machine_list_filename: ]
[machines: ]
[gpu_platform_id: -1]
[gpu_device_id: -1]
[gpu_use_dp: 0]
[num_gpu: 1]

end of parameters

pandas_categorical:null
