tree
version=v4
num_class=1
num_tree_per_iteration=1
label_index=0
max_feature_idx=100
objective=regression_l1
feature_names=load_total_mw load_north_mw load_central_mw load_south_mw hydro_inflow_m3s hydro_total_discharge_m3s hydro_plant_discharge_m3s hydro_spill_discharge_m3s hydro_water_level_m disp_total_installed_mw disp_total_midday_mw disp_total_evening_mw disp_hydro_installed_mw disp_hydro_midday_mw disp_hydro_evening_mw disp_solar_installed_mw disp_solar_midday_mw disp_solar_evening_mw disp_wind_installed_mw disp_wind_midday_mw disp_wind_evening_mw temperature_hanoi humidity_hanoi cloud_cover_hanoi wind_speed_hanoi shortwave_radiation_hanoi direct_radiation_hanoi diffuse_radiation_hanoi temperature_danang humidity_danang cloud_cover_danang wind_speed_danang shortwave_radiation_danang direct_radiation_danang diffuse_radiation_danang temperature_hcmc humidity_hcmc cloud_cover_hcmc wind_speed_hcmc shortwave_radiation_hcmc direct_radiation_hcmc diffuse_radiation_hcmc coal_proxy_price brent_price gas_proxy_price usd_vnd dxy_index is_weekend is_workday is_holiday is_tet is_pre_holiday is_post_holiday season sin_hour cos_hour sin_dow cos_dow sin_month cos_month smp_lag_48 load_lag_48 smp_lag_49 load_lag_49 smp_lag_50 load_lag_50 smp_lag_96 load_lag_96 smp_lag_336 load_lag_336 smp_north_lag_48 smp_south_lag_48 smp_north_lag_336 smp_south_lag_336 smp_rolling_mean_24h smp_rolling_std_24h load_rolling_mean_24h load_rolling_std_24h smp_rolling_mean_72h smp_rolling_std_72h load_rolling_mean_72h load_rolling_std_72h price_spread_ns_lag48 load_ramp_lag48 smp_yesterday_mean smp_yesterday_max smp_yesterday_min smp_yesterday_zero_ratio hydro_discharge_rolling_24h solar_gen_proxy wind_gen_proxy residual_load_proxy thermal_margin_proxy hydro_depletion_index margin_temp_interaction is_spike is_zero spike_prob_24h spike_prob_72h zero_prob_24h zero_prob_72h
feature_infos=[16738.400000000001:43669.699999999997] [8141:23529.633000000002] [1030.2:4920.1390000000001] [6568.3000000000002:17620.469000000001] [-24696.790000000001:52718.32] [261.23000000000002:27182.77] [243.56999999999999:14362.75] [11.359999999999999:15398] [386.1925:23252.132105263157] none [14491.4:47673.900000000001] [19152.799999999999:47033.400000000001] none [-3952.3000000000002:18862.5] [6035.6999999999998:23435.200000000001] none [0:8134.5] [0:344.30000000000001] none [0:4273.1999999999998] [0:4263.3999999999996] [7.5:32.299999999999997] [31:99] [0:100] [0.55000000000000004:30.25] [3.5:282] [0:208.5] [3.5:150.5] [16.050000000000001:33.25] [52:99.5] [0:100] [0.80000000000000004:50] [7:306.5] [0:234] [7:146] [20.600000000000001:31.300000000000001] [56:98] [0:100] [0.5:24] [16:265] [0:198] [16:133.5] [63.700000762939453:438.35000610351562] [55.099998474121087:127.98000335693359] [1.5750000476837158:9.6800003051757795] [22394.345703125:26405] [89.639999389648438:114.11000061035156] [0:1] [0:1] [0:1] [0:1] [0:1] [0:1] [1:4] none none [-0.97492791218182362:0.97492791218182362] [-0.90096886790241903:1] [-1:1] [-1:1] [0:1778.5999999999999] [16738.400000000001:43669.699999999997] [0:1778.5999999999999] [16515.5:40602.099999999999] [0:1778.5999999999999] [15251.9:39424.300000000003] [0:1778.5999999999999] [16738.400000000001:43669.699999999997] [0:1778.5999999999999] [16738.400000000001:43669.699999999997] [0:1778.5999999999999] [0:1778.5999999999999] [0:1778.5999999999999] [0:1778.5999999999999] [0:1778.5999999999999] [0:869.78656539635756] [15840.402083333332:48300.345833333326] [1494.0634266859377:7412.3475695858406] [0.069944444444444434:1778.5999999999999] [0:822.68470809772941] [15990.384722222221:45267.230555555558] [2009.5728777065494:7328.5193476692311] [-1602.3:1778.5999999999999] [-2000.7000000000007:5250.3000000000029] [0:1778.5999999999999] [0:1778.5999999999999] [0:1778.5999999999999] [0:1] [919.52208333333328:41870.738333333335] [112.0236:1855.3908750000001] [124.17300000000002:5960.3040000000001] [13767.265887500002:40395.97834999999] [13155.821650000013:39784.534112499998] [386.1925:23252.132105263157] [371342.92174875003:1122197.6812312501] [0:1] [0:1] [0:1] [0:1] [0:1] [0:1]
tree_sizes=4263 4713 4397 4814 4476 4449 4708 4212 4521 4640 4475 4430 4553 4543 4725 4367 4624

Tree=0
num_leaves=53
num_cat=0
split_feature=20 16 92 28 73 40 78 35 26 62 16 19 73 64 14 43 93 68 16 98 46 89 30 26 66 38 14 19 7 89 71 73 28 28 20 11 24 62 72 11 94 94 93 98 14 43 58 69 30 30 20 4
split_gain=40.1566 29.4461 19.7073 18.26 16.3895 13.0064 9.2485 8.72839 8.72191 8.51306 7.89167 11.7203 7.79926 7.74648 8.05121 7.41427 9.00052 7.02347 9.16808 6.70783 6.37663 6.26882 6.2679 6.71425 5.7865 5.43695 5.0578 4.83951 5.34815 4.6148 4.25007 4.16677 3.94938 8.70307 8.00935 5.28899 4.7028 3.86385 3.82255 8.55254 5.42335 3.80817 3.74701 3.49164 2.99221 2.8424 2.68438 2.46447 2.08333 1.32678 2.27273 1.15043
threshold=2201.9000000000005 6361.0000000000009 18327.039087500012 23.375000000000004 1355.7645000000002 108.25000000000001 648.83384027777788 26.875000000000004 126.25000000000001 1284.2405000000001 5846.9500000000007 378.85000000000008 972.45500000000004 1106.5575000000001 16067.450000000003 61.104999542236335 417.37513888888896 1355.7645000000002 5927.2000000000016 0.82638888888888895 101.00500106811525 841.92736875000003 95.250000000000014 5.7500000000000009 1142.7500000000002 4.4250000000000016 19847.900000000005 2546.9500000000003 24.98 820.92294375000006 1.0955000000000001 1233.3210000000001 30.525000000000002 29.375000000000004 493.10000000000008 42352.05000000001 7.5750000000000011 0.75000000000000011 1.0025000000000002 36232.900000000001 664396.41036531271 661046.4262240628 405.66236111111118 0.57291666666666674 13167.850000000002 79.284999847412124 -0.6830127018922193 25096.200000000004 87.750000000000014 94.250000000000014 912.15000000000009 6996.7850000000008
decision_type=2 2 2 2 2 2 2 2 2 2 2 2 2 2 2 2 2 2 2 2 2 2 2 2 2 2 2 2 2 2 2 2 2 2 2 2 2 2 2 2 2 2 2 2 2 2 2 2 2 2 2 2
left_child=1 3 -3 4 15 6 10 29 9 25 11 -5 17 14 51 -1 47 18 -2 31 -10 -18 23 -15 -16 46 -13 28 -14 -4 45 -11 33 34 -9 36 -36 -31 39 -27 -40 -24 -39 -6 -38 -19 -7 -17 -42 50 -44 -8
right_child=12 2 7 5 43 8 13 32 20 19 -12 26 27 22 24 16 21 30 -20 -21 -22 -23 41 -25 -26 38 -28 -29 -30 37 -32 -33 -34 -35 35 -37 44 42 40 -41 48 -43 49 -45 -46 -47 -48 -49 -50 -51 -52 -53
leaf_value=-0.049014999866485595 1.7769649505615235 -5.208315124511719 0.00050000000745058064 1.0065299987792968 0 -2.083000030517578 -3.7564199829101561 0 5.3971051025390624 2.5100000000000002 0.77552001953125005 -8.5359997558593754 -2.9827751159667968 -0.2923550033569336 -1.2304999923706055 0.34613998413085939 -0.52390998840332037 -2.9589999389648436 -0.77302997589111333 0 0 3.6089999389648439 -4.1369999694824218 0 0 3.5496899414062502 0 -2.5772299194335937 0 0.28981500625610351 0 0 3.5779998779296878 -2.6654901123046875 0 6.1470001220703123 0 1.8285000610351563 0.25471000671386718 0 -0.00085000000894069677 0 3.6774499511718752 -5.6467498779296879 1.4310000610351563 -0.01 -2.558730010986328 4.8650000000000002 -5.1810000610351565 7.1193051147460942 1.7549199676513672 -9.6829998779296869
leaf_weight=22 38 28 24 23 29 21 23 28 22 32 26 33 24 26 34 21 21 25 24 26 25 23 32 33 26 20 26 27 30 20 20 22 30 21 26 20 30 20 23 38 24 20 22 23 33 21 20 39 24 30 22 27
leaf_count=22 38 28 24 23 29 21 23 28 22 32 26 33 24 26 34 21 21 25 24 26 25 23 32 33 26 20 26 27 30 20 20 22 30 21 26 20 30 20 23 38 24 20 22 23 33 21 20 39 24 30 22 27
internal_value=-8.04682e-05 0.000647668 0.00305085 -0.000410448 0.00241573 -0.00121406 -0.00258359 0.00374233 0.00030303 -0.00044 -0.000185185 -0.00170732 -0.00411483 -0.00375566 -0.00563636 0.00436508 0.00548077 -0.00257813 -0.00016129 0.00225 0.00425532 0.00204545 -0.00189189 0.000338983 -0.00316667 -0.00170588 -0.0040678 -0.00654321 -0.00481481 0.00565217 -0.00484848 0.00425926 0.00234043 0.00170886 0.00262774 0.00385321 0.00280899 0.00649123 -0.000697674 0.0012069 -0.00225352 -0.00442308 0.00734043 -0.00230769 0.00428571 -0.00652174 -0.00487805 0.008 -0.00416667 0.00837838 0.00727273 -0.0086
internal_weight=1367 1158 354 804 178 626 329 326 297 250 108 82 209 221 110 126 104 128 62 80 47 44 111 59 60 170 59 81 54 138 66 54 188 158 137 109 89 114 129 58 71 52 94 52 63 46 41 60 48 74 44 50
internal_count=1367 1158 354 804 178 626 329 326 297 250 108 82 209 221 110 126 104 128 62 80 47 44 111 59 60 170 59 81 54 138 66 54 188 158 137 109 89 114 129 58 71 52 94 52 63 46 41 60 48 74 44 50
is_linear=0
shrinkage=0.01


Tree=1
num_leaves=56
num_cat=0
split_feature=20 16 28 10 41 72 90 40 66 78 5 64 97 8 82 94 58 41 90 40 78 64 58 19 24 97 16 77 78 5 90 39 30 29 39 77 72 13 83 16 23 72 23 66 32 82 24 97 22 8 77 1 0 4 4
split_gain=31.7196 14.9358 15.2957 11.2685 9.60435 9.53216 8.90904 9.25318 9.19212 12.7518 8.86097 9.94933 9.025 8.85454 8.55324 9.32621 8.3302 7.78737 7.23011 6.73101 8.18837 7.28072 6.67741 6.61988 6.14673 5.54018 6.55585 5.36678 5.18876 7.36885 10.2232 6.44756 6.18203 5.02543 9.29413 4.9929 7.3589 7.84 4.93832 4.92308 4.75888 6.71312 4.6131 4.46073 4.03146 3.89571 3.55511 3.54472 3.025 2.62811 2.27665 2.23184 2.025 1.06531 0.792412
threshold=2178.4000000000005 6361.0000000000009 23.075000000000006 39739.80000000001 100.25000000000001 1589.5590000000002 788.49855000000025 128.25000000000003 1047.5920000000003 430.98357638888893 4651.9700000000012 1503.4500000000003 0.55208333333333337 405.59694444444455 -0.058500000000000045 792981.66627406271 -0.93301270189221919 57.250000000000007 1595.6230500000004 36.250000000000007 1152.5031041666668 1433.3090000000002 -0.6830127018922193 1370.2500000000002 9.3250000000000011 0.031250000000000007 5687.2000000000007 4048.4909427132111 1468.2252187500001 2883.6250000000005 1161.0175500000003 226.25000000000003 60.750000000000007 84.250000000000014 141.25000000000003 3626.2104548434572 1.0025000000000002 5024.9000000000005 1785.4499999999991 4874.2000000000007 60.750000000000007 1299.8000000000002 94.750000000000014 645.71500000000003 45.000000000000007 6.4560000000000182 7.7250000000000005 0.67708333333333337 85.750000000000014 418.7917034139403 3845.6240264388284 15079.748000000001 35203.80000000001 2530.7750000000005 3270.6200000000003
decision_type=2 2 2 2 2 2 2 2 2 2 2 2 2 2 2 2 2 2 2 2 2 2 2 2 2 2 2 2 2 2 2 2 2 2 2 2 2 2 2 2 2 2 2 2 2 2 2 2 2 2 2 2 2 2 2
left_child=1 2 5 16 24 13 42 8 9 25 23 38 -13 39 46 35 -3 -10 47 -20 -21 -22 -18 -2 27 26 -8 -5 29 32 -31 54 -24 43 -35 48 -37 -38 -12 -1 -15 -42 -4 51 -7 49 -9 -19 -16 -25 -44 -11 -40 -47 -32
right_child=10 3 6 4 -6 44 7 14 17 33 11 12 -14 40 15 -17 22 18 19 20 21 -23 28 45 -26 -27 -28 -29 -30 30 31 -33 -34 34 -36 36 37 -39 52 -41 41 -43 50 -45 -46 53 -48 -49 -50 -51 -52 -53 -54 -55 -56
leaf_value=1.3622451207756996 -0.0049500000000000004 15.02691778869629 0 2.9274904453277588 -0.030889998912811283 -4.9335325012207036 -0.76423553892225027 2.0526392628174275 -0.73924455966949465 -5.074687496376038 -0.0099000000000000008 3.6697303504943846 -0.53706385040283211 6.084180293273926 0 3.3314457874756305 -0.0028981500625610353 0.037564199829101565 -4.9149599563598638 1.8446800445556641 -3.1168149238586427 0 0.80911275024414064 -2.1878577667236327 0.47696998291015624 0.080359997558593757 0.0061223999023437489 -1.5833350280761718 0 1.2656165420532228 3.495450678253174 0.026654901123046876 -0.0014490750312805176 0.012304999923706055 -1.1986949848175048 -0.017999999523162842 0 2.3519999694824221 -3.4811248281478879 -0.003461399841308594 5.2994597412109377 0.04789999988861382 -2.9088792671203612 -5.6234202453613289 0.0044550003051757802 -2.6773261146545413 0.026585000342130662 0 -2.5422735347747802 -0.040205000305175778 -1.0264126693725586 -1.3320752685546875 -0.017769649505615236 -6.0359997558593754 2.7398426217650997
leaf_weight=26 20 22 22 20 20 21 26 30 22 20 23 20 20 26 20 20 33 39 20 20 22 31 20 23 31 20 20 21 38 36 37 23 22 20 39 29 20 25 20 26 21 20 20 31 22 20 32 23 20 20 21 27 20 29 28
leaf_count=26 20 22 22 20 20 21 26 30 22 20 23 20 20 26 20 20 33 39 20 20 22 31 20 23 31 20 20 21 38 36 37 23 22 20 39 29 20 25 20 26 21 20 20 31 22 20 32 23 20 20 21 27 20 29 28
internal_value=-0.000241405 0.000416667 -0.000337079 0.00213675 -0.000869565 0.00240741 -0.00103286 -0.000642361 -0.00155263 -0.00300493 -0.00376744 -0.00165049 0.00225 0.00386555 0.00112245 -0.000298507 0.00320463 0.000112994 0.000903226 -0.000860215 0.000547945 -0.00150943 0.00265823 -0.00571429 0.000833333 0.000606061 -0.00130435 -0.00170732 0.00333333 0.00409639 0.00532258 0.00715909 0.00047619 -0.00474453 -0.00254237 -0.00140351 0.000135135 0.00266667 -0.00412698 0.000769231 0.00626866 0.00414634 -0.00460317 -0.00641026 -0.00162791 -0.00684783 0.00419355 0.00354839 -0.00425 -0.00465116 -0.00658537 -0.00446809 -0.00625 -0.00877551 0.00876923
internal_weight=1367 1152 801 351 92 162 639 576 380 203 215 103 40 119 196 134 259 177 155 93 73 53 237 112 72 66 46 41 204 166 124 88 42 137 59 114 74 45 63 52 67 41 63 78 43 92 62 62 40 43 41 47 40 49 65
internal_count=1367 1152 801 351 92 162 639 576 380 203 215 103 40 119 196 134 259 177 155 93 73 53 237 112 72 66 46 41 204 166 124 88 42 137 59 114 74 45 63 52 67 41 63 78 43 92 62 62 40 43 41 47 40 49 65
is_linear=0
shrinkage=0.01


Tree=2
num_leaves=52
num_cat=0
split_feature=19 93 69 0 98 78 64 0 76 97 100 66 40 5 73 64 45 84 99 88 4 72 4 84 22 8 91 4 13 99 76 4 98 4 8 0 0 66 80 22 5 89 78 3 27 94 84 58 19 69 19
split_gain=23.0487 15.3307 11.6279 15.3202 14.0392 12.6069 16.5487 10.0803 11.8743 10.0517 9.20859 9.18376 12.4682 8.61214 10.1524 10.0706 9.32055 8.30268 8.90185 10.0376 7.78814 7.61621 7.60242 7.44078 8.00952 7.26119 7.20939 7.08105 7.17386 6.90305 6.45939 6.28812 5.94836 5.85281 5.82165 5.64725 7.7914 6.03821 5.34545 5.10223 4.80061 4.60393 4.71694 3.61874 4.32273 3.59865 3.57237 3.14256 2.61905 1.90476 1.67828
threshold=2283.9000000000005 392.9500000000001 32834.000000000007 32014.850000000002 0.34375000000000006 819.59330208333347 1001.3865000000002 33775.600000000006 31183.166666666668 0.32291666666666669 0.24652777777777782 1098.5530000000001 164.25000000000003 3136.0250000000005 1233.3210000000001 1486.5455000000002 23014.500000000004 173.66243750000004 0.48958333333333343 5912.0716666666667 17082.880000000001 1503.4000000000003 9538.470000000003 455.86353125000005 89.750000000000014 399.35972222222227 26546.632556250006 6321.2200000000012 3733.6500000000005 0.23958333333333334 32703.648958333335 3105.8350000000005 0.33680555555555564 11072.195000000002 416.47193812233292 33944.250000000007 33254.80000000001 1569.4500000000003 33562.340972222235 88.250000000000014 4141.4800000000005 1409.0468437500001 999.95628472222234 15108.450000000003 89.250000000000014 655029.53958750016 1498.3144270833334 -0.6830127018922193 936.30000000000007 30889.600000000002 617.50000000000011
decision_type=2 2 2 2 2 2 2 2 2 2 2 2 2 2 2 2 2 2 2 2 2 2 2 2 2 2 2 2 2 2 2 2 2 2 2 2 2 2 2 2 2 2 2 2 2 2 2 2 2 2 2
left_child=1 -1 3 5 33 17 25 9 -9 21 38 12 20 45 16 -16 50 -3 19 -19 23 26 -21 24 34 -7 -4 28 -18 32 -11 -17 -13 49 -10 36 37 -6 -2 -12 -32 42 -27 -25 -45 -8 -33 -20 -49 -5 -15
right_child=10 2 7 4 35 6 13 8 11 30 39 29 -14 14 15 31 27 18 47 22 -22 -23 -24 43 -26 41 -28 -29 -30 -31 40 46 -34 -35 -36 -37 -38 -39 -40 -41 -42 -43 -44 44 -46 -47 -48 48 -50 -51 -52
leaf_value=-2.3237065335082563 -0.66022674993610397 -0.060841802932739261 0.76188807853695018 6.9465434339294436 1.112473637889404 -4.4071217026977543 -1.26299053976734 3.0083631987495423 0.086322860483169561 -0.0002665490112304688 -1.6919022906074526 2.5535692129974366 7.1917338653535845 3.9486242969665528 -0.70751753822898866 1.106618219039917 0 1.9734752787704468 4.1513431946199031 -0.033305957874666899 1.3757099423961641 -9.1790492861774755 0.028290000915527344 -8.8973200000047683 -0.029912301530838015 -0.017669935079395772 -3.0396839536056519 -0.017670649505615234 2.6196038773653707 -0.015523250411987306 0 -0.0043743041534423811 0 2.1650588950042726 -0.00053507449340820315 0.071538148918509487 -0.027182296124267397 0 -4.0630092183532716 0.47840123843765259 0.034830000305175787 7.2453751564025882e-06 -6.0433108785400398 -0.021919999885559083 -1.2846823528289795 0 0.0060000002384185793 3.8454873512628174 0.038901461524963377 3.1712923845615388 2.7735523549071899
leaf_weight=34 22 21 20 21 27 23 25 22 22 20 38 23 20 21 35 21 34 20 34 30 30 34 25 20 28 20 39 25 36 21 25 29 35 21 20 27 20 30 33 26 30 30 27 27 34 22 23 22 20 35 20
leaf_count=34 22 21 20 21 27 23 25 22 22 20 38 23 20 21 35 21 34 20 34 30 30 34 25 20 28 20 39 25 36 21 25 29 35 21 20 27 20 30 33 26 30 30 27 27 34 22 23 22 20 35 20
internal_value=-0.00024872 0.000152244 0.000337727 0.00111559 0.00364641 0.000301954 -0.000690537 -0.000893617 0.000198675 -0.00285714 -0.00445378 -0.000357143 -0.00149254 0.000515464 0.00127049 -0.00101852 0.00308824 0.00255814 0.00337748 0.000933333 -0.00232044 -0.00505376 -0.00127273 -0.00324503 -0.000857143 -0.0042 -0.00288136 0.00136842 0.003 0.00253165 -0.000133333 0.00109589 0.00431034 0.00688312 0.00190476 0.00125 -0.00012987 0.00175439 -0.00745455 -0.001875 0.00163636 -0.00272727 -0.00468085 -0.00530864 -0.00409836 -0.00340426 -0.000769231 0.00578947 0.00761905 0.00857143 0.00707317
internal_weight=1367 1248 1214 744 181 563 391 470 302 168 119 280 201 291 244 108 136 172 151 75 181 93 55 151 70 100 59 95 70 79 75 73 58 77 42 104 77 57 55 64 55 77 47 81 61 47 52 76 42 56 41
internal_count=1367 1248 1214 744 181 563 391 470 302 168 119 280 201 291 244 108 136 172 151 75 181 93 55 151 70 100 59 95 70 79 75 73 58 77 42 104 77 57 55 64 55 77 47 81 61 47 52 76 42 56 41
is_linear=0
shrinkage=0.01


Tree=3
num_leaves=56
num_cat=0
split_feature=20 34 2 24 21 62 66 79 31 37 20 86 62 17 35 79 62 24 32 16 75 2 21 2 81 16 13 68 61 36 75 75 75 93 16 75 32 31 36 36 61 81 80 17 80 41 19 23 24 38 81 81 24 6 66
split_gain=26.2608 16.8169 14.1323 12.9671 10.6754 10.5749 11.8789 10.1478 10.1109 9.70851 9.17675 9.37697 9.07433 8.76796 8.01818 8.01608 10.5548 7.78946 8.43997 7.73624 7.75341 9.63333 7.52791 7.2938 8.62826 7.605 7.23049 7.21796 7.00212 8.36934 6.72249 10.9591 6.56818 5.85938 5.70473 5.5254 5.51656 4.97813 7.89369 4.9 4.84848 4.33687 4.32 4.225 4.13356 4.08445 4.08333 4.05867 3.52849 3.48577 3.48444 3.10787 1.9968 1.74292 1.06531
threshold=2178.4000000000005 73.750000000000014 2640.7000000000003 6.6250000000000009 27.475000000000005 913.36300000000017 1447.9335000000003 410.77407752775144 10.425000000000002 96.250000000000014 764.00000000000011 971.39800000000014 1486.1455000000003 257.40000000000003 28.225000000000005 276.75585217212557 1509.5000000000002 14.325000000000001 109.25000000000001 7268.4500000000007 633.35547922626768 2959.8500000000008 25.725000000000005 2372.3000000000006 4367.7446766027979 5676.9000000000005 10159.500000000002 1499.9500000000003 36629.850000000013 89.250000000000014 312.39868287639808 541.57035818025577 186.40294983700332 417.44671052631583 5687.2000000000007 705.14700754923058 258.75000000000006 7.9250000000000016 87.250000000000014 84.250000000000014 31702.150000000005 4084.5342861184213 32981.634375000001 23.900000000000002 34338.759027777785 71.750000000000014 1107.6000000000001 99.250000000000014 7.7750000000000012 6.6750000000000016 4361.7794561303635 4141.9038185696018 9.7250000000000014 6040.2500000000009 1368.6500000000003
decision_type=2 2 2 2 2 2 2 2 2 2 2 2 2 2 2 2 2 2 2 2 2 2 2 2 2 2 2 2 2 2 2 2 2 2 2 2 2 2 2 2 2 2 2 2 2 2 2 2 2 2 2 2 2 2 2
left_child=1 3 12 23 5 37 7 -7 13 52 -8 33 34 19 40 -2 17 18 48 20 22 -22 44 -1 25 43 -15 -18 30 -30 36 47 -14 -12 41 -23 -24 -5 -39 -35 -10 53 -27 -25 -4 -36 -26 -32 -17 -47 -46 -9 -6 -3 -50
right_child=15 2 8 4 9 6 10 51 14 -11 11 -13 32 26 -16 16 27 -19 -20 -21 21 35 28 24 46 42 -28 -29 29 -31 31 -33 -34 39 45 -37 -38 38 -40 -41 -42 -43 -44 -45 50 49 -48 -49 54 -51 -52 -53 -54 -55 -56
leaf_value=2.5904980684545342 -2.0447838115906238 -3.8550901195038758 -0.00034830000305175786 -0.029008988844213688 0.23557806324348093 -0.0034267858428955081 0.041369999694824217 4.7357734442795563 0.040443697319266801 -0.0096167984259328248 -1.1756054105926261 0.045356766585845955 -3.0000001192092897e-05 2.1018663468685439 -0.00017415000152587893 -1.0973109700927735 1.585114989638102 0.023092863661939553 -0.00067293010448455704 0.47241948307991033 -0.0027139360578155515 5.4952704830140782 2.6654901123046882e-06 0.56725923673463829 3.7101968160018921 3.1494841781723006 -0.00072394200134277365 -1.1050270634790327 -0.00026119826629638672 -5.343100532849073 0.037188557830810549 -0.054401925390703897 1.1118507428961328 0.59561986798627187 -0.085741519859237669 0.0080771236991882319 -0.012656165420532229 -0.060233384903411874 -4.0718734407074146 -3.1403502723263479 1.7129845992975221 -0.041013197338686025 0.2254347313439953 -2.0836150332503829 -8.2257900651860147 -2.8451519052255247 2.8110938490407467 2.6652448812799645 -7.1277424136085132 0.057968072398651226 -0.0164330809250623 2.5811210176985457 7.9032452125240162 -7.5244387541832474 -4.3496282957659913
leaf_weight=32 28 24 32 37 23 27 35 29 20 28 24 21 22 22 20 33 24 24 28 27 27 24 21 20 24 30 21 29 27 25 23 28 22 20 20 21 25 21 22 20 24 22 20 20 20 21 24 22 29 20 25 22 21 27 20
leaf_count=32 28 24 32 37 23 27 35 29 20 28 24 21 22 22 20 33 24 24 28 27 27 24 21 20 24 30 21 29 27 25 23 28 22 20 20 21 25 21 22 20 24 22 20 20 20 21 24 22 29 20 25 22 21 27 20
internal_value=-0.00037308 0.000225694 -0.000870253 0.00155769 0.000457143 -0.000431655 0.000808081 0.00384615 6.60793e-05 0.00388889 -0.00116667 -0.00294118 -0.00325843 -0.000538462 0.00375 -0.0035814 -0.00283422 -0.00432836 -0.00545455 -0.00106628 -0.0015 0.00138889 -0.00233871 0.00382353 0.00282609 0.001 0.00372093 0.000943396 -0.00116959 -0.00423077 0.000168067 0.00205479 0.000681818 -0.00484375 -0.00455224 0.00422222 -0.00282609 -0.0035 -0.00581395 -0.0025 0.00613636 -0.00643836 0.0036 -0.00225 -0.00493506 -0.00229508 0.00625 0.00511111 -0.00707317 -0.000487805 -0.00688889 0.00647059 0.00681818 -0.00803922 -0.00877551
internal_weight=1367 1152 632 520 350 278 198 78 454 72 120 85 178 390 64 215 187 134 110 347 320 72 248 170 138 90 43 53 171 52 119 73 44 64 134 45 46 80 43 40 44 73 50 40 77 61 48 45 82 41 45 51 44 51 49
internal_count=1367 1152 632 520 350 278 198 78 454 72 120 85 178 390 64 215 187 134 110 347 320 72 248 170 138 90 43 53 171 52 119 73 44 64 134 45 46 80 43 40 44 73 50 40 77 61 48 45 82 41 45 51 44 51 49
is_linear=0
shrinkage=0.01


Tree=4
num_leaves=52
num_cat=0
split_feature=78 6 93 73 17 80 36 17 22 24 64 22 84 78 38 11 93 7 33 91 64 6 76 24 38 73 6 87 84 7 76 64 8 44 6 44 38 83 61 11 35 84 7 66 36 81 42 81 43 26 4
split_gain=13.2635 14.2095 10.1965 11.7802 12.6151 11.4308 12.4448 11.3917 10.0533 9.60762 9.57713 9.25617 9.77168 11.5267 9.8391 9.11338 10.6809 12.1111 9.6719 8.76462 8.50685 8.38276 7.54808 7.48425 9.42103 7.46223 7.29264 6.7594 8.94636 6.7375 6.60161 6.96889 7.11111 6.50354 6.12117 5.7747 5.72567 5.37181 4.98884 4.9389 4.47666 4.45455 4.43785 4.2449 3.9844 3.45052 7.982 2.72967 2.81299 2.5 0.9
threshold=1758.4489791666667 3104.5450000000005 392.85416666666669 1278.9145000000001 278.30000000000001 34367.062847222223 80.250000000000014 16.150000000000002 71.250000000000014 7.7250000000000005 1490.3000000000002 93.250000000000014 197.57662500000006 1354.7968993055558 2.6750000000000007 36799.30000000001 421.28684210526319 237.32500000000002 189.25000000000003 21782.075800000002 995.05500000000018 2255.1300000000006 32032.050000000007 6.2250000000000005 4.5750000000000011 929.24950000000013 6386.0500000000011 0.38541666666666669 494.07029166666672 1873.1950000000002 28912.880208333339 1.1585000000000003 405.44100793650802 3.6755000352859502 5045.8500000000013 3.58899998664856 6.7750000000000012 1911.399999999998 26720.950000000004 41360.450000000004 25.125000000000004 374.52072916666674 30.545000000000005 1348.6445000000001 83.250000000000014 4367.7446766027979 107.47499847412111 4256.7321598823446 76.860000610351577 118.75000000000001 4192.2850000000008
decision_type=2 2 2 2 2 2 2 2 2 2 2 2 2 2 2 2 2 2 2 2 2 2 2 2 2 2 2 2 2 2 2 2 2 2 2 2 2 2 2 2 2 2 2 2 2 2 2 2 2 2 2
left_child=1 9 -3 5 10 8 -7 -8 33 21 26 12 -9 14 -14 18 23 -18 19 -10 30 -1 34 -17 -25 -23 40 45 29 41 -21 32 -32 50 -12 -26 -30 -22 -11 47 -5 -29 -42 -39 -24 46 -16 48 -40 -20 -4
right_child=-2 2 3 4 -6 6 7 11 15 38 22 -13 13 -15 27 16 17 -19 49 20 37 25 44 24 35 -27 -28 28 36 -31 31 -33 -34 -35 -36 -37 -38 43 39 -41 42 -43 -44 -45 -46 -47 -48 -49 -50 -51 -52
leaf_value=0.035148232884566921 3.4830000305175785e-06 -3.7286245475659672 -0.22423784314844356 -1.8934140100552277 0.63202103939969601 3.0178550443136429 -3.7988905450019543 -0.78403819218318804 1.3739799720669286 -0.0072310468137367261 0.036149282240156524 -2.8524999945630118 -5.0670563206441086 -2.8486021039006952 -0.072125949486316995 4.9633748741151242 -0.043572525173740398 2.8470779725243074 0.7583156404999436 -1.7394678633997307 5.2209131121586898 0.028482008655454423 -0.0003448170030212403 -0.051540466467410354 3.1238963044253008 -1.8764526117637417 -0.0029838959017931838 0.013782499105083482 5.8669317315148284 -0.022024229046399117 2.0393153484056943 -0.54025673181179035 -3.8156981104734968 0.034191305029609854 -0.005628849325811959 5.5323426164247405 -6.9263179514765403 1.4660343288935851 -0.81427588138848228 -0.018930020307860857 -1.0849800263599587 7.0163877780885882 -0.013177965791816314 -0.0092769798302618275 -1.3510088463697225 1.6201409496240524 1.3314737631095241 -7.0288362171615226 -0.016238140452790255 3.2936707027671948 -7.5597791360575437
leaf_weight=30 34 29 20 23 22 28 22 36 24 23 36 30 23 27 22 36 32 29 20 29 32 23 27 20 39 24 32 22 21 20 20 30 25 27 35 28 20 23 22 35 33 22 20 30 20 32 27 23 20 20 20
leaf_count=30 34 29 20 23 22 28 22 36 24 23 36 30 23 27 22 36 32 29 20 29 32 23 27 20 39 24 32 22 21 20 20 30 25 27 35 28 20 23 22 35 33 22 20 30 20 32 27 23 20 20 20
internal_value=-0.000285296 -0.000442611 -8.82613e-06 0.000144928 -0.00177419 0.000700935 -0.000681818 -0.00123457 0.00166667 -0.0029 -0.00247788 -0.000728477 -0.000147059 0.00059322 0.00138756 0.00221968 0.00391304 0.000491803 0.000988142 0.000140845 -0.000582011 -0.00012987 -0.000508475 0.00560976 0.00402299 -0.00276596 -0.00462963 0.00215054 0.00047619 0.0028125 -0.0025 -0.000933333 0.00155556 -0.0019403 0.0015493 0.0058209 -0.00317073 0.00176471 -0.00463415 -0.0056 -0.00631579 0.005 -0.00471698 -0.000188679 -0.00361702 0.00432099 0.00265306 -0.00723077 -0.00571429 0.0055 -0.0045
internal_weight=1367 1333 1133 1104 248 856 352 324 504 200 226 302 272 236 209 437 184 61 253 213 189 77 118 123 87 47 108 186 105 64 104 75 45 67 71 67 41 85 123 100 76 44 53 53 47 81 49 65 42 40 40
internal_count=1367 1333 1133 1104 248 856 352 324 504 200 226 302 272 236 209 437 184 61 253 213 189 77 118 123 87 47 108 186 105 64 104 75 45 67 71 67 41 85 123 100 76 44 53 53 47 81 49 65 42 40 40
is_linear=0
shrinkage=0.01


Tree=5
num_leaves=52
num_cat=0
split_feature=62 72 91 16 73 77 31 41 43 39 5 0 80 82 14 27 27 97 21 39 4 5 31 27 25 83 1 32 32 61 80 35 16 3 76 16 77 46 13 88 61 73 39 32 32 36 17 67 36 3 27
split_gain=11.6182 16.5659 18.0671 16.2144 12.2479 11.8923 10.76 13.0994 11.2584 10.0763 9.27815 8.10667 10.6994 7.90965 7.7983 11 6.97137 12.3509 6.97945 10.0626 6.52556 6.37518 6.34528 12.9755 6.25321 6.18725 8.21121 6.10502 7.86864 7.96923 10.8651 9.12771 7.45759 7.9716 10.4322 7.70417 6.12153 6.17037 5.80423 11.1311 5.08093 4.83951 4.24242 3.6 3.56166 3.48589 3.07201 3.04638 2.27273 2.15082 2.01481
threshold=1002.397 937.4285000000001 22734.691081250003 6282.3500000000013 1090.2030000000002 4720.1697654770032 9.6750000000000025 51.250000000000007 72.955001831054702 102.25000000000001 4368.1050000000005 26024.200000000004 28812.585763888892 1054.2400000000002 17079.350000000002 54.750000000000007 21.750000000000004 0.53125000000000011 27.175000000000001 148.75000000000003 3166.3550000000005 3096.6450000000004 7.625 40.250000000000007 49.750000000000007 2663.1500000000001 14576.300000000001 290.75000000000006 278.75000000000006 34296.55000000001 39612.930902777785 26.675000000000004 5836.2500000000009 15156.85 34577.114583333336 5379.2000000000007 4116.7781212913096 102.77999877929689 1964.4000000000003 5386.6441666666678 32095.500000000004 614.87750000000017 210.25000000000003 204.75000000000003 184.75000000000003 79.250000000000014 146.65000000000001 27827.650000000005 79.250000000000014 13757.450000000003 41.250000000000007
decision_type=2 2 2 2 2 2 2 2 2 2 2 2 2 2 2 2 2 2 2 2 2 2 2 2 2 2 2 2 2 2 2 2 2 2 2 2 2 2 2 2 2 2 2 2 2 2 2 2 2 2 2
left_child=1 2 -1 13 16 9 8 -8 -6 -4 45 -11 -13 14 47 -16 38 22 19 -19 21 -10 41 -24 -12 26 -22 28 29 32 31 44 35 34 -34 43 37 -33 -2 -40 -21 50 -32 -14 -31 -9 -5 -3 -23 -49 -18
right_child=4 3 5 46 6 -7 7 10 20 11 24 12 27 -15 15 -17 17 18 -20 40 25 48 23 -25 -26 -27 -28 -29 -30 30 42 36 33 -35 -36 -37 -38 -39 39 -41 -42 -43 -44 -45 -46 -47 -48 49 -50 -51 -52
leaf_value=2.2520226459028798 1.825314023127649 -4.7060992639208452 -1.5750069965437186 -0.018740720104782244 -1.3035490383954444 3.5040115609719242 0.10122767585054046 -0.058991449583700083 6.3395997108316431e-05 -5.2296568992086803 0.0040250982256793289 7.1037784331459148 -4.0332352778749554 0.022582375737570378 0.026709786310484658 -4.1361732026926825 3.832748069529075 1.6232244342387188 2.4853194122818651 0.0038556082014077624 0.02029478439378481 1.3952427306472277 1.3899860363371308 -0.014615404890066604 -0.011326102456821375 0.04139202494961338 -0.037297445833928342 1.5635624116992324 -2.4543727193193421 0.023349446409051504 -1.3100170315446769 5.8513165607606616 3.6700755363558195 -0.21183615400743372 -0.046089368658806452 -5.4455502297277398 -0.060946646953941211 0.0026673697771996334 -3.3375942360208137 2.7834007551533615 -5.1287147614382764 0.43751673780597472 0.0065865911229073659 0.078948721586389242 3.080630313574638 -3.0442793005322346 1.4073182783695388 -1.3440739128374701 0.21177352209759279 -4.3469841359367525 5.4138636813140453
leaf_weight=34 22 31 29 21 34 23 30 20 28 22 24 20 20 20 22 22 20 35 30 20 33 22 31 37 37 23 29 27 26 21 22 20 32 22 36 24 29 34 26 20 29 27 20 20 22 31 20 20 22 41 34
leaf_count=34 22 31 29 21 34 23 30 20 28 22 24 20 20 20 22 22 20 35 30 20 33 22 31 37 37 23 29 27 26 21 22 20 32 22 36 24 29 34 26 20 29 27 20 20 22 31 20 20 22 41 34
internal_value=-4.39883e-05 -0.000942857 1.98807e-05 -0.00340102 0.000903614 -0.000490405 -0.00045045 -0.00253521 0.00109948 -0.000852018 -0.00410714 -0.000455635 -0.000126582 -0.00487179 -0.00573529 -0.00227273 0.00226586 0.0030038 0.000526316 -0.000952381 0.0022293 0.00444444 0.00489933 0.00264706 -0.00147541 0.000352941 -0.00129032 -0.000506667 -0.000862069 -0.000434783 0.00107143 0.00253968 -0.00207792 -0.000222222 0.00147059 -0.0046875 0.00060241 0.00259259 -0.000588235 -0.0026087 -0.00387755 0.00679012 -0.00333333 -0.002 0.00627907 -0.0072549 0.00219512 -0.0073913 0.00681818 -0.00868852 0.00851852
internal_weight=1364 700 503 197 664 469 333 142 191 446 112 417 395 156 136 44 331 263 114 84 157 72 149 68 61 85 62 375 348 322 168 126 154 90 68 64 83 54 68 46 49 81 42 40 43 51 41 92 44 61 54
internal_count=1364 700 503 197 664 469 333 142 191 446 112 417 395 156 136 44 331 263 114 84 157 72 149 68 61 85 62 375 348 322 168 126 154 90 68 64 83 54 68 46 49 81 42 40 43 51 41 92 44 61 54
is_linear=0
shrinkage=0.01


Tree=6
num_leaves=55
num_cat=0
split_feature=20 64 68 78 75 43 100 75 77 13 69 33 78 39 100 34 33 73 43 87 7 13 4 90 76 30 80 20 75 26 16 29 69 16 29 75 4 39 16 21 36 10 30 23 60 7 43 20 69 43 33 16 4 10
split_gain=19.5127 15.24 18.3983 10.76 13.0185 10.6 10.3251 9.92755 8.77765 9.13058 8.71311 8.55724 8.54862 8.24949 8.00476 7.82941 7.73704 7.49978 7.47556 7.29816 8.08535 7.22382 10.1314 7.19149 7.17501 7.08846 7.22672 8.34301 7.47351 16.1925 10.7403 8.29933 7.27389 7.06207 6.66462 6.60046 6.22249 6.15789 6.11707 5.81818 5.72462 5.15789 4.95851 4.9 4.83025 3.60583 3.16681 3.17979 2.54487 2.51137 2.40474 1.71163 0.459574 0.419048
threshold=2947.3500000000008 1000.5000000000001 1380.8500000000001 1358.6346319444447 645.09600143910041 69.604999542236342 0.086805555555555566 90.127653172972188 4506.616714170138 10598.050000000001 32132.250000000004 4.7500000000000009 1513.8570868055558 112.00000000000001 1.0000000180025095e-35 90.750000000000014 1.7500000000000002 1152.6500000000003 78.634998321533217 0.28125000000000006 90.550000000000011 3130.5000000000005 2854.7000000000003 1322.4424500000002 32032.050000000007 13.750000000000002 40316.524305555569 2021.5000000000002 520.9603907296065 50.250000000000007 5647.5500000000002 71.250000000000014 33368.80000000001 6672.9000000000005 85.750000000000014 11.244678296330408 9850.760000000002 213.25000000000003 6128.4000000000005 25.125000000000004 78.250000000000014 30279.500000000004 55.750000000000007 99.750000000000014 1602.2500000000002 49.405000000000008 71.615001678466811 986.00000000000011 32775.100000000006 95.33499908447267 90.250000000000014 6336.0000000000009 5160.4050000000007 33792.350000000006
decision_type=2 2 2 2 2 2 2 2 2 2 2 2 2 2 2 2 2 2 2 2 2 2 2 2 2 2 2 2 2 2 2 2 2 2 2 2 2 2 2 2 2 2 2 2 2 2 2 2 2 2 2 2 2 2
left_child=1 2 6 4 5 40 37 15 16 -10 34 -2 21 -7 -14 35 -8 25 48 -6 -21 22 -9 44 -23 -18 27 28 29 36 50 -32 -33 -34 -4 -5 39 -1 53 -27 -3 -25 -31 -42 -20 51 -44 -48 52 -43 -30 -13 -15 -12
right_child=11 3 10 7 19 13 8 12 9 -11 38 45 14 18 -16 -17 17 -19 23 20 -22 24 -24 41 -26 26 -28 -29 30 42 31 32 33 -35 -36 -37 -38 -39 -40 -41 43 49 46 -45 -46 -47 47 -49 -50 -51 -52 -53 -54 -55
leaf_value=-3.2314725960196258 0.04122408451247072 0.97740334322792677 -1.6998225862187344 0.00011496769458316736 -4.7333329798226993 -0.0047308042568341823 -5.5835937586933033 0.14315127093840208 8.4848358981312462 0.0051254386544099927 -7.3357910025936706 -3.013836507526912 -3.872397177136444 3.5066304697466486 -0.00041709567568164657 -0.004407211985862333 1.403021222457383 1.5479267875822398 -0.049270529936526898 -0.021231919129294747 0.03893122003715422 1.7954787821898712 -2.7206184182971085 0.085394752990748002 -0.012412894571728481 -0.0090417854227214153 -1.4673562631842958 0.038100246770834671 -0.67511205524574647 -0.0032143731819690726 -1.2906277872533845 2.2955750852064702 0.023180391808892201 -0.060904842753796658 0.68326278193295187 0.055507637303344119 0.014549244160831244 0.0099221156075933268 -0.041656650788696591 -2.8599844870371349 0.36862264513328646 3.3595915301030077 5.2133259872667157 -1.022276578515894 1.0694964279725487 -0.60172112109408127 1.6756031538857343 0.092122368793735337 1.9813056484704228 1.4787807858276316 -3.778330616584626 -2.0958005673554352 6.1466202576373234 -9.4552879711975173
leaf_weight=38 20 25 24 33 21 36 20 20 23 25 20 23 28 27 32 20 25 21 24 25 33 27 31 24 23 22 26 21 22 20 20 39 29 20 26 35 32 26 25 22 20 35 20 20 23 20 21 20 25 22 23 20 20 22
leaf_count=38 20 25 24 33 21 36 20 20 23 25 20 23 28 27 32 20 25 21 24 25 33 27 31 24 23 22 26 21 22 20 20 39 29 20 26 35 32 26 25 22 20 35 20 20 23 20 21 20 25 22 23 20 20 22
internal_value=0 0.00030445 -0.000766871 0.00141494 0.00247368 0.00342193 1.86916e-05 -0.000200803 0.000530786 0.00458333 -0.00435897 -0.0046988 -0.00167702 0.00440678 -0.00466667 0.0025 7.0922e-05 0.000372208 0.0052 -0.00113924 0.000689655 9.90099e-05 -0.00254902 0.00375 0.0028 5.2356e-05 -0.000308123 9.06344e-05 -0.000322581 0.00121019 -0.00189542 -0.000185185 0.00113636 -0.00142857 -0.0012 0.00411765 -0.00210526 -0.00375 -0.00671642 -0.00454545 -0.000153846 0.00555556 0.00432099 -0.0025 0.000638298 -0.00650794 0.0057377 0.00414634 0.00777778 0.00719298 -0.006 -0.00813953 0.00914894 -0.00904762
internal_weight=1364 1281 652 629 380 301 535 249 471 48 117 83 161 236 60 88 423 403 200 79 58 101 51 128 50 382 357 331 310 157 153 108 88 49 50 68 76 64 67 44 65 81 81 40 47 63 61 41 72 57 45 43 47 42
internal_count=1364 1281 652 629 380 301 535 249 471 48 117 83 161 236 60 88 423 403 200 79 58 101 51 128 50 382 357 331 310 157 153 108 88 49 50 68 76 64 67 44 65 81 81 40 47 63 61 41 72 57 45 43 47 42
is_linear=0
shrinkage=0.01


Tree=7
num_leaves=49
num_cat=0
split_feature=20 89 28 19 68 8 27 16 41 36 70 38 73 23 70 43 61 78 13 83 19 81 65 70 82 98 5 21 46 92 38 89 71 41 83 19 13 27 43 68 81 61 11 83 41 8 61 19
split_gain=19.9052 11.2865 15.395 11.9362 12.9193 11.8432 13.7892 11.2075 14.6517 12.4913 12.3122 11.596 10.061 9.3525 9.32331 8.38592 8.23498 7.94511 7.38729 6.98739 6.89234 8.43294 8.12715 6.63325 6.4695 9.71376 7.74517 6.32752 6.08009 11.4847 7.71429 7.11111 8.02222 6.72534 6.66667 5.95055 5.57452 4.79225 4.45455 4.39174 4.168 4.00476 3.8784 3.51817 2.31441 2.14323 1.83203 0.48
threshold=2564.6000000000004 638.88459375000014 23.925000000000004 1409.6000000000001 1602.2500000000002 405.31888888888892 20.250000000000004 5836.2500000000009 82.250000000000014 73.750000000000014 0.96250000000000002 3.1750000000000007 975.55000000000007 99.250000000000014 1271.1500000000003 84.825000762939467 27827.650000000005 603.5470034722224 14322.000000000002 1768.3499999999988 919.00000000000011 3780.2647256165128 30170.900000000005 1275.7500000000002 -65.480000000000061 0.059027777777777783 9746.9600000000009 26.625000000000004 104.88499832153322 24460.199037500006 12.125000000000002 1374.0394687500002 560.25000000000011 77.750000000000014 2038.1000000000006 868.70000000000016 8694.4000000000015 90.250000000000014 70.99499893188478 1.0660000000000003 4091.4933500894572 32827.500000000007 34031.850000000006 1154.4499999999973 54.750000000000007 397.66652777777784 33160.700000000004 936.30000000000007
decision_type=2 2 2 2 2 2 2 2 2 2 2 2 2 2 2 2 2 2 2 2 2 2 2 2 2 2 2 2 2 2 2 2 2 2 2 2 2 2 2 2 2 2 2 2 2 2 2 2
left_child=1 13 3 5 23 6 -3 8 16 -9 15 27 19 42 17 38 -4 -12 24 43 21 -18 -22 -5 46 39 28 -11 30 -30 31 34 -33 -34 -27 -16 -23 -20 -10 -26 -7 -14 -1 -2 -42 -19 -13 -47
right_child=12 2 7 4 -6 40 -8 9 10 11 14 18 41 -15 35 -17 20 45 37 -21 22 36 -24 -25 25 26 -28 -29 29 -31 -32 32 33 -35 -36 -37 -38 -39 -40 -41 44 -43 -44 -45 -46 47 -48 -49
leaf_value=-2.080868623741249 -0.011801645959036353 -0.70415502211712433 3.8461486132518918 -0.035280626421184763 -1.7125438552494285 1.6985700503766574 1.2522871128206552 -0.031025897916957389 0.0033669211664192501 -5.0299550759756535 -0.18829937741989725 0.92886938403362762 -2.1179511616644233 -6.5761909425346703 0.0072734953265962974 -3.8329590716923327 -0.45738586404679366 -5.8673689575465495 0.022948587890803278 0.025320293989491531 -0.85566273670216053 0.044696118476720934 0.15474784040668693 3.4705224543999078 1.3466298922683115 0.039121282291418584 -0.029508460272462567 -0.0028796512104199701 13.717632792115442 -0.00028570371767760078 0.021559988456274947 -1.3602848799687441 0.012872297156878541 -0.013904907016583444 -0.000776833844326401 -3.2947231878762366 0.013645162656455306 -1.5534670087616633 0.073122116146659602 1.8297751426898123 3.361291681730862 -3.7362042862208371 0.088370371967831846 -5.6081324110525435 3.0093833879844851 -4.4814860757959059 5.5853876065093235 -9.8712432284630562
leaf_weight=20 22 22 29 22 37 38 34 27 22 21 23 20 21 28 24 24 35 22 29 39 31 29 22 28 36 30 31 37 31 25 25 30 37 23 30 28 21 21 22 33 38 35 29 27 34 30 22 20
leaf_count=20 22 22 29 22 37 38 34 27 22 21 23 20 21 28 24 24 35 22 29 39 31 29 22 28 36 30 31 37 31 25 25 30 37 23 30 28 21 21 22 33 38 35 29 27 34 30 22 20
internal_value=4.39883e-05 0.000459016 0.000708661 0.00288538 -0.000114943 0.00445783 0.000714286 8.98876e-05 -0.00120419 0.00106299 -0.00293023 0.00143451 -0.00347222 -0.00324675 -0.00455782 0.000588235 0.00101796 -0.00642105 0.00200946 -0.00136364 0 0.00176471 -0.00283019 0.0032 0.0024933 0.00202417 0.00114504 -0.00275862 0.00177489 0.00464286 0.000857143 0 -0.00177778 0.000333333 0.00266667 -0.00115385 0.0044 -0.0016 0.00318182 0.00536232 0.00636364 -0.00678571 -0.000612245 -0.00387755 0.00777778 -0.00805556 0.00619048 -0.0092
internal_weight=1364 1220 1143 253 87 166 56 890 382 508 215 481 144 77 147 68 167 95 423 88 138 85 53 50 373 331 262 58 231 56 175 150 90 60 60 52 50 50 44 69 110 56 49 49 72 72 42 50
internal_count=1364 1220 1143 253 87 166 56 890 382 508 215 481 144 77 147 68 167 95 423 88 138 85 53 50 373 331 262 58 231 56 175 150 90 60 60 52 50 50 44 69 110 56 49 49 72 72 42 50
is_linear=0
shrinkage=0.01


Tree=8
num_leaves=53
num_cat=0
split_feature=19 88 62 72 78 92 20 27 29 44 6 79 8 6 22 27 3 2 2 69 32 33 74 88 78 46 79 19 19 0 1 80 21 79 79 25 79 3 69 11 41 21 68 32 11 42 7 5 3 92 17 19
split_gain=15.3332 17.4862 17.365 16.7717 14.099 12.5475 11.4016 11.4011 10.7488 9.72188 11.8339 13.5011 9.20899 10.5 8.71632 11.584 9.25021 10.7653 8.48047 8.38114 8.32136 8.23834 8.20252 8.00476 7.15941 6.75 6.62745 6.62534 13.24 9.53373 7.97357 9.55284 7.65888 7.91896 10.5787 6.66927 6.41996 6.2679 6.15212 6.13548 7.64453 5.68952 5.6455 5.36678 5.22648 5.02648 4.96409 4.63485 4.46187 4.45455 3.42857 2.91429
threshold=1805.4500000000003 4477.5195833333346 1002.397 971.05050000000017 1503.7027569444447 30858.958718750004 500.90000000000003 39.250000000000007 85.750000000000014 3.4479999542236333 11340.040000000003 508.18631832866862 410.64710526315793 3911.4100000000003 94.250000000000014 21.250000000000004 11748.150000000003 2762.4500000000003 2405.2000000000003 32683.200000000004 55.250000000000007 18.250000000000004 1097.345 7661.0160416666668 1119.7528854166669 104.5550003051758 576.66378465933838 686.00000000000011 879.45000000000016 35653.450000000004 15895.950000000003 33975.965625000004 28.925000000000004 675.02219666693452 500.77694915088699 107.25000000000001 544.36671051731616 14855.500000000002 31438.400000000005 34999.80000000001 67.250000000000014 26.975000000000005 1107.2235000000003 187.00000000000003 36480.80000000001 110.95000076293947 45.185000000000009 4236.6250000000009 10519.950000000003 22746.977000000006 137.95000000000002 862.35000000000014
decision_type=2 2 2 2 2 2 2 2 2 2 2 2 2 2 2 2 2 2 2 2 2 2 2 2 2 2 2 2 2 2 2 2 2 2 2 2 2 2 2 2 2 2 2 2 2 2 2 2 2 2 2 2
left_child=2 21 3 5 14 18 47 20 26 10 11 -9 -6 -14 15 24 48 39 41 38 -3 -2 27 -15 -4 -10 -8 29 -29 30 31 35 33 34 50 -20 -36 -38 44 -18 -41 -1 -21 -42 -19 -23 -16 -5 -17 -13 -30 -44
right_child=1 7 4 6 12 -7 8 9 25 -11 -12 49 13 23 46 16 17 19 22 42 -22 45 -24 -25 -26 -27 -28 28 32 -31 -32 -33 -34 -35 36 -37 37 -39 -40 40 43 -43 51 -45 -46 -47 -48 -49 -50 -51 -52 -53
leaf_value=-4.0126315028103017 -3.9305378953331838 -0.00073868761678615006 2.435714690168747 -2.3013526225701959 0.0051427738749839783 2.0915346197769291 -1.2430043035086218 1.7144228063739189 1.6086044380794999 -1.4739981248822391 0.71926043693816133 -0.043803732891109448 -0.034939726941016096 0.00051347785677016266 4.1170968887332684 1.798332680605385 -0.57171770902288788 0.0015576791580274019 -2.4801228190368936 -0.078191217089121939 3.9419505288965975 -2.5621674768800005 2.0511598772148019 -0.016833498608382857 -1.2495225001269281 -0.45999985436815366 -3.5686455661255323 3.9717313207793312 0.26230862082879786 -1.275476691516843 1.785521393549578 -2.4603883085755176 -2.8250237265260556 -3.6059429042067332 0.087486668248153529 1.7598567404464058 1.4205286282108256 -0.009220405210451664 2.6207695439935623 1.2947619252854168 -0.057076312218491541 -0.019106109555331208 2.3830338655549226 0.017369137114547559 2.0015708321216339 0.002522709229410296 0.060869716234822423 -3.4160696668361914 4.124963803432725 -7.2942407432279008 -0.5789107395245694 0.17902209352830944
leaf_weight=27 37 34 20 20 24 33 27 20 24 22 20 22 28 35 34 27 28 20 24 22 25 22 25 21 39 24 24 33 21 30 21 22 22 20 27 29 27 35 34 34 21 20 30 20 21 21 22 38 24 22 21 21
leaf_count=27 37 34 20 20 24 33 27 20 24 22 20 22 28 35 34 27 28 20 24 22 25 22 25 21 39 24 24 33 21 30 21 22 22 20 27 29 27 35 34 34 21 20 30 20 21 21 22 38 24 22 21 21
internal_value=0.000102639 -0.00216327 0.000598749 -0.000572391 0.00192381 0.000434783 -0.0033758 -0.00030303 -0.00131313 -0.00226415 -0.000714286 -0.0028125 -0.0012963 -0.00285714 0.00275779 0.00218837 0.00298013 0.00219124 -4.9505e-05 0.00391892 0.00322034 -0.006 0.00047619 -0.000357143 -0.00186441 0.00208333 -0.0045098 6.0241e-05 0.00116505 -0.00174603 -0.000208333 -0.00173333 5.78035e-05 0.000860927 0.00175573 0.000566038 0.00370787 0.00193548 0.00626667 -0.000291262 0.0012 -0.00404255 0.00150685 -0.00170732 0.00365854 -0.00302326 0.00642857 -0.00689655 0.00686275 -0.00590909 -0.00238095 0.00333333
internal_weight=1364 245 1119 594 525 437 157 165 99 106 84 64 108 84 417 361 302 251 404 148 59 80 357 56 59 48 51 332 206 126 96 75 173 151 131 53 89 62 75 103 75 47 73 41 41 43 56 58 51 44 42 51
internal_count=1364 245 1119 594 525 437 157 165 99 106 84 64 108 84 417 361 302 251 404 148 59 80 357 56 59 48 51 332 206 126 96 75 173 151 131 53 89 62 75 103 75 47 73 41 41 43 56 58 51 44 42 51
is_linear=0
shrinkage=0.01


Tree=9
num_leaves=54
num_cat=0
split_feature=83 73 78 71 89 34 64 16 32 36 69 1 25 83 14 83 82 13 81 25 34 16 80 81 28 13 38 88 34 32 63 89 82 32 38 63 44 73 68 33 3 70 98 44 28 36 92 63 81 88 44 13 5
split_gain=11.4872 13.163 14.6871 13.7905 9.62742 14.945 9.29179 12.8821 8.49634 9.16008 8.22857 14.1206 10.9135 10.6878 10.3804 8.16318 8.05161 7.80722 7.46084 7.32788 9.72254 8.08094 7.27415 7.10145 7.41894 7.09579 6.55824 6.75568 6.31169 6.24455 6.21773 7.62969 5.88711 9.95634 7.0466 6.31598 5.78528 5.68526 5.39775 7.54901 4.6866 8.27069 7.68182 7.03275 6.93845 4.27111 4.15706 3.65801 3.6 2.56098 2.09243 1.11547 0.981818
threshold=1496.450000000001 1427.3000000000002 1513.8570868055558 1234.7290000000003 1423.0497937500002 114.75000000000001 1.0695000000000003 5780.5000000000009 170.25000000000003 77.250000000000014 31877.400000000005 14369.400000000003 166.75000000000003 2267.0500000000015 19911.250000000004 2447.4999999999986 -58.982999999999997 2566.4000000000005 4129.5162443718127 25.250000000000004 96.250000000000014 6277.4000000000005 30121.210763888888 4533.0526873877252 23.125000000000004 3525.6000000000008 5.1250000000000009 4991.0889583333337 63.250000000000007 50.750000000000007 25901.300000000007 1013.46350625 -1.0499999999999543 259.75000000000006 4.5750000000000011 33526.450000000004 2.9974999427795415 967.15300000000013 1326.6000000000001 108.25000000000001 10357.550000000001 998.8660000000001 0.53125000000000011 3.6605000495910649 25.325000000000006 85.250000000000014 25552.734650000009 35099.350000000006 4091.4933500894572 9106.3041666666668 5.3404998779296884 12083.750000000002 5598.4100000000008
decision_type=2 2 2 2 2 2 2 2 2 2 2 2 2 2 2 2 2 2 2 2 2 2 2 2 2 2 2 2 2 2 2 2 2 2 2 2 2 2 2 2 2 2 2 2 2 2 2 2 2 2 2 2 2
left_child=6 2 3 4 5 10 7 -1 9 -3 11 22 14 -13 15 26 -14 -10 -9 21 40 48 30 24 -5 -19 -12 -28 -26 -11 -2 -32 33 -6 36 38 -34 -30 39 -36 -21 43 52 -42 -44 -4 49 -37 -8 -41 -31 -18 -43
right_child=1 8 45 23 32 -7 19 18 17 29 12 13 16 -15 -16 -17 51 25 -20 20 -22 -23 -24 -25 28 -27 27 -29 37 50 31 -33 34 -35 35 47 -38 -39 -40 46 41 42 44 -45 -46 -47 -48 -49 -50 -51 -52 -53 -54
leaf_value=-1.0956506977564648 -4.3312336622527008 -0.007396911893324463 -0.62718431510338768 3.0241685665907836 3.5558326141779233 0.20836240615499102 -0.13609350934501838 0.82688890996835118 -0.0019401854714592582 -3.3028304713638703 -2.9646019833859492 5.6008214396109457 -0.033491836600297316 -0.012401448279820669 0.88721204162000133 -5.0863303161286169 -3.498953678428065 0.0047024778399899067 -0.045771686022203752 1.6588449002871992 -0.018850076449013955 0.92851536336007656 -1.9232845474014091 3.0444707680460841 -1.0653797610647033 -0.0015491037360676108 -0.043553689858199657 0.25700490288487771 0.76978054518789307 -1.5529770442695878 -0.10945588784337265 1.6686852640908318 -3.2700893155531641 -0.033992795734655239 -0.0038335863927862679 -0.086524135996493765 0.14458529843558418 -0.019441760888493101 -1.2865018925397049 5.9117666004449578 0.95869212613211074 4.3121234860958433 -0.0087786423361688303 -0.11583996598327524 0.025330185414743647 -2.7194931650798 0.20014996779206043 0.026528972074413366 -2.0335871077101051 5.1677937408082313 -0.056505549096306631 -8.3282225467724889 4.5473562348209535
leaf_weight=37 28 35 20 38 30 23 20 25 22 22 23 33 23 23 25 22 27 21 36 21 27 22 35 23 21 38 27 23 34 38 29 21 26 27 31 20 20 22 22 21 21 24 21 20 23 25 20 22 20 20 23 24 20
leaf_count=37 28 35 20 38 30 23 20 25 22 22 23 33 23 23 25 22 27 21 36 21 27 22 35 23 21 38 27 23 34 38 29 21 26 27 31 20 20 22 22 21 21 24 21 20 23 25 20 22 20 20 23 24 20
internal_value=-2.93255e-05 -0.000555015 0 0.000319285 -0.000294574 -0.00129534 0.0015727 -0.00102041 -0.00286432 -0.00457627 -0.00179063 -0.000177515 -0.00319588 0.00392857 -0.00133333 -0.00284211 -0.00621622 -0.00037037 0.00180328 0.00263598 0.00367232 -0.000322581 -0.00221239 0.00318841 0.00217391 0.00152542 -0.00123288 0.0008 0.00038961 -0.00638554 -0.000512821 0.0016 0.00119691 0.00403509 0.00039604 0.00141026 -0.00304348 0.00214286 0.00263158 0.00369565 0.00466667 0.00395349 0.00568182 0.000243902 0.00272727 -0.00555556 0.0057377 -0.00190476 -0.003 0.00756098 -0.00803279 -0.00843137 0.00863636
internal_weight=1364 1027 828 783 645 386 337 98 199 118 363 169 194 56 120 95 74 81 61 239 177 62 113 138 115 59 73 50 77 83 78 50 259 57 202 156 46 56 114 92 150 129 88 41 44 45 61 42 40 41 61 51 44
internal_count=1364 1027 828 783 645 386 337 98 199 118 363 169 194 56 120 95 74 81 61 239 177 62 113 138 115 59 73 50 77 83 78 50 259 57 202 156 46 56 114 92 150 129 88 41 44 45 61 42 40 41 61 51 44
is_linear=0
shrinkage=0.01


Tree=10
num_leaves=52
num_cat=0
split_feature=20 23 29 26 46 3 93 24 24 31 94 36 23 20 68 91 3 40 74 31 31 20 37 88 42 94 24 77 23 43 68 71 92 88 36 40 73 39 46 93 73 46 67 7 67 37 77 30 3 56 31
split_gain=18.3464 11.5959 12.3029 10.3108 11.3544 12.519 9.60752 9.53731 8.98767 11.9778 8.85211 7.68 7.60913 7.72795 10.2083 8.64939 8.85717 10.339 7.88015 7.25975 8.57451 9.89306 10.8911 18.2593 8.15196 8.46169 6.4987 7.48541 6.23077 6.00119 10.5256 8.1 6.00076 5.33651 9.64624 5.32008 6.39205 5.08312 5.10681 6.114 4.80821 4.69866 4.60952 4.55087 4.74797 4.54703 3.64804 3.59864 2.96609 1.85058 1.63902
threshold=2882.9000000000005 53.250000000000007 92.250000000000014 99.250000000000014 98.200000762939467 14632.700000000003 394.00597222222228 12.875000000000002 13.725000000000001 17.525000000000002 550253.44074093772 89.250000000000014 64.750000000000014 440.90000000000003 895.92400000000009 26028.996375000002 15256.812000000002 66.250000000000014 208.89001041666668 16.450000000000003 3.2250000000000005 573.80000000000007 82.750000000000014 7932.3750000000018 119.01499938964845 626318.88887250016 8.2250000000000014 3674.1724491305868 86.750000000000014 79.764999389648452 1386.2 956.25900000000013 22690.091587500003 4170.1847916666675 86.250000000000014 42.750000000000007 1277.5695000000003 233.25000000000003 98.915000915527358 414.2852631578948 927.41050000000007 104.15500259399415 30160.250000000004 410.10500000000008 28287.950000000004 57.250000000000007 4241.2202333604637 89.250000000000014 15901.815000000001 1.0000000180025095e-35 6.4750000000000005
decision_type=2 2 2 2 2 2 2 2 2 2 2 2 2 2 2 2 2 2 2 2 2 2 2 2 2 2 2 2 2 2 2 2 2 2 2 2 2 2 2 2 2 2 2 2 2 2 2 2 2 2 2
left_child=1 19 3 6 28 11 -3 45 12 33 40 -6 -8 14 -14 43 18 -18 -17 20 -1 50 46 24 -24 -26 27 -20 -5 31 -31 -29 -28 -10 -35 -34 41 38 -19 -40 -2 -37 -16 44 -15 -4 49 -47 -41 -23 -22
right_child=10 2 7 4 5 -7 8 -9 9 -11 -12 -13 13 15 42 16 17 37 26 -21 21 22 23 -25 25 -27 32 29 -30 30 -32 -33 35 34 -36 36 -38 -39 39 48 -42 -43 -44 -45 -46 47 -48 -49 -50 -51 -52
leaf_value=-0.0066441052453602772 -1.9130783393877842 -3.5610383802122154 2.3128623116354685 0.15919151434570442 0.0037716073171915722 -0.040042865683138057 -0.46444371802433426 -0.02532956557019168 -0.018359041739063921 -4.5134855067877542 0.0036433202709617342 4.9695099914844194 0.018089729994270151 0.0076246951459264488 -0.24003388125289743 -7.213395468077838 0.10968020984698119 0.060546849562493711 -0.97075074503629422 -0.74578755536565211 3.7193147310552077 2.869334842429669 3.3350124422863519 -0.2607611343329666 3.8541769060652786 -0.02206388863506005 -1.1502073836088007 -4.5666333899839655 4.4818998576562254 2.6366474257321331 -1.5334920257123139 0.90265029129509888 -3.2031118021810152 2.1822350202652561 0.017442534518816492 0.46847456908563784 -0.60017787842206305 0.90305161158499159 -0.036640567121966491 0.0037005926776798505 -3.7045410365219569 -0.014144837394400714 -1.0972073570231653 -0.0081795926384307365 2.0458500435703741 2.4104148061841806 0.040119980539004729 -0.00037145866891964306 -0.022773551746099577 2.0827601223328811 1.3762588673107048
leaf_weight=34 28 38 37 26 30 39 27 22 20 20 32 20 32 23 20 24 31 22 31 27 21 25 22 28 21 22 32 20 26 34 22 20 24 33 37 21 20 32 31 21 30 23 28 22 25 28 20 21 20 23 20
leaf_count=34 28 38 37 26 30 39 27 22 20 20 32 20 32 23 20 24 31 22 31 27 21 25 22 28 21 22 32 20 26 34 22 20 24 33 37 21 20 32 31 21 30 23 28 22 25 28 20 21 20 23 20
internal_value=0.000140221 0.000450593 -3.99202e-05 -0.000425056 0.00205674 -0.00011236 -0.000889774 0.00314815 -0.000629371 0.002 -0.00422222 0.0032 -0.00110744 -0.000865052 -0.00375 -0.000401606 -0.000934579 0.000955414 -0.00202952 0.00231939 0.00288136 0.00366337 0.00254658 0.000322581 0.00323077 0.000697674 -0.00149798 7.87402e-05 0.00576923 0.00145833 0.00357143 -0.0015 -0.00316667 0.00355556 0.00485714 -0.00181818 -0.0003125 -0.00031746 -0.00148936 -0.00277778 -0.00655172 0.00181818 -0.00666667 0.00285714 0.00458333 0.00465116 0.00558824 0.00265306 -0.000243902 0.00708333 0.00804878
internal_weight=1355 1265 1002 894 141 89 753 108 715 110 90 50 605 578 80 498 428 157 271 263 236 202 161 93 65 43 247 127 52 96 56 40 120 90 70 88 64 126 94 72 58 44 48 70 48 86 68 49 41 48 41
internal_count=1355 1265 1002 894 141 89 753 108 715 110 90 50 605 578 80 498 428 157 271 263 236 202 161 93 65 43 247 127 52 96 56 40 120 90 70 88 64 126 94 72 58 44 48 70 48 86 68 49 41 48 41
is_linear=0
shrinkage=0.01


Tree=11
num_leaves=51
num_cat=0
split_feature=20 28 26 8 24 88 77 88 28 73 26 71 43 77 21 87 93 28 77 33 5 72 26 30 45 10 61 25 46 67 77 46 56 34 73 100 5 45 67 17 91 46 34 83 20 100 83 83 8 1
split_gain=16.6935 13.1781 11.6899 13.9689 11.6181 9.46786 9.4269 8.95222 8.99383 8.75144 8.94856 11.4334 8.31143 8.60827 8.00497 13.158 7.94779 8.87658 8.79874 8.32688 10.7088 9.09632 7.62472 9.85877 9.34882 8.84212 8.43939 10.8366 7.65329 7.44048 7.28242 7.07362 6.89041 7.32032 6.26566 6.18253 10.0085 6.16204 5.76441 7.97354 5.47594 5.10422 4.78107 5.42919 4.26682 9.78307 3.92264 3.6 2.08432 0.485541
threshold=2178.4000000000005 23.075000000000006 65.250000000000014 394.00597222222228 13.175000000000002 4400.4758333333339 4736.7009444782479 3960.0693749999996 22.175000000000001 1292.9950000000001 30.250000000000004 930.52200000000005 79.895000457763686 4651.5934787748156 16.125000000000004 0.052083333333333336 414.2852631578948 28.525000000000002 3454.7649371574526 17.250000000000004 3977.3700000000003 0.93550000000000011 81.250000000000014 86.250000000000014 25971.500000000004 31494.200000000004 32680.400000000005 210.75000000000003 104.70499801635744 27519.650000000005 4170.1411525310523 101.9650001525879 -1.0000000180025095e-35 70.750000000000014 846.00400000000013 0.51041666666666674 5629.1150000000007 23044.500000000004 32588.950000000001 141.60000000000005 28154.758175000006 99.064998626708999 94.750000000000014 2278.7000000000012 1207.5500000000002 0.31597222222222227 2283.9500000000012 1939.950000000001 417.37513888888896 14843.150000000001
decision_type=2 2 2 2 2 2 2 2 2 2 2 2 2 2 2 2 2 2 2 2 2 2 2 2 2 2 2 2 2 2 2 2 2 2 2 2 2 2 2 2 2 2 2 2 2 2 2 2 2 2
left_child=1 4 3 -3 7 14 16 48 9 10 11 -9 13 30 49 -16 17 19 -18 -5 37 -22 44 26 25 -25 27 -24 35 -23 -7 -19 33 -20 -31 36 -28 -21 -35 -40 -34 -36 43 -27 45 -4 -42 -14 -1 -2
right_child=5 2 22 6 -6 12 -8 8 -10 -11 -12 -13 47 -15 15 -17 18 31 32 20 21 29 23 24 -26 42 28 -29 -30 34 -32 -33 40 38 41 -37 -38 -39 39 -41 46 -43 -44 -45 -46 -47 -48 -49 -50 -51
leaf_value=2.0163221891330787 -1.9301752204993727 -5.1984164016817607 0.33775392663874854 -2.4873790219950145 -2.2414493930764845 -0.028209814839233766 0.67124953682957678 -0.53731685339445467 3.2714465267859332 -0.95326959136905787 5.8535130688747383 2.5664126520018682 2.1316286430423235 0.23493092923543368 -2.5363059191896768 0.061431536411702535 -0.024137257029295534 -3.4637935470176751 -0.37875441328821224 -0.00010610913221614234 -1.533758026659878 -0.026707026456769936 0.0061400663299327612 0.017268109173628327 4.3476245029324545 0.017855814604806758 -0.026178246257521517 2.8845129215650043 5.0909684560684871 1.6673333317070467 -2.4881281748967248 -0.014179182592086033 0.0007438123254173729 0.083875448435692071 0.1332271860054533 -1.6182229521073908 2.6061597158974288 -0.10706695939833089 -0.15789440002489907 0.012468597088773153 3.0484355559927216 -0.00076898750838348315 -0.33113562046172379 -1.2699503732595501 1.0243766824756841 -0.055724904125390995 0.031309531501778912 -0.0027806117407047728 1.4142923843609436 -4.4136630012608142
leaf_weight=27 20 28 36 30 27 26 23 24 29 20 24 31 20 20 22 30 39 27 20 22 20 28 30 29 27 27 27 35 22 27 30 31 36 21 20 20 20 32 22 25 35 37 33 35 20 27 31 20 20 23
leaf_count=27 20 28 36 30 27 26 23 24 29 20 24 31 20 20 22 30 39 27 20 22 20 28 30 29 27 27 27 35 22 27 30 31 36 21 20 20 20 32 22 25 35 37 33 35 20 27 31 20 20 23
internal_value=-2.21402e-05 0.000454545 -4.24628e-05 -0.000974729 0.00277228 -0.00260664 -0.000608365 0.00371429 0.00234375 0.000909091 0.00240506 0.000181818 -0.000689655 -0.00263158 -0.00494737 -0.00230769 -0.000894632 -0.0020438 0.000480349 -0.00111111 -0.000322581 0.00121212 0.00128866 0.000557377 -0.00125828 -0.00241935 0.00233766 0.00507692 0.000337079 0.00232143 -0.00464286 -0.00551724 0.00136842 -0.000681818 0.00380952 -0.00134328 0.000638298 -0.00407407 0.000882353 -0.00106383 0.00313725 0.00192982 -0.00389474 -0.00225806 0.0039759 0.00269841 0.00484848 0.003 0.00744681 -0.00813953
internal_weight=1355 1144 942 554 202 211 526 175 128 99 79 55 116 76 95 52 503 274 229 216 186 132 388 305 151 124 154 65 89 112 56 58 190 88 84 67 47 54 68 47 102 57 95 62 83 63 66 40 47 43
internal_count=1355 1144 942 554 202 211 526 175 128 99 79 55 116 76 95 52 503 274 229 216 186 132 388 305 151 124 154 65 89 112 56 58 190 88 84 67 47 54 68 47 102 57 95 62 83 63 66 40 47 43
is_linear=0
shrinkage=0.01


Tree=12
num_leaves=53
num_cat=0
split_feature=16 72 88 19 35 4 44 36 16 44 87 23 62 19 3 11 1 10 17 13 44 75 88 13 10 6 100 8 7 32 32 10 44 35 100 4 100 43 32 13 23 96 75 16 61 19 3 40 7 62 7 100
split_gain=11.7546 12.7669 16.1675 11.5794 14.0794 11.9581 11.911 10.1742 9.4801 12.0318 9.41102 9.14841 8.78178 8.56831 11.8193 9.81341 8.06557 9.55427 7.97987 9.742 8.74672 7.84075 7.49505 7.04833 6.70635 6.69848 6.65654 7.90316 7.00962 7.03918 9.69719 10.7481 9.68516 9.62689 6.22222 5.90838 9.03218 5.39245 6.5964 5.36678 5.31858 5.12 4.88394 4.39211 4.81837 4.27111 4.24242 3.95356 3.3 3.11688 3.11606 2.21987
threshold=6361.0000000000009 1189.1305000000002 5943.7254166666671 1745.0500000000004 26.975000000000005 13103.040000000001 3.4479999542236333 74.250000000000014 6031.2000000000016 2.4305000305175786 0.031250000000000007 53.250000000000007 1295.0000000000002 785.80000000000007 14862.350000000002 35907.30000000001 18112.550000000003 31582.700000000004 143.00000000000003 9379.8000000000011 3.5394999980926518 460.72793809003559 4536.041666666667 2769.1500000000001 34040.650000000009 3242.9000000000005 0.64236111111111127 414.55342105263168 4538.1500000000005 209.25000000000003 263.50000000000006 32344.000000000004 3.3194999694824223 26.025000000000002 1.0000000180025095e-35 3461.3750000000005 0.14236111111111113 75.049999237060561 90.750000000000014 6380.2500000000009 91.250000000000014 1.0000000180025095e-35 580.01088903324387 6199.6000000000013 32352.100000000002 773.55000000000007 15668.300000000001 129.25000000000003 1602.7350000000004 967.08850000000018 31.225000000000005 0.41319444444444448
decision_type=2 2 2 2 2 2 2 2 2 2 2 2 2 2 2 2 2 2 2 2 2 2 2 2 2 2 2 2 2 2 2 2 2 2 2 2 2 2 2 2 2 2 2 2 2 2 2 2 2 2 2 2
left_child=1 2 11 4 16 6 7 -6 9 -3 -5 -1 18 15 23 -14 17 -2 19 20 40 34 25 -15 -12 -13 28 48 29 33 31 39 -32 37 -9 -25 -37 -4 -39 -31 -11 -33 50 -10 -45 -8 -36 51 -28 -22 -19 -35
right_child=3 8 26 10 5 -7 45 21 43 12 24 22 13 14 -16 -17 -18 42 -20 -21 49 -23 -24 35 -26 -27 27 -29 -30 30 32 41 -34 47 46 36 -38 38 -40 -41 -42 -43 -44 44 -46 -47 -48 -49 -50 -51 -52 -53
leaf_value=4.600044541539285 0.31504730573283779 0.020704179815758176 -0.0802711680015155 -1.8540524361565123 -0.04971693966696087 -2.7105835177225823 0.022374671672858192 0.0055394074304246713 -0.94721330422879635 0.23103007625783367 1.5858732762198307 -0.7919102203451166 -0.0098889673194728772 0.057321496825989283 -2.7005506077320831 1.440121623269865 -0.47858740349842643 2.6935702863116044 -2.7676268509817641 0.072524955658287787 -6.8221425275178094 3.680807784696086 3.6645360879063968 -1.9730176194391442 -0.01746311499875252 1.0413133316232543 3.6912260429140908 -0.016912741966481976 0.050163222404353905 2.1848662043711231 0.10730837599015931 2.2469827665379394 -1.8204263790772586 -8.9718994686300064 -0.02893012030065505 -0.061617861626558204 0.053657010540826111 -0.40475586924556861 0.050935471517311849 -0.99709964295996034 -1.2718607038263705 0.044055141667301394 4.3034898476274419 0.00013295889299184567 -0.067483775892969569 2.635137227445846 0.0031651777661029024 -0.053791297350340647 0.022966917299238429 -1.1681356064488242 4.8447853275543924 -4.5669714285173004
leaf_weight=21 34 38 27 26 20 20 25 21 38 22 20 23 36 20 23 25 21 34 31 22 20 29 35 21 36 20 24 29 24 20 31 25 32 21 22 37 21 21 22 21 29 25 34 23 21 20 20 21 20 22 40 22
leaf_count=21 34 38 27 26 20 20 25 21 38 22 20 23 36 20 23 25 21 34 31 22 20 29 35 21 36 20 24 29 24 20 31 25 32 21 22 37 21 21 22 21 29 25 34 23 21 20 20 21 20 22 40 22
internal_value=3.69004e-05 -0.000589496 0.00053719 0.0014218 0.00223529 0.000282486 0.00121019 -0.000535714 -0.00180401 -0.00111717 -0.00195122 0.00414141 -0.00173252 -0.000273224 -0.00180328 0.00278689 0.00435583 0.00521127 -0.00356164 -0.00234783 -0.00376344 0.000869565 0.0025641 -0.00030303 0.000357143 -0.000232558 -0.00038961 0.00232877 -0.00102564 -0.00145833 0 0.00208791 -0.00301587 -0.00313433 -0.00111111 -0.00164557 0 -0.000571429 0.00162791 -0.00170732 -0.000980392 0.0052 0.00666667 -0.00487805 -0.00272727 0.00555556 -0.00333333 -0.0059375 0.005 -0.00714286 0.00810811 -0.00767442
internal_weight=1355 933 484 422 340 177 157 112 449 367 82 99 329 183 122 61 163 142 146 115 93 92 78 99 56 43 385 73 312 288 154 91 63 134 63 79 58 70 43 41 51 50 108 82 44 45 42 64 44 42 74 43
internal_count=1355 933 484 422 340 177 157 112 449 367 82 99 329 183 122 61 163 142 146 115 93 92 78 99 56 43 385 73 312 288 154 91 63 134 63 79 58 70 43 41 51 50 108 82 44 45 42 64 44 42 74 43
is_linear=0
shrinkage=0.01


Tree=13
num_leaves=53
num_cat=0
split_feature=23 19 8 5 38 16 91 24 23 25 38 81 91 63 27 46 40 73 24 42 73 77 24 24 69 81 73 44 19 16 88 5 19 73 23 61 63 38 13 42 7 77 27 17 19 73 8 46 88 11 64 77
split_gain=8.49815 11.0448 10.4779 9.39137 10.566 11.8668 9.69664 8.64 8.28256 8.16434 10.3622 7.91726 7.89842 7.7616 7.60797 7.25731 7.15977 7.0747 6.96585 9.62713 10.4199 8.28947 7.29167 7.15344 8.71111 6.45939 7.95273 6.4 6.17872 5.92593 5.88277 11.1848 5.82544 5.75331 5.72075 7.56902 6.13978 5.66132 7.69231 5.33597 5.25974 5.23206 4.80279 6.26951 4.83278 4.66667 4.2964 3.60738 3.55584 3.42857 1.66737 1
threshold=55.750000000000007 936.30000000000007 392.85416666666669 3963.6250000000005 3.225000000000001 6595.9500000000007 22734.691081250003 6.5250000000000012 76.250000000000014 221.00000000000003 9.2250000000000014 4858.1786395930149 34411.242431250008 30962.200000000001 76.250000000000014 104.57500076293947 135.25000000000003 1144.9860000000001 9.9750000000000014 120.47499847412111 1199.9500000000003 4366.6675180950278 7.2250000000000005 12.575000000000001 31324.400000000005 4242.1054912683094 1120.5670000000002 4.2405002117156991 532.60000000000002 5489.0000000000009 4314.9381250000015 5848.2850000000008 726.50000000000011 1049.9825000000003 91.750000000000014 28667.450000000004 29684.200000000004 7.4250000000000016 2051.3000000000006 112.70000076293947 749.0100000000001 4087.1066806711269 48.750000000000007 71.250000000000014 356.05000000000001 657.50650000000007 412.76717948717959 104.6800003051758 10425.750833333335 36436.200000000004 1465.8170000000002 3925.6168156904209
decision_type=2 2 2 2 2 2 2 2 2 2 2 2 2 2 2 2 2 2 2 2 2 2 2 2 2 2 2 2 2 2 2 2 2 2 2 2 2 2 2 2 2 2 2 2 2 2 2 2 2 2 2 2
left_child=1 17 -2 11 7 6 45 -5 14 10 18 16 15 -9 -8 32 34 42 19 21 40 22 -10 29 27 26 48 -25 -19 -20 -3 47 -7 -18 -4 46 50 38 -38 -39 -21 -33 -1 44 -44 -6 -36 -32 -12 -22 -37 -34
right_child=2 30 3 4 5 12 8 13 9 -11 25 -13 -14 -15 -16 -17 33 28 23 20 49 -23 -24 24 -26 -27 -28 -29 -30 -31 31 41 51 -35 35 36 37 39 -40 -41 -42 -43 43 -45 -46 -47 -48 -49 -50 -51 -52 -53
leaf_value=3.1702719935548012 -5.0351838454009377 -0.89881216299935585 0.068124962818200005 0.030082571030761916 2.0608775193788 0.021143632862272773 -0.012613700695929644 -0.434937390459609 -1.1682081811423157 2.6508905804345892 -5.66935072045227 -2.3142970183243579 -1.0700745257914708 -4.9008712481515273 -3.3788294344791598 0.070451958937891884 -0.023398715062332966 -0.031614645149298945 -0.0017907585608225507 3.7579676733190128 0.06233009596946347 3.9903943139877298 0.028420378722111363 -5.1077225254618952 0.10923895318266638 0.015374617347498355 0.024299585712813626 0.10667193807641727 0.0055307729976526547 -0.15151959713471494 0.022385591788042298 0.0013155659713834566 2.7517813436831 -0.022061167945211325 -0.00093341763237536179 -0.34749450388006781 -3.882685205874516 1.6514276449109224 0.0068191087909346276 -0.016734222239142702 1.54227520471961 -1.250009370428262 2.0750558290484991 3.6530527078122765 -0.097685309060525638 1.0423316806805982 0.52994614706882504 8.7339175498067014 -4.1180752912811007 -0.50133635802174581 -0.62611704590088191 2.5375980524245207
leaf_weight=27 25 34 31 34 21 28 35 32 32 27 35 23 22 26 23 27 37 20 24 35 21 20 24 20 32 33 20 20 27 30 24 33 20 23 21 21 26 24 26 22 20 24 20 29 26 21 20 22 20 21 22 25
leaf_count=27 25 34 31 34 21 28 35 32 32 27 35 23 22 26 23 27 37 20 24 35 21 20 24 20 32 33 20 20 27 30 24 33 20 23 21 21 26 24 26 22 20 24 20 29 26 21 20 22 20 21 22 25
internal_value=7.38007e-06 0.00153846 -0.000402245 -0.000249042 0.000347594 0.000792683 0.000149813 -0.00282609 -0.000243902 0.000230415 -0.00012285 -0.00175676 0.00360656 -0.00517241 -0.0037931 0.0048 -0.00128205 0.00342282 0.00083612 0.00213873 0.0042268 -0.000526316 -0.0025 -0.000952381 0.00111111 -0.00277778 -0.0044 -0.002 0.000212766 -0.0037037 -0.000510949 0.000679612 0.00643836 -0.00433333 -0.000422535 -0.0010989 -0.00219858 -0.000816327 -0.00307692 0.00173913 0.00709091 -0.0022807 0.00490196 0.0036 0.00130435 0.0047619 0.00268293 0.00434783 -0.00636364 0.00047619 -0.00534884 0.00866667
internal_weight=1355 286 1069 1044 748 656 534 92 492 434 407 296 122 58 58 100 273 149 299 173 97 76 56 126 72 108 75 40 47 54 137 103 73 60 213 182 141 98 52 46 55 57 102 75 46 42 41 46 55 42 43 45
internal_count=1355 286 1069 1044 748 656 534 92 492 434 407 296 122 58 58 100 273 149 299 173 97 76 56 126 72 108 75 40 47 54 137 103 73 60 213 182 141 98 52 46 55 57 102 75 46 42 41 46 55 42 43 45
is_linear=0
shrinkage=0.01


Tree=14
num_leaves=55
num_cat=0
split_feature=2 19 79 74 78 71 98 86 13 35 35 90 79 27 16 74 43 76 76 90 62 43 43 74 81 13 8 3 74 11 3 90 44 28 98 27 71 70 8 37 19 88 45 98 90 78 72 8 65 37 27 98 19 0
split_gain=9.86914 12.924 8.47752 10.0875 14.8329 11.5406 10.1313 10.0748 9.44003 9.36844 11.3669 8.73766 8.29756 8.12086 7.35676 10.0066 11.7064 13.8489 13.4275 9.40709 9.14602 9.17861 6.76521 6.69442 6.51173 6.22707 8.34397 6.03225 5.80113 5.78715 5.56383 5.51266 6.02674 5.57576 5.34545 5.2964 4.84322 5.11011 4.81667 4.63371 4.83741 4.45681 4.36987 4.24242 4.00346 4.00216 6.37502 3.96319 3.95304 3.44802 2.72113 2.71515 0.9 0.4
threshold=3657.3390000000004 2864.4000000000001 217.67514637832036 734.99673958333346 803.99386458333345 1.0000000180025095e-35 0.045138888888888895 1325.1000000000001 11026.400000000001 23.325000000000006 24.475000000000005 2216.4880500000004 515.1842739050669 88.750000000000014 5676.9000000000005 917.85969791666673 66.125000000000014 28662.427083333336 32283.462500000005 1235.5213500000002 1249.0500000000002 77.809997558593764 72.845001220703139 485.3996145833334 4006.1846082693583 8694.4000000000015 404.73980952380958 14135.600000000002 999.46021875000008 36712.200000000004 15119.444500000001 1434.1981500000004 2.4305000305175786 27.175000000000004 0.67708333333333348 83.750000000000014 965.16150000000005 941.33350000000007 404.73980952380958 98.750000000000014 1356.8500000000001 6012.1808333333329 24825.000000000004 0.13541666666666671 1608.0403500000004 1044.6937395833336 1325.9045000000003 413.21987179487184 27198.100000000002 96.750000000000014 106.75000000000001 0.15625000000000003 972.70000000000016 31642.050000000003
decision_type=2 2 2 2 2 2 2 2 2 2 2 2 2 2 2 2 2 2 2 2 2 2 2 2 2 2 2 2 2 2 2 2 2 2 2 2 2 2 2 2 2 2 2 2 2 2 2 2 2 2 2 2 2 2
left_child=1 2 7 4 5 6 49 27 9 52 28 -9 -3 22 20 -16 -17 -18 38 35 36 44 -7 50 -23 47 -27 34 -11 -29 -10 43 33 -33 -1 -20 37 51 -19 40 -2 -26 -28 -8 -22 -21 -47 -24 -6 -4 -15 -12 -5 -40
right_child=39 12 3 8 48 13 31 11 30 10 14 -13 -14 23 15 16 17 18 19 45 21 24 25 -25 41 26 42 29 -30 -31 -32 32 -34 -35 -36 -37 -38 -39 53 -41 -42 -43 -44 -45 -46 46 -48 -49 -50 -51 -52 -53 -54 -55
leaf_value=-0.58002723382541743 3.121594582334704 -4.6157806089219386 1.7801608628854819 3.0131204710815993 -2.2617925124431326 -0.029574806838337759 -2.9514055987837078 0.0085907283029763234 2.238813186872036 0.015997119631057776 -0.20677141104384322 -0.0025883498089580258 -0.55527346371591957 0.044868895260947568 1.6664131720272526 -0.10124195755923372 -0.038329928717753772 0.068498091993450139 -1.510035000024724 -0.012305288149893897 5.1725268696235025 0.016794234329354431 2.3320683482814828 -6.1636310684351621 -0.90257279397305601 -0.072323714781887885 2.5561655453763077 0.025842930027114935 -1.4298682155026665 -0.030961606917902094 0.004140552538730329 -0.023737598354788277 -2.6813611722270481 7.0324688673331979 -5.0366576286433071 0.0034030059217884192 -1.0655564877155204 0.031414369138062399 2.5504378049870047 0.00071806931323267146 0.039797928755106828 0.019192022522867353 0.024400547026994179 -7.7573491924519624 0.57241789579520419 1.9903163190140307 0.010401954878808198 0.11103596511037896 -0.82498109819665233 -0.010382427905985132 -0.77555394741420247 -3.7322144450858241 1.7957243830762586 2.9375016305333084
leaf_weight=20 22 21 22 20 21 36 22 35 34 23 22 20 20 23 38 34 26 24 21 21 22 36 31 21 27 23 23 26 39 25 20 24 22 22 24 20 30 26 20 25 21 23 20 20 20 25 31 20 34 30 20 20 20 20
leaf_count=20 22 21 22 20 21 36 22 35 34 23 22 20 20 23 38 34 26 24 21 21 22 36 31 21 27 23 23 26 39 25 20 24 22 22 24 20 30 26 20 25 21 23 20 20 20 25 31 20 34 30 20 20 20 20
internal_value=0.000110701 -8.54701e-05 9.63082e-05 0.00040146 -0.00078341 -7.91557e-05 -0.00209877 -0.00213333 0.00117825 0.000822368 0.000492958 0.00127273 -0.00560976 0.00142857 0.000988142 0.00207143 0.00132231 0.00221154 0.00318681 0.00118644 -0.000353982 0.00140625 0.00267974 -0.0015625 -0.000465116 0.00384615 0.00181818 -0.00410526 -0.00354839 -0.00176471 0.00518519 -0.00381818 -0.00205882 0 -0.00681818 -0.00268293 -0.00265306 -0.00117647 0.006875 0.00382353 0.00581395 -0.0028 0.0044186 -0.00666667 0.0052381 0.00324675 0.00464286 0.00647059 -0.00563636 0.00153846 0.000697674 -0.00333333 0.0055 0.009
internal_weight=1355 1287 1246 1096 434 379 162 150 662 608 568 55 41 217 506 280 242 208 182 118 226 128 153 64 86 117 66 95 62 51 54 110 68 46 44 41 98 68 64 68 43 50 43 42 42 77 56 51 55 52 43 42 40 40
internal_count=1355 1287 1246 1096 434 379 162 150 662 608 568 55 41 217 506 280 242 208 182 118 226 128 153 64 86 117 66 95 62 51 54 110 68 46 44 41 98 68 64 68 43 50 43 42 42 77 56 51 55 52 43 42 40 40
is_linear=0
shrinkage=0.01


Tree=15
num_leaves=51
num_cat=0
split_feature=6 28 28 20 44 6 34 68 29 23 20 34 2 33 20 14 10 14 62 76 28 77 14 21 39 36 34 87 90 23 14 6 17 25 74 96 26 76 14 26 37 10 76 87 37 14 36 29 87 29
split_gain=15.3926 12.9463 13.4354 18.0563 14.3402 11.0794 8.94416 8.56794 7.55378 10.1294 7.42769 9.84337 11.7391 11.6751 9.95444 7.4111 9.76261 7.40188 9.1197 7.32042 8.20957 7.01375 6.89851 6.87831 6.76138 6.66862 6.63192 6.61461 6.51362 6.50159 6.30403 10.502 8.60828 8.30787 6.07747 6.01603 5.84841 5.78571 5.55999 5.34534 5.30526 5.8529 5.28357 7.80201 4.97796 4.6892 3.91837 3.6 3.6 2.22017
threshold=2961.8300000000004 30.475000000000005 24.225000000000005 2046.3500000000001 5.0734999179840097 3717.3850000000007 62.250000000000007 1508.2500000000002 90.750000000000014 67.250000000000014 1113.2500000000002 71.750000000000014 2640.7000000000003 203.75000000000003 719.75000000000011 10199.250000000002 32953.850000000013 11843.700000000003 1439.6000000000001 36037.428125000006 25.375000000000004 3936.3282659778702 17952.450000000004 26.175000000000004 124.25000000000001 81.750000000000014 105.75000000000001 0.61458333333333337 1310.0251500000004 97.750000000000014 20195.400000000005 8548.0500000000011 179.60000000000005 183.75000000000003 1251.3440625000003 1.0000000180025095e-35 67.750000000000014 33755.575000000004 17817.500000000004 15.250000000000002 62.250000000000007 33001.350000000013 32145.914583333335 0.093750000000000014 96.250000000000014 14269.100000000002 89.750000000000014 83.750000000000014 0.15625000000000003 89.250000000000014
decision_type=2 2 2 2 2 2 2 2 2 2 2 2 2 2 2 2 2 2 2 2 2 2 2 2 2 2 2 2 2 2 2 2 2 2 2 2 2 2 2 2 2 2 2 2 2 2 2 2 2 2
left_child=15 2 3 4 6 25 8 29 9 -2 11 13 35 14 23 16 -1 39 37 20 48 -11 36 -7 -9 -4 44 -24 -26 -5 31 32 33 42 -34 40 -3 -19 -22 -17 -13 -42 -14 -44 -21 -10 -32 -40 -12 -8
right_child=1 22 5 7 -6 10 49 24 45 21 19 12 30 -15 -16 17 -18 18 -20 26 38 -23 27 -25 28 -27 -28 -29 -30 -31 46 -33 34 -35 -36 -37 -38 -39 47 -41 41 -43 43 -45 -46 -47 -48 -49 -50 -51
leaf_value=0.055839871915685145 2.1282664634755166 0.020971088934441884 -0.0089097547911039052 4.1057718815317106 -0.093261432918745599 0.0025207395508761309 1.0025963552887107 -2.1554850056432691 0.086830665907953866 0.063869587350823695 -0.11154839639328018 -0.99306616675739645 1.1519787938011552 3.5909605252803907 -0.89496153744565943 -2.8165196988520198 -0.020504882203610308 -1.8790163967683067 -1.8581615465160599 0.034313234868052322 -1.7642388331942074 -0.29351492642818511 -1.4611716013934575 5.4661200346444687 -1.6562655473139762 -4.8375538793839237 0.06439130520008679 5.7368585264143439 0.036810987901544502 -0.053856978704245634 0.05255423962947308 -0.095274913005065798 3.6954639999099141 -0.3484834214437536 0.0024856454776969435 -8.0226622516392272 4.0708277729349396 0.711463575597027 -3.4778105555280003 -0.022853314707080328 -1.1081352817552717 0.34661882775871677 0.021979948778325847 -3.7573676426550491 -0.6413440341677149 3.2610163916639934 1.9704131558238904 0.0024663577093650014 0.015032671068298434 3.3351141774808433
leaf_weight=20 31 21 23 20 26 26 23 23 23 37 20 20 33 27 35 32 38 28 29 28 37 38 26 28 25 28 23 21 23 36 28 36 23 21 22 39 29 28 20 27 31 25 26 20 29 38 21 20 20 24
leaf_count=20 31 21 23 20 26 26 23 23 23 37 20 20 33 27 35 32 38 28 29 28 37 38 26 28 25 28 23 21 23 36 28 36 23 21 22 39 29 28 20 27 31 25 26 20 29 38 21 20 20 24
internal_value=-0.000123636 0.000315431 0 0.00155313 0.00316667 -0.000803949 0.00401869 -0.00149606 0.00293413 0.00132075 -0.000455927 0.000238612 -0.000608696 0.00275862 0.00101124 -0.00267327 0.000344828 -0.00388889 -0.002 -0.00208122 -0.00367521 -0.000666667 0.00381443 0.0037037 -0.00380282 -0.00529412 0.00025 0.00106383 -0.00166667 0.00142857 0.000695652 -0.000165746 0.00103448 -0.0006 0.00466667 -0.00321739 0.0064 0.000357143 -0.00558442 -0.00661017 -0.00157895 0 0.000886076 -0.00130435 -0.00157895 0.0057377 0.00387755 -0.003 0 0.00787234
internal_weight=1375 1173 1076 367 240 709 214 127 167 106 658 461 345 116 89 202 58 144 85 197 117 75 97 54 71 51 80 47 48 56 230 181 145 100 45 115 50 56 77 59 76 56 79 46 57 61 49 40 40 47
internal_count=1375 1173 1076 367 240 709 214 127 167 106 658 461 345 116 89 202 58 144 85 197 117 75 97 54 71 51 80 47 48 56 230 181 145 100 45 115 50 56 77 59 76 56 79 46 57 61 49 40 40 47
is_linear=0
shrinkage=0.01


Tree=16
num_leaves=54
num_cat=0
split_feature=60 98 19 25 11 22 19 75 66 80 97 98 29 75 75 79 46 8 46 39 91 85 77 70 63 1 97 46 10 76 22 42 29 80 81 43 63 11 13 22 46 11 31 31 40 31 13 23 66 66 11 31 17
split_gain=8.75887 17.2661 14.095 11.3684 10.9165 10.1359 9.4271 8.79119 11.1438 8.31515 8.09601 8.33638 7.47682 7.82286 9.72 7.52083 7.46012 8.23064 12.8478 9.3285 9.80846 8.59131 8.31069 6.75032 6.71466 6.51362 6.32905 7.5 6.262 5.36025 5.03896 11.2003 6.81818 8.83636 6.79529 5.76471 5.02665 4.69221 4.53861 5.34742 6.4717 4.02588 4.00791 3.99234 4.24242 3.69331 3.64301 3.63114 3.35574 2.5 2.5 2.19481 1.718
threshold=1282.5740000000003 0.33680555555555564 2546.9500000000003 21.750000000000004 38420.700000000004 95.250000000000014 737.55000000000007 613.19033560353489 1417.6400000000001 34097.063888888901 0.19791666666666671 0.28819444444444448 83.250000000000014 73.459337076169163 323.22692613099076 536.45115836735056 105.94499969482423 412.14865384615388 100.53499984741212 234.25000000000003 21614.774725000007 1348.3500000000001 4500.7898157946938 884.7315000000001 30767.150000000005 13554.500000000002 0.71875000000000011 102.5550003051758 33266.450000000004 30120.979166666668 88.250000000000014 104.75000000000001 85.750000000000014 29426.132291666672 3623.1316547471383 69.604999542236342 31799.000000000004 37932.850000000006 13113.6 90.750000000000014 104.11500167846681 36123.350000000006 6.2250000000000005 8.1750000000000025 137.75000000000003 10.525000000000002 2864.2000000000003 99.750000000000014 1041.9500000000003 1425.8500000000001 41547.80000000001 8.5250000000000021 163.15000000000003
decision_type=2 2 2 2 2 2 2 2 2 2 2 2 2 2 2 2 2 2 2 2 2 2 2 2 2 2 2 2 2 2 2 2 2 2 2 2 2 2 2 2 2 2 2 2 2 2 2 2 2 2 2 2 2
left_child=7 3 4 -2 5 6 24 8 16 25 43 42 13 -8 -15 45 17 19 -19 20 -1 -20 30 -18 29 -10 27 -6 -13 -3 34 41 33 -33 -22 -36 37 48 39 40 -23 -32 -12 44 -9 47 -31 -14 -5 -38 -29 -50 -28
right_child=1 2 -4 36 26 -7 12 10 9 -11 11 28 15 14 -16 -17 23 18 21 -21 22 38 -24 -25 -26 -27 52 50 -30 46 31 32 -34 -35 35 -37 49 -39 -40 -41 -42 -43 -44 -45 -46 -47 -48 -49 51 -51 -52 -53 -54
leaf_value=2.9778611669577253 -0.62487634137278991 -0.027194340866532923 -2.1339301555868362 0.11311826836994243 -2.3058658903570382 1.4373436855812427 0.014498760601267592 -2.7824103392216979 -0.42216410204389249 -1.9202902315425336 4.0349816987440876 -0.01146625132581384 -0.52367682056076126 -0.31231868274208957 0.097925603744737619 -0.0048756586160192666 -5.0274919077018847 2.2080209122020067 -0.039655278407385967 2.3175813900799507 -0.0067365043276126184 -0.079944730716749651 0.52241182349463833 0.85318932542484549 -0.024256036132197949 0.017181590182802513 0.045447508598700559 0.034426509671187856 -3.3854686919815622 0.01822561818834028 -0.072141672613242225 -0.027036027931201009 0.011022311698110791 -4.4158354465824896 -2.8640264810307769 -0.13773975921927942 -0.090325135917875096 4.5487031036844803 -0.12113691918578534 3.7220042220667677 2.9811743929505168 0.19970288735021022 -0.011770242374664872 -6.1432975219060708 0.12414232338276288 -1.7837684211273046 0.99153420487548771 -0.039780254312237515 3.1349260927499336 1.4841346127581858 2.5782406856608735 0.85173881447574018 0.012854818863332059
leaf_weight=22 23 26 31 29 20 23 20 22 25 22 24 29 20 30 20 32 29 28 35 31 32 25 26 20 25 23 21 20 27 27 29 20 22 24 36 32 20 27 25 32 28 31 22 31 20 21 35 23 28 20 20 22 20
leaf_count=22 23 26 31 29 20 23 20 22 25 22 24 29 20 30 20 32 29 28 35 31 32 25 26 20 25 23 21 20 27 27 29 20 22 24 36 32 20 27 25 32 28 31 22 31 20 21 35 23 28 20 20 22 20
internal_value=-0.000123636 0.000779436 -0.000276498 0.00349112 0.000223325 -0.000728477 -0.00125448 -0.000829016 -0.000251256 -0.004 -0.0028 -0.000980392 -0.00277108 -0.000285714 -0.0024 -0.00458333 0.000246679 0.000627615 0.00236994 -0.000360656 -0.000948905 0.00117241 -0.00150794 -0.00346939 0.000973451 -0.00166667 0.00306931 0.001 -0.00357143 0.00227273 -0.00212389 -0.000793651 -0.00363636 -0.00590909 -0.0038 -0.00558824 0.00452055 0.00566038 0.00254545 0.00364706 0.00169811 0.00233333 0.00217391 -0.00534247 -0.00333333 -0.0065625 0.00387097 -0.00488372 0.00443038 0.0015 0.0035 0.006 0.00609756
internal_weight=1375 603 434 169 403 302 279 772 597 70 175 102 166 70 50 96 527 478 173 305 274 145 252 49 113 48 101 60 56 88 226 126 66 44 100 68 146 106 110 85 53 60 46 73 42 64 62 43 79 40 40 50 41
internal_count=1375 603 434 169 403 302 279 772 597 70 175 102 166 70 50 96 527 478 173 305 274 145 252 49 113 48 101 60 56 88 226 126 66 44 100 68 146 106 110 85 53 60 46 73 42 64 62 43 79 40 40 50 41
is_linear=0
shrinkage=0.01


end of trees

feature_importances:
disp_wind_midday_mw=27
disp_solar_midday_mw=25
smp_south_lag_336=21
disp_hydro_midday_mw=19
disp_wind_evening_mw=19
hydro_water_level_m=17
wind_speed_hanoi=17
brent_price=17
load_rolling_std_24h=17
cloud_cover_hanoi=16
humidity_hcmc=16
dxy_index=16
smp_rolling_mean_72h=16
hydro_inflow_m3s=15
shortwave_radiation_danang=15
load_rolling_std_72h=15
hydro_discharge_rolling_24h=15
load_south_mw=14
disp_total_evening_mw=14
diffuse_radiation_hanoi=14
temperature_danang=14
smp_rolling_std_24h=14
hydro_total_discharge_m3s=13
gas_proxy_price=13
hydro_spill_discharge_m3s=12
wind_speed_danang=12
wind_speed_hcmc=12
load_rolling_mean_24h=12
load_ramp_lag48=12
spike_prob_72h=12
hydro_plant_discharge_m3s=11
disp_hydro_evening_mw=11
disp_solar_evening_mw=11
load_lag_48=11
smp_lag_49=11
smp_lag_50=11
smp_lag_96=11
load_rolling_mean_72h=11
disp_total_midday_mw=10
direct_radiation_hanoi=10
humidity_danang=10
diffuse_radiation_danang=10
shortwave_radiation_hcmc=10
smp_lag_336=10
load_lag_336=10
smp_north_lag_336=10
smp_rolling_std_72h=10
temperature_hanoi=9
humidity_hanoi=9
direct_radiation_hcmc=9
wind_gen_proxy=9
hydro_depletion_index=9
zero_prob_72h=9
load_total_mw=8
shortwave_radiation_hanoi=8
cloud_cover_danang=8
direct_radiation_danang=8
temperature_hcmc=8
diffuse_radiation_hcmc=8
residual_load_proxy=8
load_north_mw=7
load_central_mw=7
cloud_cover_hcmc=7
load_lag_49=7
smp_south_lag_48=7
smp_rolling_mean_24h=7
smp_yesterday_zero_ratio=7
solar_gen_proxy=7
spike_prob_24h=7
coal_proxy_price=6
smp_north_lag_48=6
price_spread_ns_lag48=6
smp_yesterday_mean=6
thermal_margin_proxy=6
margin_temp_interaction=6
load_lag_96=5
usd_vnd=4
sin_month=4
sin_dow=2
smp_lag_48=2
load_lag_50=2
smp_yesterday_min=2
is_zero=2
zero_prob_24h=2
smp_yesterday_max=1

parameters:
[boosting: gbdt]
[objective: regression_l1]
[metric: l1]
[tree_learner: serial]
[device_type: cpu]
[data_sample_strategy: bagging]
[data: ]
[valid: ]
[num_iterations: 3000]
[learning_rate: 0.01]
[num_leaves: 127]
[num_threads: -1]
[seed: 42]
[deterministic: 0]
[force_col_wise: 0]
[force_row_wise: 0]
[histogram_pool_size: -1]
[max_depth: -1]
[min_data_in_leaf: 20]
[min_sum_hessian_in_leaf: 0.001]
[bagging_fraction: 0.8]
[pos_bagging_fraction: 1]
[neg_bagging_fraction: 1]
[bagging_freq: 5]
[bagging_seed: 400]
[bagging_by_query: 0]
[feature_fraction: 0.5]
[feature_fraction_bynode: 1]
[feature_fraction_seed: 30056]
[extra_trees: 0]
[extra_seed: 12879]
[early_stopping_round: 0]
[early_stopping_min_delta: 0]
[first_metric_only: 0]
[max_delta_step: 0]
[lambda_l1: 0]
[lambda_l2: 0]
[linear_lambda: 0]
[min_gain_to_split: 0]
[drop_rate: 0.1]
[max_drop: 50]
[skip_drop: 0.5]
[xgboost_dart_mode: 0]
[uniform_drop: 0]
[drop_seed: 17869]
[top_rate: 0.2]
[other_rate: 0.1]
[min_data_per_group: 100]
[max_cat_threshold: 32]
[cat_l2: 10]
[cat_smooth: 10]
[max_cat_to_onehot: 4]
[top_k: 20]
[monotone_constraints: ]
[monotone_constraints_method: basic]
[monotone_penalty: 0]
[feature_contri: ]
[forcedsplits_filename: ]
[refit_decay_rate: 0.9]
[cegb_tradeoff: 1]
[cegb_penalty_split: 0]
[cegb_penalty_feature_lazy: ]
[cegb_penalty_feature_coupled: ]
[path_smooth: 0]
[interaction_constraints: ]
[verbosity: -1]
[saved_feature_importance_type: 0]
[use_quantized_grad: 0]
[num_grad_quant_bins: 4]
[quant_train_renew_leaf: 0]
[stochastic_rounding: 1]
[linear_tree: 0]
[max_bin: 255]
[max_bin_by_feature: ]
[min_data_in_bin: 3]
[bin_construct_sample_cnt: 200000]
[data_random_seed: 175]
[is_enable_sparse: 1]
[enable_bundle: 1]
[use_missing: 1]
[zero_as_missing: 0]
[feature_pre_filter: 1]
[pre_partition: 0]
[two_round: 0]
[header: 0]
[label_column: ]
[weight_column: ]
[group_column: ]
[ignore_column: ]
[categorical_feature: ]
[forcedbins_filename: ]
[precise_float_parser: 0]
[parser_config_file: ]
[objective_seed: 16083]
[num_class: 1]
[is_unbalance: 0]
[scale_pos_weight: 1]
[sigmoid: 1]
[boost_from_average: 1]
[reg_sqrt: 0]
[alpha: 0.9]
[fair_c: 1]
[poisson_max_delta_step: 0.7]
[tweedie_variance_power: 1.5]
[lambdarank_truncation_level: 30]
[lambdarank_norm: 1]
[label_gain: ]
[lambdarank_position_bias_regularization: 0]
[eval_at: ]
[multi_error_top_k: 1]
[auc_mu_weights: ]
[num_machines: 1]
[local_listen_port: 12400]
[time_out: 120]
[machine_list_filename: ]
[machines: ]
[gpu_platform_id: -1]
[gpu_device_id: -1]
[gpu_use_dp: 0]
[num_gpu: 1]

end of parameters

pandas_categorical:null
